9 0.22890625 0.06484375 0.15546875 0.04453125
12 0.2828125 0.01171875 0.2625 0.02109375
8 0.52265625 0.065625 0.3265625 0.0265625
12 0.4828125 0.04296875 0.2546875 0.015625
12 0.5 0.1125 0.69453125 0.028125
12 0.196875 0.1796875 0.078125 0.04453125
12 0.284375 0.1796875 0.07109375 0.04453125
12 0.3765625 0.1796875 0.0890625 0.0453125
12 0.4703125 0.1796875 0.078125 0.04453125
12 0.565625 0.18046875 0.08671875 0.04375
12 0.6640625 0.18046875 0.08828125 0.04296875
12 0.75234375 0.18125 0.0765625 0.04296875
12 0.47265625 0.221875 0.6390625 0.01953125