2 0.715625 0.0234375 0.015625 0.028125
2 0.73671875 0.0234375 0.015625 0.028125
2 0.7578125 0.0234375 0.015625 0.028125
2 0.825 0.02421875 0.0109375 0.01875
6 0.8015625 0.025 0.0625 0.0296875
2 0.17265625 0.025 0.0171875 0.03046875
2 0.609375 0.49296875 0.009375 0.0171875
2 0.5 0.54609375 0.096875 0.04609375
2 0.49921875 0.928125 0.175 0.14375
2 0.6921875 0.928125 0.175 0.14375
2 0.30625 0.92890625 0.175 0.1421875
2 0.20703125 0.10703125 0.08046875 0.06015625
2 0.475 0.109375 0.04609375 0.040625
2 0.7625 0.109375 0.14296875 0.04296875
2 0.55703125 0.109375 0.1015625 0.04140625
2 0.6484375 0.109375 0.065625 0.04140625
2 0.4265625 0.1109375 0.0359375 0.04375