20 0.54609375 0.053125 0.040625 0.0421875
20 0.54609375 0.159375 0.0375 0.03515625
20 0.546875 0.265625 0.0390625 0.0265625
20 0.5453125 0.3703125 0.0375 0.0296875
20 0.68984375 0.06796875 0.0375 0.03359375
20 0.80703125 0.04296875 0.03984375 0.03828125
20 0.81640625 0.14609375 0.0390625 0.03359375
20 0.68828125 0.171875 0.03984375 0.03359375
20 0.6890625 0.27890625 0.03828125 0.03203125
20 0.68828125 0.3859375 0.03828125 0.03359375
20 0.8265625 0.25078125 0.03984375 0.03203125
20 0.83828125 0.3546875 0.03828125 0.03515625