20 0.44765625 0.35546875 0.03359375 0.0390625
20 0.4890625 0.35390625 0.03359375 0.03984375
20 0.4484375 0.41484375 0.03203125 0.03984375
20 0.48984375 0.4140625 0.03359375 0.04140625
20 0.446875 0.4765625 0.03359375 0.03515625
20 0.48984375 0.475 0.034375 0.03984375
20 0.4484375 0.534375 0.03515625 0.03984375
20 0.48984375 0.53515625 0.0375 0.0390625
20 0.44765625 0.596875 0.0375 0.034375
20 0.4890625 0.596875 0.03203125 0.034375
20 0.44765625 0.659375 0.03515625 0.0328125
20 0.49140625 0.65859375 0.03359375 0.02890625
3 0.4890625 0.71875 0.01796875 0.0375