3 0.40546875 0.53515625 0.021875 0.046875
3 0.4359375 0.5328125 0.02578125 0.04765625
3 0.40546875 0.58515625 0.0265625 0.04453125
3 0.43671875 0.584375 0.0265625 0.04609375
3 0.40625 0.378125 0.02265625 0.04609375
3 0.4359375 0.37890625 0.0234375 0.04453125
14 0.5125 0.32578125 0.021875 0.04609375
14 0.55 0.32421875 0.0234375 0.04296875
14 0.51328125 0.37734375 0.02421875 0.04140625
14 0.55078125 0.37734375 0.021875 0.04296875
20 0.5140625 0.47421875 0.02578125 0.02890625
20 0.5140625 0.43046875 0.0265625 0.0328125
20 0.55 0.4296875 0.0296875 0.03125
20 0.4765625 0.4296875 0.028125 0.034375
20 0.47578125 0.47578125 0.02734375 0.034375
20 0.55 0.47265625 0.02734375 0.03125
3 0.3921875 0.68125 0.01484375 0.03046875