3 0.38671875 0.35625 0.01484375 0.0328125
3 0.48125 0.35703125 0.0140625 0.03125
3 0.48046875 0.39765625 0.01484375 0.0328125
14 0.3875 0.05 0.0140625 0.02890625
14 0.48203125 0.05 0.0140625 0.0296875
14 0.48125 0.08828125 0.015625 0.02890625
3 0.48125 0.62890625 0.0125 0.0296875
14 0.3875 0.625 0.0140625 0.03125
14 0.48046875 0.853125 0.01328125 0.03125
3 0.40625 0.23125 0.02109375 0.04296875
3 0.40703125 0.49765625 0.0234375 0.04453125
3 0.5 0.49765625 0.021875 0.04375
3 0.5953125 0.49609375 0.021875 0.04609375
3 0.40625 0.72265625 0.02109375 0.04453125
3 0.4078125 0.95234375 0.0203125 0.046875