6 0.26484375 0.33671875 0.00703125 0.0125
6 0.26484375 0.36875 0.00703125 0.0125
6 0.26484375 0.40078125 0.00703125 0.0125
2 0.30859375 0.52421875 0.08359375 0.0546875
6 0.68046875 0.00546875 0.1234375 0.0109375
2 0.30859375 0.57421875 0.08359375 0.03671875
6 0.68984375 0.62890625 0.09453125 0.01796875
2 0.309375 0.66328125 0.109375 0.05390625
6 0.68984375 0.6734375 0.09453125 0.01796875
6 0.68984375 0.71875 0.09453125 0.01796875
6 0.68984375 0.7640625 0.09453125 0.01796875
6 0.690625 0.82265625 0.09296875 0.04609375
2 0.659375 0.865625 0.03125 0.021875