20 0.17578125 0.390625 0.0234375 0.0265625
20 0.17421875 0.42578125 0.0234375 0.0203125
20 0.14453125 0.2375 0.0234375 0.0234375
20 0.1421875 0.2703125 0.0203125 0.01953125
20 0.14140625 0.30078125 0.0140625 0.01640625
20 0.175 0.2375 0.025 0.0234375
20 0.17265625 0.27109375 0.02109375 0.01953125
20 0.17109375 0.3015625 0.01796875 0.01796875
20 0.1453125 0.390625 0.02421875 0.0203125
20 0.14609375 0.4265625 0.02265625 0.02421875
20 0.1734375 0.51640625 0.025 0.0234375
20 0.14453125 0.5171875 0.025 0.021875
20 0.17421875 0.60546875 0.0234375 0.021875
20 0.14453125 0.6046875 0.02578125 0.028125