14 0.28984375 0.20078125 0.02890625 0.05
14 0.38984375 0.20078125 0.028125 0.05234375
14 0.48984375 0.20078125 0.028125 0.0546875
14 0.590625 0.20234375 0.02890625 0.05
14 0.68984375 0.2015625 0.028125 0.0515625
14 0.28984375 0.415625 0.02890625 0.05390625
14 0.3890625 0.41171875 0.028125 0.05234375
14 0.490625 0.41171875 0.0296875 0.05390625
14 0.59140625 0.4109375 0.03046875 0.05
14 0.68984375 0.41484375 0.02734375 0.05
20 0.29609375 0.784375 0.05 0.05390625
20 0.3875 0.7828125 0.04375 0.05859375
20 0.47734375 0.78203125 0.04375 0.0578125
20 0.57890625 0.7859375 0.04765625 0.0546875
20 0.67578125 0.78359375 0.04375 0.0625
20 0.98125 0.5 0.01640625 0.0203125