20 0.39609375 0.29140625 0.07890625 0.0921875
20 0.50234375 0.29296875 0.07890625 0.0921875
20 0.50078125 0.18984375 0.07890625 0.0921875
20 0.39453125 0.18671875 0.07890625 0.0921875
20 0.64609375 0.334375 0.02890625 0.03359375
20 0.64296875 0.11171875 0.02890625 0.03359375
20 0.59140625 0.10703125 0.03671875 0.04921875
20 0.59140625 0.159375 0.03515625 0.04453125
20 0.65625 0.23984375 0.0234375 0.02890625
20 0.65625 0.2078125 0.0234375 0.02890625
20 0.63125 0.20625 0.0234375 0.02890625
20 0.58046875 0.42578125 0.02265625 0.02890625
20 0.60234375 0.42421875 0.02109375 0.03203125
20 0.6015625 0.390625 0.02109375 0.02890625
20 0.5796875 0.3890625 0.02109375 0.02890625
20 0.6421875 0.8375 0.03984375 0.04453125
20 0.6421875 0.78515625 0.03984375 0.04453125
20 0.6046875 0.78828125 0.03984375 0.04453125
20 0.36875 0.78046875 0.0453125 0.05078125
20 0.36953125 0.84453125 0.04765625 0.04609375
20 0.44296875 0.7828125 0.04375 0.04921875
20 0.4421875 0.84609375 0.04296875 0.04296875
20 0.5234375 0.959375 0.0515625 0.04921875
20 0.603125 0.9625 0.03828125 0.04609375
20 0.6453125 0.959375 0.0375 0.04921875