3 0.3953125 0.16953125 0.015625 0.0328125
20 0.3765625 0.1671875 0.01875 0.02890625
3 0.4765625 0.1671875 0.01640625 0.03359375
3 0.53359375 0.1671875 0.01484375 0.02890625
20 0.42734375 0.4109375 0.04453125 0.04453125
20 0.475 0.4125 0.04453125 0.04453125
20 0.47578125 0.3640625 0.04453125 0.04453125
20 0.5234375 0.3640625 0.04453125 0.04453125
20 0.57109375 0.3640625 0.04453125 0.04453125
20 0.52421875 0.41015625 0.04453125 0.04453125
20 0.57109375 0.4109375 0.04453125 0.04453125
20 0.4265625 0.36328125 0.04453125 0.04453125
14 0.3828125 0.46796875 0.021875 0.03515625
14 0.38125 0.40859375 0.01953125 0.03671875
14 0.38125 0.36171875 0.021875 0.0390625