2 0.9203125 0.196875 0.0296875 0.0421875
2 0.8890625 0.02578125 0.03203125 0.02890625
2 0.921875 0.02578125 0.03359375 0.028125
2 0.9546875 0.0265625 0.03125 0.03046875
2 0.66484375 0.29453125 0.02109375 0.02890625
2 0.63359375 0.2953125 0.0203125 0.02890625
6 0.496875 0.2953125 0.3828125 0.04921875
2 0.11953125 0.03359375 0.1765625 0.04140625
2 0.96796875 0.36015625 0.0046875 0.440625
2 0.29609375 0.0375 0.171875 0.03359375
2 0.19765625 0.03828125 0.0125 0.01875
2 0.39375 0.03828125 0.02109375 0.03125
2 0.37109375 0.03828125 0.0109375 0.01640625
6 0.45078125 0.0765625 0.63203125 0.03125
2 0.15078125 0.078125 0.01796875 0.02421875
2 0.0828125 0.078125 0.02109375 0.0296875
2 0.86875 0.078125 0.1265625 0.034375
2 0.11328125 0.07890625 0.021875 0.03046875
2 0.78671875 0.07890625 0.02109375 0.028125
2 0.9515625 0.07890625 0.02734375 0.03125
2 0.05 0.07890625 0.0203125 0.02890625
2 0.75234375 0.0796875 0.01796875 0.02421875
2 0.27890625 0.834375 0.07734375 0.09921875
2 0.453125 0.83515625 0.07890625 0.096875
2 0.540625 0.83515625 0.078125 0.09609375
2 0.71484375 0.83515625 0.078125 0.096875
2 0.36640625 0.83515625 0.078125 0.096875
2 0.62734375 0.83515625 0.07734375 0.09765625
2 0.19140625 0.8359375 0.07734375 0.09765625
2 0.80234375 0.8359375 0.07734375 0.096875
2 0.496875 0.97734375 0.196875 0.03671875
2 0.8546875 0.11640625 0.02265625 0.028125
2 0.91875 0.1171875 0.0984375 0.03359375
2 0.075 0.1171875 0.0875 0.0359375