2 0.125 0.04296875 0.18984375 0.021875
2 0.0734375 0.1203125 0.08671875 0.0578125
2 0.15859375 0.1203125 0.0796875 0.0578125
2 0.23046875 0.1203125 0.06015625 0.0578125
2 0.303125 0.1203125 0.0796875 0.0578125
2 0.38125 0.1203125 0.07421875 0.0578125
2 0.4515625 0.1203125 0.0625 0.0578125
2 0.521875 0.1203125 0.071875 0.0578125
2 0.58671875 0.1203125 0.053125 0.0578125
2 0.5 0.2515625 1 0.2015625
2 0.83046875 0.9046875 0.13203125 0.03359375
2 0.93984375 0.9046875 0.06015625 0.03359375
2 0.5 0.97265625 0.93984375 0.053125