2 0.20078125 0.1578125 0.0453125 0.0359375
2 0.88828125 0.1609375 0.015625 0.02421875
2 0.9109375 0.16171875 0.01484375 0.02734375
2 0.51484375 0.22109375 0.01640625 0.03203125
2 0.534375 0.221875 0.015625 0.03125
2 0.646875 0.31171875 0.17734375 0.23359375
2 0.36484375 0.41796875 0.36953125 0.4453125
2 0.83203125 0.43359375 0.1796875 0.47734375
2 0.646875 0.5578125 0.17734375 0.23125
6 0.77734375 0.790625 0.171875 0.04140625
2 0.89296875 0.790625 0.05703125 0.040625
2 0.5484375 0.8203125 0.240625 0.1
2 0.29921875 0.88359375 0.24140625 0.23203125
2 0.80625 0.9140625 0.23359375 0.0421875
2 0.55078125 0.94296875 0.24453125 0.103125
2 0.80546875 0.959375 0.234375 0.04375