2 0.8671875 0.2171875 0.059375 0.0546875
2 0.3203125 0.2171875 0.05390625 0.0546875
2 0.3765625 0.2171875 0.05546875 0.0546875
2 0.43046875 0.2171875 0.04765625 0.0546875
2 0.490625 0.2171875 0.0671875 0.0546875
2 0.5859375 0.2171875 0.11875 0.0546875
2 0.68125 0.2171875 0.06484375 0.0546875
2 0.775 0.2171875 0.11875 0.0546875
2 0.2078125 0.2203125 0.04140625 0.0546875
2 0.259375 0.2203125 0.06015625 0.053125
6 0.759375 0.28515625 0.15859375 0.02265625
2 0.8640625 0.2953125 0.05078125 0.0390625
2 0.3140625 0.32578125 0.05703125 0.1015625
2 0.5453125 0.32578125 0.05390625 0.096875
2 0.3140625 0.43828125 0.06328125 0.07421875
2 0.5453125 0.43828125 0.06328125 0.07421875
2 0.3140625 0.53515625 0.05078125 0.0671875
2 0.5453125 0.53515625 0.03828125 0.06875
2 0.3140625 0.6453125 0.03203125 0.10390625
2 0.5453125 0.64609375 0.04453125 0.05078125
2 0.5484375 0.096875 0.68671875 0.178125