2 0.521875 0.15546875 0.09375 0.0734375
2 0.41640625 0.2375 0.0390625 0.02421875
2 0.475 0.2375 0.06953125 0.02421875
2 0.54375 0.2375 0.0625 0.02421875
2 0.61484375 0.2375 0.07109375 0.02421875
2 0.290625 0.2421875 0.0265625 0.015625
2 0.31640625 0.24296875 0.0125 0.02265625
2 0.31171875 0.034375 0.06875 0.0390625
6 0.3765625 0.38046875 0.1984375 0.04140625
2 0.71953125 0.4421875 0.00546875 0.0125
2 0.7203125 0.46484375 0.00625 0.034375
2 0.31171875 0.47265625 0.01875 0.03359375
2 0.30703125 0.5296875 0.028125 0.03671875
2 0.634375 0.53359375 0.025 0.025
6 0.34609375 0.58125 0.1171875 0.03125
2 0.5140625 0.60078125 0.18984375 0.3375
2 0.5140625 0.60078125 0.18984375 0.3375
2 0.51484375 0.6015625 0.028125 0.04765625
2 0.39453125 0.61484375 0.01875 0.02890625
6 0.33671875 0.615625 0.09765625 0.03125
2 0.634375 0.634375 0.025 0.01953125
2 0.3953125 0.65078125 0.0203125 0.0296875
6 0.3359375 0.65078125 0.09765625 0.03125
2 0.52109375 0.06796875 0.025 0.04765625
2 0.634375 0.6796875 0.025 0.02421875
2 0.31171875 0.69921875 0.01875 0.03359375
2 0.634375 0.72265625 0.025 0.01953125
2 0.3078125 0.74296875 0.00859375 0.015625
2 0.634375 0.7671875 0.025 0.0265625
2 0.3078125 0.77109375 0.00859375 0.015625
2 0.3078125 0.79921875 0.00859375 0.015625
2 0.634375 0.81328125 0.025 0.02421875
2 0.7203125 0.828125 0.00625 0.0109375