2 0.553125 0.25703125 0.3125 0.140625
2 0.66875 0.515625 0.09296875 0.12265625
6 0.646875 0.06015625 0.10703125 0.015625
2 0.7140625 0.06015625 0.02421875 0.015625
2 0.66796875 0.8328125 0.09921875 0.225
2 0.28671875 0.12265625 0.0421875 0.025
2 0.32265625 0.12265625 0.0296875 0.025
2 0.3578125 0.12265625 0.040625 0.025
2 0.403125 0.12265625 0.04921875 0.025
2 0.453125 0.12265625 0.0515625 0.025
2 0.496875 0.12265625 0.0359375 0.025
2 0.540625 0.12265625 0.05078125 0.025
2 0.590625 0.12265625 0.05078125 0.025
2 0.63828125 0.12265625 0.04375 0.025
2 0.67890625 0.12265625 0.03828125 0.025