2 0.68671875 0.14140625 0.06328125 0.09453125
2 0.79296875 0.1421875 0.059375 0.09453125
2 0.5953125 0.1421875 0.0453125 0.09453125
2 0.740625 0.1421875 0.0421875 0.09453125
2 0.63671875 0.14296875 0.03359375 0.090625
6 0.2796875 0.33515625 0.15703125 0.04765625
2 0.3453125 0.3375 0.00859375 0.015625
2 0.7359375 0.50390625 0.15703125 0.18828125
2 0.33828125 0.5390625 0.01328125 0.028125
2 0.21875 0.540625 0.01796875 0.034375
2 0.28046875 0.5875 0.15859375 0.16015625
2 0.28046875 0.5890625 0.03359375 0.0453125
2 0.2140625 0.64921875 0.01015625 0.01796875
2 0.328125 0.64921875 0.01015625 0.01796875
2 0.34453125 0.64921875 0.01015625 0.01796875