2 0.81953125 0.20546875 0.04765625 0.0828125
2 0.153125 0.20625 0.046875 0.08515625
2 0.48671875 0.2078125 0.04765625 0.084375
2 0.2734375 0.0234375 0.08828125 0.04609375
2 0.3859375 0.0234375 0.1234375 0.04609375
2 0.61796875 0.32265625 0.0296875 0.053125
6 0.459375 0.32421875 0.22578125 0.04609375
2 0.5 0.53671875 0.20859375 0.18671875
2 0.27421875 0.5375 0.21015625 0.18984375
2 0.725 0.5375 0.21015625 0.18984375
2 0.33125 0.87734375 0.321875 0.04375
2 0.52578125 0.8859375 0.02265625 0.0421875
2 0.76640625 0.8890625 0.03828125 0.05078125
2 0.80546875 0.89140625 0.0296875 0.0546875
2 0.33125 0.92109375 0.321875 0.04375
2 0.66953125 0.9265625 0.32265625 0.146875
2 0.33125 0.965625 0.321875 0.03515625