6 0.2640625 0.34765625 0.10625 0.05078125
2 0.35625 0.34765625 0.07421875 0.04921875
2 0.353125 0.5515625 0.00703125 0.0125
6 0.24609375 0.6078125 0.06953125 0.04921875
2 0.23125 0.71796875 0.03984375 0.03359375
2 0.265625 0.71796875 0.02109375 0.03359375
2 0.29921875 0.71796875 0.03828125 0.03359375
2 0.3453125 0.71796875 0.04609375 0.03359375
2 0.3890625 0.71796875 0.03203125 0.03359375
2 0.4296875 0.71796875 0.040625 0.03359375
2 0.46875 0.71796875 0.03046875 0.03359375
2 0.5015625 0.71796875 0.02578125 0.03359375
2 0.5328125 0.71796875 0.028125 0.03359375
2 0.584375 0.71796875 0.065625 0.03359375
2 0.63671875 0.71796875 0.03203125 0.03359375
2 0.6734375 0.71796875 0.034375 0.03359375
2 0.7203125 0.71796875 0.05078125 0.03359375
2 0.23125 0.75859375 0.04140625 0.03359375
2 0.45703125 0.93671875 0.02265625 0.034375
2 0.7203125 0.94609375 0.021875 0.04140625
2 0.58828125 0.94609375 0.02578125 0.04296875
2 0.28984375 0.978125 0.06953125 0.0390625
2 0.453125 0.0125 0.06875 0.025
2 0.534375 0.0125 0.05078125 0.025
2 0.5890625 0.0125 0.01796875 0.025
2 0.646875 0.0125 0.05703125 0.025
2 0.7109375 0.0125 0.03046875 0.025