2 0.634375 0.16171875 0.0703125 0.115625
6 0.6328125 0.28359375 0.140625 0.0421875
6 0.7796875 0.28359375 0.14140625 0.0421875
6 0.70625 0.346875 0.2875 0.0421875
6 0.6328125 0.41015625 0.140625 0.0421875
6 0.7796875 0.41015625 0.14140625 0.0421875
6 0.70625 0.4734375 0.2875 0.0421875
6 0.70625 0.54296875 0.28671875 0.05546875
2 0.70625 0.6125 0.2875 0.0421875
2 0.1984375 0.7390625 0.0125 0.02265625
2 0.2125 0.7390625 0.0125 0.02265625
2 0.22578125 0.7390625 0.0125 0.02265625
2 0.2390625 0.7390625 0.0125 0.02265625