2 0.2546875 0.2875 0.01953125 0.03515625
2 0.440625 0.2875 0.0375 0.03359375
2 0.49140625 0.2875 0.0640625 0.03359375
2 0.54765625 0.2875 0.0484375 0.03359375
2 0.5953125 0.2875 0.046875 0.03359375
2 0.6484375 0.2875 0.059375 0.03359375
2 0.69921875 0.475 0.0265625 0.04765625
2 0.728125 0.475 0.02734375 0.04765625
2 0.3234375 0.609375 0.13203125 0.3515625
2 0.75859375 0.64453125 0.1265625 0.13046875
2 0.5328125 0.64921875 0.0640625 0.03359375
6 0.759375 0.7953125 0.146875 0.03125
2 0.809375 0.840625 0.04453125 0.03359375
2 0.32265625 0.9375 0.128125 0.125