2 0.06484375 0.02421875 0.1171875 0.0296875
2 0.25234375 0.32890625 0.03671875 0.0296875
2 0.603125 0.390625 0.35625 0.42734375
2 0.25234375 0.6875 0.0375 0.0671875
2 0.43359375 0.6875 0.0375 0.0671875
2 0.61484375 0.6875 0.0375 0.0671875
2 0.2671875 0.0703125 0.0296875 0.03125
2 0.23828125 0.07109375 0.0234375 0.0359375
2 0.303125 0.07109375 0.0296875 0.02265625
2 0.340625 0.07109375 0.0265625 0.02265625
2 0.375 0.07109375 0.02421875 0.02265625
2 0.4078125 0.07109375 0.02265625 0.02265625
2 0.4421875 0.07109375 0.02734375 0.02265625
2 0.47734375 0.07109375 0.0265625 0.02265625
2 0.51875 0.07109375 0.0390625 0.02265625
2 0.25234375 0.77109375 0.0375 0.0671875
2 0.43359375 0.77109375 0.0375 0.0671875
2 0.61484375 0.77109375 0.0375 0.0671875
2 0.6203125 0.90078125 0.0328125 0.059375
2 0.27578125 0.93515625 0.08515625 0.1296875
2 0.61953125 0.9703125 0.0328125 0.059375
6 0.50703125 0.13515625 0.546875 0.0296875