2 0.346875 0.04140625 0.190625 0.0828125
2 0.55 0.04140625 0.190625 0.0828125
2 0.753125 0.04140625 0.190625 0.0828125
2 0.28046875 0.4890625 0.0578125 0.03125
2 0.6859375 0.50546875 0.05703125 0.03203125
2 0.48359375 0.50625 0.0578125 0.03203125
2 0.3125 0.66875 0.121875 0.040625
2 0.321875 0.73515625 0.13984375 0.06328125
2 0.771875 0.76328125 0.1265625 0.22890625
6 0.471875 0.76796875 0.13671875 0.03359375
6 0.6265625 0.76796875 0.13984375 0.03359375
6 0.471875 0.8125 0.13671875 0.03359375
6 0.6265625 0.8125 0.13984375 0.03359375
6 0.321875 0.8296875 0.13984375 0.03359375
6 0.471875 0.85625 0.13671875 0.03359375
6 0.6265625 0.85625 0.13984375 0.03359375
6 0.5609375 0.8859375 0.00859375 0.015625
6 0.471875 0.9421875 0.134375 0.115625
2 0.6671875 0.9796875 0.05859375 0.040625