2 0.3546875 0.21953125 0.07421875 0.075
2 0.240625 0.2203125 0.03828125 0.075
2 0.28828125 0.2203125 0.05859375 0.075
2 0.415625 0.2203125 0.04765625 0.075
2 0.4765625 0.2203125 0.0734375 0.075
2 0.5390625 0.2203125 0.05078125 0.075
2 0.7734375 0.0234375 0.00625 0.0140625
6 0.7265625 0.025 0.0828125 0.02578125
2 0.68984375 0.2828125 0.03359375 0.02578125
2 0.234375 0.6296875 0.01484375 0.0328125
2 0.25625 0.6296875 0.01484375 0.0328125
2 0.278125 0.6296875 0.01484375 0.0328125
2 0.3 0.6296875 0.01484375 0.0328125
2 0.321875 0.6296875 0.01484375 0.0328125
2 0.34375 0.6296875 0.01484375 0.0328125
2 0.31171875 0.09453125 0.18203125 0.03984375