2 0.44375 0.13046875 0.1890625 0.08046875
2 0.57890625 0.13046875 0.08125 0.08046875
2 0.6703125 0.13046875 0.10234375 0.08046875
2 0.78046875 0.13046875 0.1171875 0.08046875
2 0.159375 0.13671875 0.26484375 0.0890625
2 0.9359375 0.2265625 0.02890625 0.03515625
2 0.203125 0.02578125 0.1 0.0515625
2 0.303125 0.02578125 0.096875 0.0515625
2 0.41328125 0.02578125 0.1171875 0.0515625
2 0.8390625 0.02578125 0.04375 0.0515625
2 0.88671875 0.02578125 0.0453125 0.0515625
2 0.0921875 0.02578125 0.115625 0.0515625
2 0.9328125 0.02578125 0.04375 0.0515625
2 0.75546875 0.5609375 0.128125 0.053125
2 0.13984375 0.58984375 0.1984375 0.0546875
2 0.8046875 0.69609375 0.2265625 0.03515625
6 0.79609375 0.74609375 0.209375 0.04453125
2 0.92734375 0.74609375 0.05703125 0.04375
2 0.97421875 0.9484375 0.03203125 0.0390625