2 0.0921875 0.0265625 0.115625 0.05078125
2 0.203125 0.0265625 0.10078125 0.05078125
2 0.30390625 0.0265625 0.09609375 0.05078125
2 0.41328125 0.0265625 0.11796875 0.05078125
2 0.83984375 0.0265625 0.04296875 0.05078125
2 0.88671875 0.0265625 0.04296875 0.05078125
2 0.93359375 0.0265625 0.04296875 0.05078125
2 0.44375 0.1296875 0.18984375 0.0796875
2 0.578125 0.1296875 0.08203125 0.0796875
2 0.6703125 0.1296875 0.10078125 0.0796875
2 0.7796875 0.1296875 0.11796875 0.0796875
2 0.140625 0.58984375 0.19921875 0.05546875
2 0.7546875 0.56015625 0.12734375 0.053125
6 0.7953125 0.74609375 0.209375 0.04296875
2 0.2625 0.98515625 0.44375 0.0296875
2 0.7359375 0.98515625 0.44375 0.0296875