2 0.25390625 0.15 0.0953125 0.046875
6 0.50078125 0.3734375 0.609375 0.03671875
6 0.265625 0.425 0.140625 0.03671875
6 0.421875 0.425 0.140625 0.03671875
6 0.578125 0.425 0.140625 0.03671875
6 0.734375 0.425 0.140625 0.03671875
2 0.26953125 0.48203125 0.1484375 0.04921875
2 0.41796875 0.48203125 0.14765625 0.04921875
2 0.98359375 0.5671875 0.0203125 0.03828125
2 0.984375 0.62109375 0.0203125 0.03671875
2 0.984375 0.659375 0.01953125 0.03671875
2 0.69375 0.92890625 0.0125 0.03359375
2 0.67109375 0.9828125 0.0140625 0.03359375