6 0.4953125 0.1890625 0.0265625 0.01796875
2 0.3671875 0.22734375 0.05234375 0.09453125
6 0.4953125 0.2890625 0.0265625 0.01796875
2 0.3671875 0.32734375 0.05234375 0.09453125
6 0.4953125 0.3890625 0.0265625 0.01796875
2 0.3671875 0.4265625 0.05234375 0.09453125
6 0.4953125 0.4890625 0.0265625 0.01796875
2 0.3671875 0.5265625 0.05234375 0.09453125
6 0.4953125 0.58828125 0.0265625 0.01796875
2 0.3671875 0.62578125 0.05234375 0.09453125
6 0.4953125 0.6875 0.0265625 0.01796875
2 0.3671875 0.72578125 0.05234375 0.09453125
6 0.4953125 0.7875 0.0265625 0.01796875
2 0.3671875 0.82578125 0.05234375 0.09453125
6 0.4953125 0.8875 0.0265625 0.01796875
2 0.36796875 0.92578125 0.05234375 0.09140625
6 0.4953125 0.9875 0.0265625 0.0125
2 0.36640625 0.98828125 0.0515625 0.0234375