2 0.228125 0.2171875 0.04921875 0.06328125
2 0.28515625 0.2171875 0.06171875 0.06328125
2 0.34765625 0.2171875 0.05859375 0.06328125
2 0.4078125 0.2171875 0.05859375 0.06328125
2 0.4734375 0.2171875 0.06796875 0.06328125
2 0.6671875 0.41171875 0.07265625 0.17265625
6 0.7046875 0.57734375 0.14140625 0.01328125
6 0.7046875 0.60546875 0.13984375 0.03359375
6 0.6828125 0.640625 0.04375 0.01484375
2 0.665625 0.66015625 0.03359375 0.01484375
2 0.3953125 0.675 0.3421875 0.18828125
2 0.28671875 0.075 0.16640625 0.07421875