2 0.73359375 0.3703125 0.06015625 0.1140625
2 0.73359375 0.3953125 0.40625 0.4125
2 0.25234375 0.45703125 0.08203125 0.04375
2 0.7234375 0.04609375 0.015625 0.0265625
2 0.74296875 0.04609375 0.015625 0.0265625
2 0.7625 0.04609375 0.015625 0.0265625
2 0.78046875 0.04609375 0.01328125 0.0265625
2 0.2671875 0.046875 0.11171875 0.06328125
6 0.64921875 0.046875 0.13046875 0.0265625
2 0.665625 0.546875 0.009375 0.02265625
2 0.55859375 0.56171875 0.040625 0.0671875
2 0.5921875 0.578125 0.0171875 0.02734375
2 0.6171875 0.578125 0.0203125 0.02734375
2 0.88515625 0.57890625 0.0203125 0.03203125
2 0.91171875 0.5796875 0.0234375 0.03203125
2 0.6453125 0.5796875 0.02109375 0.02734375
2 0.4765625 0.62890625 0.01015625 0.01796875
2 0.4921875 0.62890625 0.01015625 0.01796875
2 0.5078125 0.62890625 0.01015625 0.01796875
2 0.5234375 0.62890625 0.01015625 0.01796875
2 0.26484375 0.83828125 0.0625 0.1125
2 0.3796875 0.83828125 0.0625 0.1125
2 0.4953125 0.83828125 0.0625 0.1125
2 0.6109375 0.83828125 0.0625 0.1125
2 0.7265625 0.83828125 0.0625 0.1125
2 0.3765625 0.1125 0.0546875 0.03828125
2 0.43125 0.1125 0.05390625 0.03828125
2 0.4859375 0.1125 0.05546875 0.03828125
2 0.275 0.1125 0.046875 0.03515625
2 0.228125 0.11328125 0.04375 0.0359375
2 0.325 0.11328125 0.05 0.034375