2 0.31015625 0.3765625 0.05625 0.0296875
2 0.796875 0.44453125 0.0078125 0.015625
2 0.81953125 0.44453125 0.00859375 0.015625
2 0.83046875 0.44453125 0.00859375 0.01640625
2 0.78515625 0.44453125 0.00859375 0.015625
2 0.80859375 0.44453125 0.0078125 0.015625
2 0.33671875 0.07578125 0.13984375 0.0609375
6 0.7796875 0.75625 0.109375 0.0296875
6 0.77890625 0.7890625 0.109375 0.02890625
2 0.8 0.8296875 0.0484375 0.0296875
2 0.746875 0.8296875 0.04765625 0.0296875
2 0.81328125 0.934375 0.01484375 0.028125
2 0.8328125 0.934375 0.01484375 0.028125
2 0.50390625 0.13125 0.05703125 0.04453125
2 0.28046875 0.13203125 0.040625 0.04453125
2 0.33984375 0.13203125 0.0609375 0.04453125
2 0.39453125 0.13203125 0.03046875 0.04453125
2 0.4421875 0.13203125 0.046875 0.04453125
2 0.5578125 0.13203125 0.034375 0.04453125
2 0.6015625 0.13203125 0.034375 0.04453125
2 0.65078125 0.13203125 0.046875 0.04453125