2 0.1 0.02265625 0.134375 0.0453125
6 0.6140625 0.309375 0.01328125 0.02578125
2 0.2609375 0.3484375 0.115625 0.0765625
6 0.6140625 0.3828125 0.0125 0.02421875
2 0.69296875 0.47265625 0.1703125 0.053125
6 0.6140625 0.55859375 0.0125 0.02265625
6 0.6140625 0.58203125 0.0125 0.02265625
6 0.6140625 0.60703125 0.0125 0.02265625
2 0.6234375 0.65234375 0.03046875 0.0359375
2 0.65859375 0.65390625 0.03046875 0.0359375
2 0.69296875 0.65390625 0.0296875 0.0359375
2 0.728125 0.65390625 0.03046875 0.0359375
2 0.7640625 0.65546875 0.0296875 0.0359375