2 0.2359375 0.178125 0.0640625 0.03828125
2 0.30234375 0.178125 0.0671875 0.03828125
2 0.3734375 0.178125 0.0734375 0.03828125
2 0.4328125 0.178125 0.04375 0.03828125
2 0.49609375 0.178125 0.0796875 0.03828125
2 0.27734375 0.01953125 0.14765625 0.03828125
2 0.3640625 0.01953125 0.01796875 0.0296875
2 0.625 0.86328125 0.1125 0.04296875
2 0.64453125 0.95703125 0.02890625 0.05234375
2 0.746875 0.9578125 0.02890625 0.05234375
2 0.678125 0.95859375 0.02734375 0.0546875
2 0.78046875 0.95859375 0.028125 0.05078125
2 0.7125 0.95859375 0.028125 0.05
2 0.34765625 0.96015625 0.1703125 0.0796875
2 0.296875 0.1 0.16640625 0.0796875
6 0.62734375 0.115625 0.23828125 0.05078125
2 0.7703125 0.115625 0.04921875 0.0453125