2 0.70625 0.0515625 0.10390625 0.040625
2 0.44765625 0.1515625 0.10234375 0.0421875
2 0.55546875 0.15234375 0.10234375 0.040625
8 0.5 0.22578125 0.2109375 0.04453125
8 0.49921875 0.28125 0.21015625 0.04609375
3 0.434375 0.3234375 0.0875 0.0203125
2 0.5 0.36328125 0.209375 0.03828125
2 0.49921875 0.48984375 0.20859375 0.040625
16 0.49921875 0.68828125 0.20859375 0.03359375
16 0.49921875 0.73203125 0.20859375 0.0328125
16 0.4984375 0.778125 0.209375 0.03125
2 0.79921875 0.95859375 0.04765625 0.0328125