2 0.7984375 0.0171875 0.01796875 0.034375
2 0.8171875 0.0171875 0.01875 0.034375
2 0.8734375 0.0171875 0.084375 0.034375
2 0.95859375 0.0171875 0.0828125 0.034375
2 0.6109375 0.0171875 0.04140625 0.034375
2 0.6546875 0.0171875 0.046875 0.034375
2 0.703125 0.0171875 0.05 0.034375
2 0.7421875 0.0171875 0.02734375 0.034375
2 0.76328125 0.0171875 0.0140625 0.03125
2 0.7796875 0.01796875 0.01953125 0.0328125
6 0.3171875 0.421875 0.0828125 0.0171875
2 0.37109375 0.421875 0.021875 0.0171875
2 0.85 0.50859375 0.1015625 0.06484375
2 0.70390625 0.65390625 0.0265625 0.04609375
2 0.67265625 0.65546875 0.02109375 0.0484375
2 0.74140625 0.65625 0.02734375 0.05078125
6 0.28359375 0.690625 0.109375 0.03515625
2 0.43203125 0.690625 0.13125 0.03515625
2 0.5703125 0.690625 0.13125 0.03515625
2 0.346875 0.69140625 0.01953125 0.03515625
2 0.7078125 0.69375 0.028125 0.04375
2 0.7078125 0.79375 0.046875 0.08515625
2 0.0453125 0.0890625 0.071875 0.103125
2 0.96953125 0.0890625 0.0609375 0.1125
2 0.81796875 0.090625 0.1015625 0.11328125
2 0.9046875 0.090625 0.07109375 0.11328125
2 0.740625 0.090625 0.053125 0.11328125