2 0.6375 0.25078125 0.18828125 0.05859375
2 0.83671875 0.25390625 0.1859375 0.05390625
2 0.7375 0.3890625 0.06484375 0.05703125
2 0.65703125 0.38984375 0.0671875 0.05546875
2 0.89609375 0.38984375 0.06484375 0.05546875
2 0.57890625 0.38984375 0.06640625 0.0546875
2 0.8171875 0.390625 0.0671875 0.05546875
6 0.55703125 0.46796875 0.02578125 0.03515625
2 0.96171875 0.05078125 0.046875 0.06640625
2 0.6375 0.60390625 0.1859375 0.05546875
2 0.83671875 0.60390625 0.18671875 0.05703125
2 0.440625 0.790625 0.08125 0.05859375
2 0.521875 0.790625 0.0828125 0.05859375
2 0.61640625 0.790625 0.1078125 0.05859375
2 0.70703125 0.790625 0.0765625 0.05859375
2 0.80703125 0.790625 0.12578125 0.05859375
2 0.91484375 0.790625 0.0890625 0.05859375