2 0.07734375 0.24375 0.06953125 0.125
2 0.246875 0.24375 0.06953125 0.125
2 0.415625 0.24375 0.06953125 0.125
2 0.584375 0.24375 0.06953125 0.125
2 0.753125 0.24375 0.06953125 0.125
2 0.921875 0.24375 0.06953125 0.125
2 0.07734375 0.396875 0.06953125 0.125
2 0.246875 0.396875 0.06953125 0.125
2 0.415625 0.396875 0.06953125 0.125
2 0.584375 0.396875 0.06953125 0.125
2 0.753125 0.396875 0.06953125 0.125
2 0.921875 0.396875 0.06953125 0.125
6 0.6390625 0.81953125 0.23671875 0.03359375
6 0.6390625 0.8921875 0.23671875 0.03359375
6 0.6390625 0.96484375 0.23671875 0.03359375