6 0.371875 0.14765625 0.1203125 0.01796875
2 0.45234375 0.14921875 0.03671875 0.0171875
2 0.3671875 0.1859375 0.04765625 0.01484375
2 0.52421875 0.1859375 0.0515625 0.01484375
2 0.475 0.1859375 0.04375 0.01484375
2 0.31640625 0.1859375 0.0515625 0.0140625
2 0.421875 0.18671875 0.0578125 0.01484375
2 0.590625 0.18671875 0.078125 0.01484375
2 0.5609375 0.4234375 0.0078125 0.01328125
2 0.42109375 0.434375 0.00703125 0.01328125
2 0.5609375 0.44453125 0.00625 0.028125
2 0.42109375 0.5046875 0.00546875 0.125
2 0.33046875 0.53515625 0.0453125 0.02109375
2 0.40234375 0.5828125 0.0125 0.02265625
2 0.5609375 0.5859375 0.00703125 0.01015625
2 0.32421875 0.590625 0.02109375 0.03515625
2 0.42109375 0.596875 0.00703125 0.0140625
2 0.4875 0.615625 0.05703125 0.01953125
2 0.534375 0.615625 0.03203125 0.01953125
2 0.33671875 0.0703125 0.09296875 0.05625
2 0.5796875 0.07265625 0.0078125 0.0140625
2 0.690625 0.07421875 0.034375 0.01796875
6 0.62734375 0.075 0.08671875 0.01796875
2 0.4875 0.8671875 0.05703125 0.01953125
2 0.534375 0.8671875 0.03203125 0.01953125
2 0.6 0.9265625 0.00703125 0.0125
2 0.6 0.94765625 0.00546875 0.028125
2 0.3390625 0.1203125 0.09765625 0.02421875
2 0.421875 0.1203125 0.06484375 0.02421875
2 0.484375 0.1203125 0.05546875 0.02421875
2 0.6828125 0.12109375 0.05390625 0.02265625
2 0.33125 0.0125 0.08203125 0.025