6 0.78125 0.171875 0.2171875 0.0421875
2 0.140625 0.215625 0.06640625 0.040625
6 0.8375 0.23515625 0.10625 0.0421875
6 0.72578125 0.23515625 0.10625 0.0421875
6 0.8375 0.30234375 0.10625 0.0421875
6 0.72578125 0.30234375 0.10625 0.0421875
6 0.78125 0.36953125 0.2171875 0.0421875
6 0.78125 0.4328125 0.2171875 0.0421875
2 0.41328125 0.4609375 0.0640625 0.040625
2 0.78046875 0.4953125 0.05 0.0421875
2 0.5453125 0.80078125 0.046875 0.084375
2 0.1234375 0.80234375 0.046875 0.0875
6 0.8375 0.10390625 0.10625 0.0421875
6 0.72578125 0.10390625 0.10625 0.0421875