6 0.49921875 0.5875 0.603125 0.05703125
2 0.21953125 0.58984375 0.02421875 0.040625
2 0.7125 0.70625 0.2078125 0.10859375
2 0.49921875 0.7078125 0.2 0.10859375
2 0.2859375 0.71015625 0.2078125 0.11484375
2 0.2921875 0.959375 0.1875 0.08125
2 0.49921875 0.959375 0.1890625 0.08125
2 0.70859375 0.959375 0.1875 0.08125
2 0.8 0.10078125 0.0359375 0.0703125
2 0.265625 0.103125 0.14296875 0.06875
2 0.44609375 0.103125 0.14375 0.1125
2 0.5578125 0.103125 0.06015625 0.1125
2 0.65859375 0.103125 0.1203125 0.1125
2 0.75 0.103125 0.0578125 0.1125