2 0.9671875 0.1609375 0.03046875 0.040625
6 0.78984375 0.16171875 0.390625 0.05234375
2 0.075 0.1640625 0.1296875 0.078125
2 0.2046875 0.18046875 0.0703125 0.0328125
2 0.9640625 0.02734375 0.0328125 0.0453125
2 0.5 0.4609375 0.95703125 0.4296875
2 0.0328125 0.08203125 0.0546875 0.053125
2 0.8765625 0.0828125 0.07265625 0.0515625
2 0.21875 0.0828125 0.071875 0.0515625
2 0.36875 0.0828125 0.07734375 0.0515625
2 0.43125 0.0828125 0.0453125 0.0515625
2 0.95 0.08359375 0.0703125 0.04921875
2 0.153125 0.08359375 0.0578125 0.05078125
2 0.2921875 0.08359375 0.0734375 0.05234375
2 0.0921875 0.08359375 0.06015625 0.05234375
2 0.25625 0.8703125 0.46875 0.259375
2 0.74375 0.8703125 0.46875 0.259375