2 0.35859375 0.1484375 0.22890625 0.1234375
2 0.84375 0.16328125 0.0203125 0.0296875
6 0.75703125 0.16328125 0.15234375 0.0296875
2 0.84375 0.20546875 0.0203125 0.0296875
6 0.75703125 0.20546875 0.15234375 0.0296875
2 0.271875 0.26328125 0.06953125 0.03515625
2 0.82734375 0.27265625 0.06953125 0.0546875
2 0.3421875 0.2828125 0.06953125 0.07421875
2 0.48046875 0.2828125 0.06953125 0.07421875
2 0.55 0.2828125 0.06953125 0.07421875
2 0.61875 0.2828125 0.06953125 0.07421875
2 0.7578125 0.2828125 0.06953125 0.07421875
2 0.4109375 0.2921875 0.06953125 0.09453125
2 0.6890625 0.2921875 0.06953125 0.09453125
2 0.55 0.37734375 0.06953125 0.07421875
2 0.58046875 0.47890625 0.03203125 0.05546875
2 0.26796875 0.47890625 0.03125 0.0578125
2 0.3828125 0.59609375 0.0078125 0.01484375
2 0.31171875 0.72421875 0.05703125 0.121875
2 0.25546875 0.75703125 0.0171875 0.05546875
2 0.36796875 0.7578125 0.0171875 0.05
2 0.38203125 0.76796875 0.00546875 0.33046875
2 0.79765625 0.084375 0.01015625 0.0125
2 0.815625 0.084375 0.01015625 0.0125
2 0.8328125 0.084375 0.01015625 0.0125
2 0.85078125 0.084375 0.01015625 0.0125
2 0.74375 0.084375 0.01015625 0.0125
2 0.7625 0.084375 0.01015625 0.0125
2 0.7796875 0.084375 0.01015625 0.0125
2 0.38203125 0.9890625 0.0078125 0.02109375
2 0.55 0.13203125 0.1015625 0.10546875