2 0.81640625 0.16640625 0.07578125 0.0421875
2 0.20703125 0.16640625 0.07578125 0.0421875
2 0.2828125 0.16640625 0.07578125 0.0421875
2 0.359375 0.16640625 0.07578125 0.0421875
2 0.4359375 0.16640625 0.07578125 0.0421875
2 0.51171875 0.16640625 0.07578125 0.0421875
2 0.5875 0.16640625 0.07578125 0.0421875
2 0.6640625 0.16640625 0.07578125 0.0421875
2 0.740625 0.16640625 0.07578125 0.0421875
2 0.25703125 0.0296875 0.175 0.03828125
6 0.540625 0.03046875 0.37734375 0.03828125
2 0.74375 0.03046875 0.02890625 0.03828125
2 0.86953125 0.34140625 0.12109375 0.14921875
2 0.2296875 0.34140625 0.12109375 0.14921875
2 0.3578125 0.34140625 0.12109375 0.14921875
2 0.4859375 0.34140625 0.12109375 0.14921875
2 0.6140625 0.34140625 0.12109375 0.14921875
2 0.7421875 0.34140625 0.12109375 0.14921875
2 0.86953125 0.52421875 0.12109375 0.14921875
2 0.2296875 0.52421875 0.12109375 0.14921875
2 0.3578125 0.52421875 0.12109375 0.14921875
2 0.4859375 0.52421875 0.12109375 0.14921875
2 0.6140625 0.52421875 0.12109375 0.14921875
2 0.7421875 0.52421875 0.12109375 0.14921875
2 0.86953125 0.70703125 0.12109375 0.14921875
2 0.2296875 0.70703125 0.12109375 0.14921875
2 0.3578125 0.70703125 0.12109375 0.14921875
2 0.4859375 0.70703125 0.12109375 0.14921875
2 0.6140625 0.70703125 0.12109375 0.14921875
2 0.7421875 0.70703125 0.12109375 0.14921875
2 0.796875 0.08125 0.08359375 0.0421875
2 0.2109375 0.08125 0.08359375 0.0421875
2 0.2953125 0.08125 0.08359375 0.0421875
2 0.378125 0.08125 0.08359375 0.0421875
2 0.4625 0.08125 0.08359375 0.0421875
2 0.54609375 0.08125 0.08359375 0.0421875
2 0.6296875 0.08125 0.08359375 0.0421875
2 0.7140625 0.08125 0.08359375 0.0421875
2 0.88203125 0.0828125 0.08359375 0.0421875
2 0.2296875 0.88828125 0.12109375 0.1484375
2 0.3578125 0.8890625 0.12109375 0.146875
2 0.2109375 0.12421875 0.08359375 0.0421875
2 0.2953125 0.12421875 0.08359375 0.0421875
2 0.378125 0.12421875 0.08359375 0.0421875
2 0.4625 0.12421875 0.08359375 0.0421875
2 0.54609375 0.12421875 0.08359375 0.0421875
2 0.6296875 0.12421875 0.08359375 0.0421875