2 0.7875 0.2171875 0.0890625 0.03671875
2 0.30859375 0.2171875 0.08125 0.03671875
2 0.40390625 0.2171875 0.1109375 0.03671875
2 0.5125 0.2171875 0.10546875 0.03671875
2 0.6140625 0.2171875 0.0984375 0.03671875
2 0.703125 0.2171875 0.0796875 0.03671875
6 0.3203125 0.2703125 0.07890625 0.0265625
2 0.3765625 0.2703125 0.0328125 0.0265625
2 0.290625 0.67890625 0.025 0.08046875
2 0.290625 0.784375 0.025 0.08203125
2 0.51015625 0.85 0.19296875 0.29921875
2 0.290625 0.8875 0.02421875 0.075
2 0.340625 0.11328125 0.11953125 0.1359375