6 0.7921875 0.14609375 0.21484375 0.03515625
6 0.79140625 0.22578125 0.2140625 0.034375
6 0.7921875 0.30703125 0.2140625 0.034375
2 0.546875 0.32890625 0.2234375 0.20703125
6 0.7921875 0.45390625 0.21328125 0.16953125
2 0.54765625 0.55390625 0.2265625 0.2296875
2 0.7140625 0.58984375 0.059375 0.05234375
2 0.3734375 0.92109375 0.09453125 0.11640625
2 0.746875 0.92421875 0.059375 0.11328125
2 0.5046875 0.925 0.13984375 0.109375
2 0.65234375 0.925 0.1203125 0.11796875
2 0.5453125 0.10703125 0.2234375 0.2140625