2 0.1390625 0.0515625 0.12265625 0.03125
2 0.51796875 0.0515625 0.03828125 0.03125
2 0.5984375 0.0515625 0.07421875 0.03125
2 0.6765625 0.0515625 0.0359375 0.03125
2 0.73671875 0.0515625 0.03828125 0.03125
2 0.853125 0.0515625 0.13671875 0.053125
2 0.21015625 0.8125 0.2015625 0.084375
2 0.359375 0.8125 0.06015625 0.0796875
2 0.428125 0.8125 0.06015625 0.0796875
2 0.68984375 0.3078125 0.14453125 0.06484375
2 0.02421875 0.23671875 0.0484375 0.07421875
2 0.02421875 0.30390625 0.0484375 0.06484375
2 0.02421875 0.36640625 0.0484375 0.06484375
2 0.02421875 0.42890625 0.0484375 0.06484375
2 0.02421875 0.49609375 0.0484375 0.07421875