2 0.26640625 0.18515625 0.08125 0.0421875
2 0.35 0.18515625 0.0875 0.0421875
2 0.4578125 0.18515625 0.12734375 0.0421875
2 0.55390625 0.18515625 0.065625 0.0421875
2 0.64375 0.18515625 0.115625 0.0421875
2 0.734375 0.18515625 0.0640625 0.0421875
2 0.33046875 0.440625 0.57421875 0.4734375
2 0.7890625 0.4421875 0.33515625 0.471875
2 0.0796875 0.48515625 0.0265625 0.0453125
6 0.6921875 0.06875 0.09921875 0.028125
2 0.75 0.06875 0.01875 0.028125
2 0.28125 0.0765625 0.0953125 0.1234375
2 0.615625 0.80390625 0.21484375 0.071875
2 0.3421875 0.80703125 0.21640625 0.06953125
2 0.71171875 0.109375 0.01875 0.03359375
2 0.7328125 0.109375 0.01875 0.03359375
2 0.75390625 0.109375 0.01875 0.03359375
2 0.5 0.1375 0.0546875 0.028125