6 0.6953125 0.24296875 0.1390625 0.03125
2 0.7453125 0.24296875 0.03828125 0.03125
2 0.73515625 0.39140625 0.0203125 0.03359375
2 0.7546875 0.39140625 0.01953125 0.03359375
2 0.71484375 0.3921875 0.01953125 0.0328125
2 0.75390625 0.425 0.01953125 0.0328125
2 0.65546875 0.425 0.01875 0.0328125
2 0.63671875 0.42578125 0.01953125 0.0328125
2 0.71484375 0.42578125 0.01953125 0.03359375
2 0.734375 0.42578125 0.02109375 0.03359375
2 0.67578125 0.42578125 0.0203125 0.03359375
2 0.6953125 0.42578125 0.01953125 0.034375
2 0.4140625 0.43671875 0.3765625 0.453125
2 0.6359375 0.459375 0.0203125 0.03359375
2 0.6953125 0.459375 0.01953125 0.03359375
2 0.65625 0.459375 0.01875 0.03359375
2 0.71484375 0.459375 0.01953125 0.03359375
2 0.67578125 0.459375 0.0203125 0.034375
2 0.734375 0.459375 0.0203125 0.0328125
2 0.7546875 0.459375 0.01953125 0.03359375
2 0.63671875 0.49296875 0.02109375 0.03203125
2 0.6953125 0.49296875 0.01953125 0.03203125
2 0.675 0.49296875 0.0203125 0.0328125
2 0.65625 0.49375 0.01875 0.0328125
2 0.71484375 0.49375 0.0203125 0.0328125
2 0.7546875 0.49375 0.01953125 0.03203125
2 0.73515625 0.49375 0.01953125 0.0328125
2 0.65546875 0.5265625 0.01875 0.03359375
2 0.6359375 0.5265625 0.0203125 0.034375
2 0.75390625 0.5265625 0.01953125 0.03359375
2 0.675 0.5265625 0.0203125 0.034375
2 0.6953125 0.5265625 0.01953125 0.034375
2 0.71484375 0.52734375 0.0203125 0.034375
2 0.734375 0.52734375 0.0203125 0.034375
2 0.01015625 0.00859375 0.0203125 0.01640625
2 0.28203125 0.07578125 0.32734375 0.1515625
2 0.05859375 0.08125 0.1171875 0.16171875
2 0.6109375 0.09140625 0.3296875 0.18203125
2 0.8875 0.0921875 0.2234375 0.184375
2 0.41484375 0.94296875 0.18515625 0.11328125