2 0.18984375 0.2 0.11171875 0.09296875
2 0.0703125 0.0375 0.03046875 0.053125
2 0.54296875 0.46484375 0.9140625 0.378125
2 0.1890625 0.59609375 0.13828125 0.06875
2 0.8640625 0.8765625 0.228125 0.246875
2 0.96484375 0.1125 0.01953125 0.0359375
2 0.4 0.11328125 0.04921875 0.04375
2 0.459375 0.11328125 0.0390625 0.04375
6 0.8890625 0.1140625 0.13046875 0.04140625
2 0.790625 0.11484375 0.0453125 0.04609375
2 0.54296875 0.11484375 0.11640625 0.04609375
2 0.628125 0.11484375 0.05625 0.04609375
2 0.68671875 0.11484375 0.06015625 0.04609375
2 0.7421875 0.11484375 0.05 0.04609375