2 0.5 0.1515625 0.425 0.1125
2 0.275 0.025 0.078125 0.0421875
2 0.359375 0.025 0.0828125 0.0421875
2 0.44453125 0.025 0.07890625 0.0421875
2 0.275 0.28046875 0.03671875 0.06640625
2 0.446875 0.28046875 0.03671875 0.06640625
2 0.275 0.35625 0.03671875 0.06640625
2 0.446875 0.35625 0.03671875 0.06640625
2 0.275 0.43203125 0.03671875 0.06640625
2 0.446875 0.43203125 0.03671875 0.06640625
2 0.275 0.5078125 0.03671875 0.06640625
2 0.446875 0.5078125 0.03671875 0.06640625
2 0.68671875 0.51484375 0.08984375 0.0890625
2 0.68828125 0.51796875 0.034375 0.04296875
2 0.275 0.5828125 0.03671875 0.06640625
2 0.446875 0.5828125 0.03671875 0.06640625
2 0.659375 0.59765625 0.0140625 0.025
2 0.67578125 0.59765625 0.0140625 0.025
2 0.6921875 0.59765625 0.0140625 0.025
2 0.7078125 0.59765625 0.0140625 0.025
2 0.30546875 0.89921875 0.0828125 0.15546875
2 0.73984375 0.0109375 0.0328125 0.021875
6 0.67109375 0.01171875 0.08046875 0.015625