2 0.06640625 0.03984375 0.103125 0.0796875
2 0.20546875 0.03984375 0.12265625 0.0796875
2 0.296875 0.03984375 0.06484375 0.0796875
2 0.38828125 0.03984375 0.12265625 0.0796875
2 0.4984375 0.03984375 0.103125 0.0796875
2 0.7796875 0.115625 0.06953125 0.0578125
2 0.81015625 0.19375 0.12734375 0.06015625
2 0.85546875 0.27265625 0.02421875 0.0796875
2 0.890625 0.27265625 0.00703125 0.0796875
2 0.8328125 0.35 0.12265625 0.06015625
6 0.509375 0.4390625 0.32421875 0.02890625
2 0.6453125 0.63125 0.14921875 0.06484375
2 0.5 0.821875 0.17578125 0.0484375
2 0.80546875 0.96171875 0.19453125 0.053125