2 0.578125 0.296875 0.11953125 0.11171875
2 0.42578125 0.29765625 0.134375 0.109375
2 0.96875 0.0375 0.0625 0.07421875
2 0.20546875 0.0390625 0.1203125 0.078125
2 0.296875 0.0390625 0.0625 0.078125
2 0.38828125 0.0390625 0.1203125 0.078125
2 0.49921875 0.0390625 0.1015625 0.078125
2 0.065625 0.0390625 0.10078125 0.078125
2 0.57890625 0.03984375 0.05078125 0.0765625
6 0.49921875 0.43828125 0.4421875 0.0859375
6 0.3875 0.53984375 0.21484375 0.084375
6 0.61171875 0.54140625 0.2171875 0.08359375
2 0.64609375 0.63125 0.14921875 0.06484375
6 0.4203125 0.64296875 0.2828125 0.08203125
2 0.5 0.821875 0.17578125 0.046875
2 0.8046875 0.9609375 0.1953125 0.05234375
2 0.92734375 0.9609375 0.02578125 0.03671875