2 0.30625 0.02578125 0.01015625 0.0171875
6 0.38515625 0.02578125 0.00703125 0.0125
6 0.42109375 0.02578125 0.00703125 0.0125
6 0.3421875 0.0265625 0.0609375 0.01796875
2 0.3375 0.49921875 0.025 0.0375
2 0.5640625 0.5 0.0140625 0.02890625
2 0.6125 0.58828125 0.034375 0.03203125
2 0.45234375 0.58984375 0.26328125 0.24375
2 0.4515625 0.60234375 0.0375 0.0421875
2 0.6046875 0.6171875 0.02109375 0.0171875
2 0.609375 0.6375 0.028125 0.0171875
2 0.3375 0.8296875 0.021875 0.0421875
2 0.56328125 0.83125 0.0140625 0.03203125
2 0.4515625 0.9 0.2625 0.2
2 0.45234375 0.93359375 0.03515625 0.04609375