2 0.784375 0.01875 0.03671875 0.0375
2 0.746875 0.01875 0.03671875 0.0375
6 0.31015625 0.53515625 0.1875 0.06171875
2 0.43515625 0.53515625 0.05703125 0.06171875
2 0.5 0.06875 0.140625 0.06484375
2 0.2625 0.7234375 0.12890625 0.11328125
2 0.4703125 0.7234375 0.12890625 0.11328125
2 0.678125 0.7234375 0.12890625 0.11328125
2 0.77734375 0.8546875 0.04921875 0.028125
2 0.28359375 0.86015625 0.171875 0.040625
2 0.2953125 0.14296875 0.0515625 0.05546875
2 0.353125 0.14296875 0.0640625 0.05546875
2 0.4109375 0.14296875 0.05234375 0.05546875
2 0.49453125 0.14296875 0.1140625 0.05546875
2 0.58515625 0.14296875 0.06640625 0.05546875
2 0.64375 0.14296875 0.05078125 0.05546875
2 0.684375 0.14296875 0.02890625 0.05546875
2 0.71484375 0.14296875 0.03125 0.05546875