2 0.69140625 0.14453125 0.12421875 0.09453125
2 0.2953125 0.165625 0.115625 0.03203125
2 0.2953125 0.19765625 0.115625 0.03203125
2 0.2953125 0.22890625 0.115625 0.03203125
6 0.67890625 0.3125 0.09921875 0.03671875
2 0.66328125 0.35703125 0.06796875 0.053125
2 0.2953125 0.03828125 0.115625 0.03203125
2 0.69140625 0.04140625 0.12421875 0.0828125
2 0.2953125 0.0703125 0.115625 0.03203125
2 0.48984375 0.98125 0.1515625 0.0375
2 0.2953125 0.10234375 0.115625 0.03203125
2 0.2953125 0.0109375 0.115625 0.021875
2 0.2953125 0.13359375 0.115625 0.03203125