2 0.4140625 0.16875 0.0109375 0.0171875
2 0.42578125 0.16875 0.0109375 0.0171875
2 0.4375 0.16875 0.0109375 0.0171875
2 0.4484375 0.16875 0.0109375 0.0171875
2 0.68125 0.23125 0.0546875 0.03671875
2 0.52890625 0.321875 0.034375 0.0265625
2 0.25390625 0.3359375 0.034375 0.0265625
2 0.3921875 0.3359375 0.034375 0.0265625
2 0.70546875 0.05859375 0.12265625 0.1171875
2 0.3765625 0.840625 0.009375 0.0171875
6 0.5 0.86171875 0.16875 0.025
2 0.384375 0.86640625 0.00625 0.01640625
2 0.7625 0.86796875 0.03671875 0.09296875
2 0.2328125 0.88515625 0.01875 0.03046875
2 0.384375 0.8875 0.00625 0.02890625
2 0.5671875 0.89765625 0.034375 0.028125
2 0.64296875 0.95546875 0.0609375 0.0265625