2 0.8203125 0.4578125 0.04140625 0.21484375
2 0.1796875 0.4578125 0.0421875 0.21484375
2 0.47109375 0.5546875 0.0171875 0.00859375
2 0.509375 0.5546875 0.0171875 0.009375
2 0.490625 0.5546875 0.01875 0.009375
2 0.453125 0.5546875 0.01796875 0.00859375
2 0.54765625 0.5546875 0.01875 0.00859375
2 0.528125 0.5546875 0.0171875 0.00859375
2 0.80859375 0.6375 0.015625 0.03359375
2 0.26875 0.6375 0.1890625 0.06484375
2 0.440625 0.6375 0.13046875 0.06484375
2 0.596875 0.6375 0.16171875 0.06484375
6 0.75703125 0.6375 0.13671875 0.06484375