2 0.7078125 0.88203125 0.165625 0.06015625
2 0.88125 0.88203125 0.16328125 0.06015625
2 0.7984375 0.0375 0.08203125 0.02421875
2 0.05390625 0.12734375 0.02890625 0.10546875
2 0.259375 0.12734375 0.053125 0.05546875
2 0.36328125 0.12734375 0.15390625 0.05546875
2 0.53828125 0.12734375 0.19921875 0.05546875
2 0.6765625 0.12734375 0.0796875 0.05546875
2 0.7484375 0.12734375 0.06484375 0.05546875
2 0.875 0.12734375 0.1734375 0.05546875
2 0.3421875 0.2390625 0.22578125 0.0359375
6 0.1703125 0.3328125 0.21640625 0.02421875
2 0.4328125 0.3234375 0.2640625 0.09140625
2 0.69453125 0.3234375 0.2640625 0.09140625
2 0.89296875 0.3234375 0.11328125 0.06015625
2 0.1875 0.80546875 0.2953125 0.3890625
2 0.49765625 0.80546875 0.2984375 0.3890625
2 0.8078125 0.80546875 0.2984375 0.3890625