2 0.7078125 0.91015625 0.165625 0.06015625
2 0.88125 0.91015625 0.16328125 0.06015625
2 0.7078125 0.0375 0.07421875 0.02421875
2 0.05390625 0.12734375 0.02890625 0.10546875
2 0.45703125 0.12734375 0.05546875 0.05546875
2 0.546875 0.12734375 0.12734375 0.05546875
2 0.68359375 0.12734375 0.14921875 0.05546875
2 0.78359375 0.12734375 0.053125 0.05546875
2 0.84140625 0.12734375 0.0625 0.05546875
2 0.9203125 0.12734375 0.08203125 0.05546875
2 0.4859375 0.2390625 0.178125 0.0359375
6 0.171875 0.3328125 0.21640625 0.02421875
2 0.43359375 0.3234375 0.2640625 0.09140625
2 0.696875 0.3234375 0.2640625 0.09140625
2 0.8953125 0.3234375 0.1078125 0.06015625
2 0.1859375 0.8015625 0.2953125 0.38203125
2 0.49609375 0.8015625 0.2953125 0.38203125
2 0.8078125 0.8015625 0.2953125 0.38203125