2 0.0640625 0.23046875 0.065625 0.046875
2 0.15859375 0.23203125 0.11484375 0.04765625
2 0.34296875 0.2390625 0.225 0.03515625
2 0.89375 0.32265625 0.1109375 0.06015625
6 0.17109375 0.32421875 0.2625 0.08671875
6 0.4328125 0.325 0.26015625 0.08671875
6 0.7625 0.32578125 0.396875 0.0875
2 0.18671875 0.69453125 0.2953125 0.1671875
2 0.496875 0.69453125 0.29609375 0.1671875
2 0.8078125 0.69453125 0.29609375 0.16953125
2 0.70859375 0.88203125 0.16484375 0.05859375
2 0.88125 0.88203125 0.1640625 0.05859375
2 0.259375 0.12734375 0.05390625 0.0546875
2 0.3625 0.12734375 0.153125 0.0546875
2 0.53828125 0.12734375 0.1984375 0.0546875
2 0.67734375 0.12734375 0.07890625 0.0546875
2 0.7484375 0.12734375 0.06328125 0.0546875
2 0.87421875 0.12734375 0.17265625 0.0546875
2 0.053125 0.1296875 0.04609375 0.07890625