2 0.45703125 0.3484375 0.065625 0.04375
2 0.640625 0.3796875 0.065625 0.10703125
2 0.45703125 0.446875 0.03203125 0.02265625
6 0.790625 0.046875 0.0921875 0.02109375
2 0.640625 0.50859375 0.03203125 0.02109375
2 0.7953125 0.57578125 0.03984375 0.02421875
2 0.4578125 0.62734375 0.0984375 0.03828125
2 0.640625 0.628125 0.0984375 0.0390625
2 0.753125 0.0671875 0.0171875 0.01796875
2 0.8375 0.6796875 0.009375 0.025
2 0.8484375 0.6796875 0.009375 0.025
2 0.45703125 0.721875 0.03203125 0.02109375
2 0.640625 0.72265625 0.03203125 0.02109375
2 0.45703125 0.8625 0.1296875 0.13046875
2 0.640625 0.89921875 0.115625 0.2015625
2 0.7953125 0.915625 0.078125 0.1375
2 0.6546875 0.115625 0.1421875 0.17578125