2 0.0734375 0.1484375 0.115625 0.20703125
2 0.33828125 0.240625 0.29296875 0.07890625
2 0.04140625 0.28984375 0.0515625 0.03125
2 0.0734375 0.321875 0.11640625 0.03125
2 0.0734375 0.35390625 0.11640625 0.03125
2 0.0734375 0.3859375 0.11640625 0.03125
2 0.209375 0.40625 0.021875 0.03984375
2 0.41796875 0.40859375 0.04140625 0.06484375
2 0.4609375 0.40859375 0.034375 0.06484375
2 0.0734375 0.41875 0.11640625 0.03125
2 0.0734375 0.45 0.11640625 0.03125
2 0.0734375 0.48203125 0.11640625 0.03125
2 0.3390625 0.52265625 0.03359375 0.04375
2 0.3390625 0.5234375 0.2921875 0.296875
6 0.0734375 0.56015625 0.11640625 0.03125
2 0.33828125 0.7671875 0.1046875 0.0859375
2 0.0734375 0.8234375 0.015625 0.0421875
2 0.07421875 0.84375 0.115625 0.2046875
2 0.11640625 0.86171875 0.0203125 0.03828125
2 0.11640625 0.9 0.0203125 0.03671875
2 0.03203125 0.90078125 0.021875 0.0390625