6 0.765625 0.27109375 0.14375 0.0390625
2 0.4421875 0.275 0.41796875 0.059375
2 0.4421875 0.34140625 0.41796875 0.059375
2 0.4421875 0.4078125 0.41796875 0.059375
2 0.4421875 0.475 0.41796875 0.059375
2 0.77421875 0.72578125 0.184375 0.33046875
2 0.78828125 0.09921875 0.04765625 0.04609375
2 0.240625 0.09921875 0.04140625 0.04609375
2 0.2953125 0.09921875 0.06640625 0.04609375
2 0.378125 0.09921875 0.09765625 0.04609375
2 0.4703125 0.09921875 0.08671875 0.04609375
2 0.56015625 0.09921875 0.090625 0.04609375
2 0.65 0.09921875 0.08671875 0.04609375
2 0.728125 0.09921875 0.06953125 0.04609375
2 0.78984375 0.9875 0.0296875 0.025
2 0.75625 0.98828125 0.0296875 0.0234375
2 0.68984375 0.98828125 0.0234375 0.0234375
2 0.72265625 0.9890625 0.0265625 0.021875