2 0.62890625 0.14765625 0.01640625 0.03046875
2 0.3953125 0.175 0.37890625 0.35
2 0.37109375 0.29609375 0.01875 0.03359375
2 0.3953125 0.29609375 0.01875 0.03359375
2 0.41875 0.29609375 0.01875 0.03359375
2 0.71484375 0.346875 0.146875 0.203125
2 0.66640625 0.47109375 0.0171875 0.0296875
2 0.64609375 0.471875 0.01640625 0.03125
2 0.2140625 0.48984375 0.01640625 0.03125
2 0.234375 0.48984375 0.01640625 0.03125
2 0.253125 0.48984375 0.01640625 0.03125
2 0.27265625 0.48984375 0.01640625 0.03125
2 0.2921875 0.48984375 0.01640625 0.03125
2 0.31171875 0.48984375 0.01640625 0.03125
2 0.22109375 0.55234375 0.0296875 0.02578125
6 0.7046875 0.75390625 0.178125 0.0421875
2 0.6390625 0.82578125 0.046875 0.0453125
2 0.6671875 0.09765625 0.01875 0.0296875
2 0.64609375 0.09765625 0.01953125 0.03125
2 0.96171875 0.975 0.06328125 0.0328125
2 0.78359375 0.13984375 0.01796875 0.03359375