2 0.2234375 0.1859375 0.03671875 0.06640625
2 0.4234375 0.190625 0.0421875 0.03671875
2 0.6390625 0.19140625 0.01953125 0.03515625
2 0.7875 0.03046875 0.03359375 0.06015625
2 0.7109375 0.03046875 0.0390625 0.06015625
2 0.75 0.03046875 0.0390625 0.06015625
2 0.2265625 0.03125 0.0609375 0.04765625
2 0.73203125 0.33125 0.14375 0.38671875
2 0.52578125 0.3484375 0.0796875 0.03515625
2 0.31328125 0.39296875 0.03203125 0.0265625
2 0.2265625 0.39375 0.04375 0.025
2 0.27265625 0.39375 0.0359375 0.025
2 0.353125 0.42578125 0.015625 0.028125
2 0.2265625 0.4265625 0.04453125 0.02421875
2 0.271875 0.42734375 0.034375 0.02421875
2 0.31796875 0.42734375 0.0453125 0.025
2 0.73203125 0.6234375 0.14375 0.171875
2 0.52421875 0.80546875 0.1875 0.225
2 0.73203125 0.80859375 0.14375 0.171875
2 0.465625 0.09140625 0.01484375 0.03046875
2 0.75078125 0.0921875 0.1046875 0.03515625
6 0.57578125 0.09296875 0.24453125 0.03671875
6 0.31953125 0.09375 0.2484375 0.0390625
2 0.73203125 0.95390625 0.14375 0.0921875