2 0.259375 0.14609375 0.08203125 0.025
6 0.3109375 0.2359375 0.1875 0.03515625
2 0.42734375 0.2359375 0.04453125 0.03515625
2 0.22734375 0.446875 0.01875 0.0328125
2 0.25 0.44765625 0.01875 0.03046875
2 0.27265625 0.44765625 0.01875 0.0328125
2 0.2953125 0.4484375 0.0171875 0.03359375
2 0.5 0.4765625 0.05703125 0.03203125
2 0.55625 0.4765625 0.040625 0.03203125
2 0.24765625 0.5109375 0.059375 0.01796875
2 0.315625 0.5109375 0.046875 0.01796875
2 0.3859375 0.5109375 0.0609375 0.01796875
2 0.24453125 0.58203125 0.053125 0.02109375