2 0.2328125 0.49765625 0.09140625 0.028125
6 0.29140625 0.5984375 0.209375 0.0390625
2 0.4203125 0.5984375 0.04765625 0.0390625
2 0.196875 0.83359375 0.02109375 0.03515625
2 0.27265625 0.83359375 0.021875 0.03671875
2 0.22265625 0.834375 0.0203125 0.03515625
2 0.246875 0.834375 0.021875 0.03671875
2 0.2609375 0.08671875 0.15 0.1734375
2 0.4203125 0.08671875 0.15078125 0.17265625
2 0.5 0.86640625 0.0640625 0.03515625
2 0.56171875 0.86640625 0.04453125 0.03515625
2 0.58046875 0.0875 0.15078125 0.175
2 0.7390625 0.08828125 0.15234375 0.17578125
2 0.21953125 0.9046875 0.065625 0.02109375
2 0.2953125 0.9046875 0.05234375 0.02109375
2 0.3734375 0.9046875 0.06796875 0.02109375
2 0.215625 0.984375 0.065625 0.03046875