2 0.80625 0.01875 0.0109375 0.01953125
2 0.58984375 0.24140625 0.13828125 0.16328125
2 0.6921875 0.33515625 0.05 0.353125
2 0.77578125 0.33515625 0.0890625 0.3484375
2 0.36015625 0.3359375 0.29296875 0.3515625
2 0.59140625 0.42890625 0.13828125 0.16328125
2 0.2828125 0.70078125 0.13671875 0.265625
2 0.4375 0.70234375 0.13984375 0.26015625
2 0.590625 0.70234375 0.13984375 0.26328125
2 0.06875 0.07421875 0.121875 0.04921875
6 0.734375 0.86796875 0.11875 0.0359375
2 0.803125 0.86796875 0.0203125 0.0375
2 0.43671875 0.9265625 0.13984375 0.146875
2 0.58984375 0.9265625 0.1390625 0.146875
2 0.2828125 0.9265625 0.1375 0.146875