2 0.73515625 0.015625 0.0109375 0.01953125
2 0.75 0.015625 0.0109375 0.01953125
2 0.765625 0.015625 0.0109375 0.01953125
2 0.7796875 0.015625 0.0109375 0.01953125
2 0.94921875 0.259375 0.1015625 0.2875
2 0.38203125 0.259375 0.76328125 0.2875
2 0.5265625 0.3640625 0.040625 0.02421875
6 0.675 0.55078125 0.165625 0.03671875
6 0.675 0.6234375 0.165625 0.03671875
2 0.675 0.68125 0.165625 0.03671875
2 0.28203125 0.07421875 0.1359375 0.059375
2 0.4234375 0.07421875 0.0515625 0.059375
2 0.47109375 0.07421875 0.04296875 0.059375
2 0.515625 0.07421875 0.0453125 0.059375
2 0.5609375 0.07421875 0.04765625 0.059375
2 0.61796875 0.07421875 0.065625 0.059375
2 0.678125 0.07421875 0.0546875 0.059375
2 0.7484375 0.07421875 0.015625 0.0421875
2 0.77421875 0.07421875 0.0234375 0.0421875
2 0.38203125 0.075 0.03046875 0.059375
2 0.7 0.846875 0.1234375 0.053125