2 0.2015625 0.103125 0.35078125 0.15859375
2 0.58203125 0.09140625 0.06015625 0.0453125
2 0.646875 0.09140625 0.06015625 0.0453125
2 0.71171875 0.09140625 0.06015625 0.0453125
2 0.7796875 0.09140625 0.0671875 0.0453125
2 0.85 0.09140625 0.06015625 0.0453125
2 0.93046875 0.09140625 0.0890625 0.0453125
2 0.14921875 0.26171875 0.22578125 0.03359375
2 0.14921875 0.296875 0.22578125 0.03359375
2 0.14921875 0.33203125 0.22578125 0.03359375
2 0.14921875 0.36796875 0.22578125 0.03359375
2 0.14921875 0.40234375 0.22578125 0.03359375
2 0.14921875 0.4375 0.22578125 0.03359375
2 0.14921875 0.47265625 0.22578125 0.03359375
2 0.14921875 0.50703125 0.22578125 0.03359375
2 0.14921875 0.54296875 0.22578125 0.03359375
2 0.14921875 0.578125 0.22578125 0.03359375
2 0.14921875 0.61328125 0.22578125 0.03359375
2 0.14921875 0.64921875 0.22578125 0.03359375