2 0.5 0.14296875 0.3046875 0.13203125
2 0.275 0.025 0.06875 0.028125
2 0.340625 0.02578125 0.0484375 0.03125
2 0.39375 0.02578125 0.05703125 0.03125
2 0.4484375 0.02578125 0.05234375 0.03125
2 0.48984375 0.02578125 0.03125 0.03125
2 0.521875 0.02578125 0.03359375 0.03125
2 0.5578125 0.02578125 0.03671875 0.03125
2 0.5828125 0.02578125 0.01328125 0.03125
2 0.5953125 0.02578125 0.01328125 0.03125
6 0.690625 0.02578125 0.1015625 0.03203125
2 0.75 0.02578125 0.01953125 0.03203125
2 0.278125 0.4734375 0.046875 0.01796875
2 0.35625 0.4734375 0.046875 0.01796875
2 0.4328125 0.4734375 0.046875 0.01796875
2 0.5109375 0.4734375 0.046875 0.01796875
2 0.5875 0.4734375 0.046875 0.01796875
2 0.721875 0.4734375 0.046875 0.01796875
2 0.6546875 0.47734375 0.0265625 0.040625