2 0.75703125 0.1734375 0.1828125 0.0859375
2 0.834375 0.27265625 0.01640625 0.02265625
6 0.75703125 0.27265625 0.1828125 0.04375
2 0.45 0.303125 0.396875 0.21875
2 0.68671875 0.3875 0.0203125 0.03671875
2 0.7203125 0.3875 0.0203125 0.03671875
2 0.7546875 0.3875 0.0203125 0.03671875
2 0.80234375 0.478125 0.090625 0.04609375
2 0.71171875 0.478125 0.090625 0.04609375
2 0.803125 0.0515625 0.0890625 0.10234375
2 0.7015625 0.0515625 0.0890625 0.10234375
2 0.45 0.05234375 0.39375 0.1046875
2 0.45 0.5515625 0.39765625 0.2328125
2 0.75703125 0.55546875 0.18125 0.10546875
2 0.75703125 0.66171875 0.18125 0.10546875
2 0.7578125 0.7765625 0.18203125 0.1203125
2 0.45234375 0.80234375 0.40078125 0.22890625
2 0.75703125 0.89140625 0.18125 0.10546875
2 0.75703125 0.97265625 0.18203125 0.0546875
2 0.44609375 0.975 0.38828125 0.04921875