2 0.7890625 0.02578125 0.10859375 0.02578125
6 0.515625 0.02578125 0.14296875 0.03046875
2 0.6609375 0.02578125 0.13125 0.02734375
2 0.57578125 0.02734375 0.0125 0.02265625
2 0.26953125 0.309375 0.0203125 0.03671875
2 0.83125 0.31015625 0.0203125 0.03671875
2 0.55 0.334375 0.80859375 0.4875
2 0.80703125 0.0625 0.0328125 0.03828125
2 0.4203125 0.0625 0.03359375 0.03828125
2 0.46328125 0.0625 0.04765625 0.03828125
2 0.5140625 0.0625 0.05 0.03828125
2 0.56875 0.0625 0.05390625 0.03828125
2 0.62265625 0.0625 0.04921875 0.03828125
2 0.6703125 0.0625 0.040625 0.03828125
2 0.7171875 0.0625 0.05 0.03828125
2 0.76640625 0.0625 0.04296875 0.03828125
2 0.32578125 0.06640625 0.1296875 0.13203125
2 0.30078125 0.81328125 0.09921875 0.11953125
2 0.425 0.8140625 0.09921875 0.11953125
2 0.54921875 0.8140625 0.09921875 0.11953125
2 0.67421875 0.8140625 0.09921875 0.11953125
2 0.7984375 0.81484375 0.09921875 0.11953125