2 0.95 0.228125 0.0484375 0.0546875
2 0.24921875 0.3015625 0.3265625 0.0703125
2 0.02265625 0.03359375 0.0453125 0.06640625
2 0.265625 0.03359375 0.328125 0.0671875
2 0.45625 0.03359375 0.05 0.0671875
2 0.075 0.03359375 0.05 0.0671875
2 0.81484375 0.03359375 0.0734375 0.0671875
2 0.8890625 0.03359375 0.06875 0.065625
2 0.9625 0.03359375 0.075 0.0671875
2 0.40390625 0.034375 0.028125 0.03984375
2 0.509375 0.034375 0.05234375 0.06640625
2 0.25078125 0.3796875 0.321875 0.0890625
2 0.24921875 0.4703125 0.32421875 0.08515625
6 0.4875 0.49140625 0.0703125 0.0484375
2 0.24921875 0.56171875 0.3234375 0.08984375
6 0.4875 0.6609375 0.071875 0.05
6 0.48828125 0.82734375 0.07109375 0.04765625
2 0.9671875 0.1109375 0.046875 0.05859375
2 0.16171875 0.11171875 0.04765625 0.05703125
2 0.03203125 0.11171875 0.04140625 0.05390625
2 0.77421875 0.11171875 0.0484375 0.0578125
2 0.09609375 0.11171875 0.04140625 0.05390625
6 0.49921875 0.11328125 0.43046875 0.06953125
2 0.9015625 0.11328125 0.05078125 0.06171875
2 0.22734375 0.11328125 0.0484375 0.0609375
2 0.8359375 0.11328125 0.05546875 0.0625
2 0.31015625 0.1140625 0.03984375 0.0578125
2 0.68046875 0.11484375 0.03359375 0.04375
2 0.62578125 0.11484375 0.03984375 0.05
2 0.11640625 0.2046875 0.053125 0.08046875