2 0.30625 0.0265625 0.009375 0.01875
2 0.27890625 0.02734375 0.01015625 0.01875
2 0.265625 0.02734375 0.009375 0.01875
2 0.2921875 0.02734375 0.009375 0.01875
2 0.2453125 0.51640625 0.015625 0.0296875
2 0.26328125 0.51640625 0.01484375 0.02890625
2 0.28125 0.51640625 0.015625 0.02890625
2 0.22734375 0.5171875 0.01484375 0.0296875
2 0.2265625 0.55078125 0.015625 0.028125
2 0.26328125 0.55078125 0.01484375 0.02890625
2 0.2453125 0.5515625 0.015625 0.0296875
6 0.5 0.63359375 0.17734375 0.0359375
2 0.65 0.07578125 0.02109375 0.0421875
2 0.6265625 0.0765625 0.02109375 0.04453125
2 0.3 0.0765625 0.05703125 0.04453125
2 0.71640625 0.0765625 0.10078125 0.04453125
6 0.46015625 0.07734375 0.2515625 0.04296875
2 0.59921875 0.07734375 0.02578125 0.04296875
2 0.78125 0.07890625 0.02109375 0.04140625
2 0.4484375 0.78671875 0.07265625 0.02265625
2 0.2375 0.08125 0.05078125 0.02421875