6 0.47734375 0.19921875 0.2296875 0.040625
2 0.61796875 0.2 0.0390625 0.040625
2 0.0625 0.4296875 0.12421875 0.203125
2 0.1875 0.4296875 0.12578125 0.20234375
2 0.3125 0.4296875 0.12421875 0.20390625
2 0.9375 0.4296875 0.125 0.20234375
2 0.4375 0.43046875 0.125 0.20234375
2 0.5625 0.43046875 0.12421875 0.20234375
2 0.8125 0.43046875 0.125 0.20234375
2 0.6875 0.43046875 0.125 0.20234375
6 0.69453125 0.72421875 0.15234375 0.040625
2 0.7984375 0.725 0.05625 0.040625
2 0.7671875 0.78984375 0.1203125 0.02265625
2 0.4890625 0.85078125 0.0171875 0.02890625
2 0.53359375 0.85078125 0.01796875 0.03125
2 0.5109375 0.85078125 0.01796875 0.03125
2 0.465625 0.85078125 0.0171875 0.0296875