2 0.52421875 0.24609375 0.1484375 0.18671875
2 0.22421875 0.246875 0.1484375 0.18671875
2 0.375 0.246875 0.1484375 0.18671875
2 0.0734375 0.24609375 0.146875 0.1859375
2 0.675 0.246875 0.146875 0.18828125
2 0.82578125 0.246875 0.146875 0.1875
2 0.95078125 0.246875 0.0984375 0.1875
2 0.640625 0.38203125 0.12109375 0.2875
2 0.975 0.42578125 0.0453125 0.0203125
2 0.475 0.42578125 0.0453125 0.0203125
2 0.5359375 0.428125 0.0703125 0.0421875
2 0.2234375 0.596875 0.35546875 0.27265625
2 0.75 0.70234375 0.36796875 0.19375
2 0.475 0.75625 0.0453125 0.01796875
2 0.0203125 0.7671875 0.03828125 0.0578125
6 0.9109375 0.81484375 0.00625 0.0140625
6 0.8703125 0.815625 0.0078125 0.01171875
6 0.80546875 0.81640625 0.109375 0.03515625
6 0.6265625 0.81640625 0.2484375 0.03515625
6 0.875 0.8546875 0.24921875 0.03359375
6 0.6265625 0.8546875 0.2484375 0.03515625
6 0.6265625 0.8921875 0.2484375 0.03515625
6 0.87421875 0.89296875 0.246875 0.034375
2 0.89296875 0.9453125 0.03203125 0.03359375
2 0.9609375 0.9453125 0.0328125 0.0328125
6 0.6265625 0.94609375 0.2484375 0.06484375