2 0.83125 0.18984375 0.00703125 0.16953125
2 0.5046875 0.2 0.140625 0.0453125
2 0.3296875 0.41640625 0.16953125 0.2265625
2 0.5203125 0.49609375 0.1734375 0.0453125
2 0.83125 0.515625 0.00859375 0.01484375
2 0.83125 0.7671875 0.00859375 0.015625
6 0.38125 0.77890625 0.23359375 0.0390625
2 0.83046875 0.82421875 0.00703125 0.09765625
6 0.38125 0.86484375 0.23359375 0.0390625
2 0.2953125 0.9296875 0.0625 0.0453125
2 0.83125 0.95234375 0.00859375 0.01640625
2 0.83125 0.09765625 0.0078125 0.0140625
2 0.3296875 0.11953125 0.16953125 0.2265625