6 0.7296875 0.14296875 0.2625 0.06484375
2 0.909375 0.14296875 0.0984375 0.06484375
2 0.26640625 0.14609375 0.4421875 0.12265625
2 0.409375 0.02265625 0.02890625 0.0453125
2 0.25 0.0234375 0.034375 0.046875
2 0.1484375 0.025 0.040625 0.02578125
2 0.20078125 0.025 0.065625 0.02578125
2 0.33671875 0.025 0.1078125 0.02734375
2 0.084375 0.025 0.0890625 0.02734375
2 0.7953125 0.025 0.065625 0.0484375
2 0.9484375 0.02578125 0.0359375 0.05078125
2 0.846875 0.25546875 0.01484375 0.0203125
2 0.8546875 0.02578125 0.05625 0.0515625
2 0.9046875 0.02578125 0.046875 0.0515625
2 0.5 0.303125 0.71171875 0.11796875
2 0.76640625 0.32578125 0.08671875 0.03125
2 0.26015625 0.80546875 0.4390625 0.3890625
2 0.73828125 0.80546875 0.4390625 0.3890625