2 0.98984375 0.02265625 0.0203125 0.0453125
2 0.009375 0.02421875 0.01875 0.04765625
2 0.496875 0.0765625 0.3 0.153125
2 0.184375 0.08125 0.3 0.1625
2 0.98984375 0.08125 0.0203125 0.15625
2 0.59140625 0.8515625 0.07734375 0.053125
2 0.78359375 0.85546875 0.015625 0.028125
2 0.8125 0.85546875 0.015625 0.028125
2 0.8421875 0.85546875 0.01953125 0.028125
2 0.8734375 0.85546875 0.015625 0.028125
2 0.90078125 0.85546875 0.0140625 0.028125
2 0.7546875 0.85546875 0.015625 0.028125
6 0.4203125 0.8625 0.21953125 0.04921875
2 0.815625 0.0890625 0.30078125 0.17734375