6 0.31953125 0.3859375 0.1390625 0.04765625
2 0.4109375 0.3859375 0.01484375 0.04765625
2 0.43046875 0.3859375 0.01484375 0.04765625
2 0.45 0.3859375 0.01484375 0.04765625
2 0.46875 0.3859375 0.01484375 0.04765625
2 0.26484375 0.46640625 0.0546875 0.06953125
2 0.325 0.46640625 0.0671875 0.06953125
2 0.39453125 0.46640625 0.071875 0.06953125
2 0.459375 0.46640625 0.0578125 0.06953125
2 0.5140625 0.46640625 0.05234375 0.06953125
2 0.575 0.46640625 0.06953125 0.06953125
2 0.64921875 0.46640625 0.07890625 0.06953125
2 0.31796875 0.2234375 0.1390625 0.234375