2 0.81328125 0.021875 0.03359375 0.04296875
2 0.8625 0.021875 0.065625 0.04296875
2 0.9125 0.021875 0.03359375 0.04296875
2 0.9484375 0.021875 0.0390625 0.04296875
2 0.9796875 0.021875 0.02265625 0.04375
2 0.39609375 0.25703125 0.07421875 0.04375
2 0.4640625 0.2578125 0.0578125 0.04296875
2 0.521875 0.2578125 0.05703125 0.04296875
2 0.5796875 0.2578125 0.0609375 0.04296875
2 0.6265625 0.2578125 0.03125 0.04296875
6 0.4703125 0.4765625 0.284375 0.0375
2 0.64375 0.4765625 0.053125 0.0375
6 0.6421875 0.75078125 0.0984375 0.0375
2 0.728125 0.75078125 0.06328125 0.0375
2 0.5 0.1359375 0.1125 0.0890625