2 0.0734375 0.0359375 0.13203125 0.0453125
2 0.025 0.03828125 0.03828125 0.05078125
2 0.1296875 0.03828125 0.15859375 0.06484375
2 0.140625 0.05078125 0.05078125 0.0140625
2 0.58671875 0.040625 0.05546875 0.06484375
2 0.6828125 0.040625 0.13671875 0.06484375
2 0.790625 0.040625 0.0765625 0.06484375
2 0.8640625 0.040625 0.06953125 0.06484375
2 0.9484375 0.040625 0.09609375 0.06484375
6 0.5328125 0.03828125 0.04296875 0.05078125
6 0.3859375 0.03828125 0.25234375 0.05078125
2 0.68359375 0.1140625 0.11328125 0.04296875
2 0.0953125 0.1046875 0.16796875 0.05078125
2 0.80390625 0.1046875 0.3890625 0.053125
2 0.2453125 0.103125 0.06015625 0.03359375
2 0.31875 0.103125 0.08671875 0.03359375
2 0.3890625 0.103125 0.053125 0.03359375
2 0.4625 0.103125 0.0890625 0.03359375
2 0.5484375 0.103125 0.0796875 0.03359375
2 0.26328125 0.16015625 0.0984375 0.03359375
2 0.33984375 0.16015625 0.053125 0.03359375
2 0.4265625 0.16015625 0.11796875 0.03359375
2 0.50703125 0.16015625 0.03828125 0.03359375
2 0.25 0.2171875 0.06953125 0.03359375
2 0.31015625 0.2171875 0.0453125 0.03359375
2 0.3859375 0.2171875 0.10078125 0.03359375
2 0.03984375 0.2921875 0.0796875 0.3296875
2 0.96015625 0.2921875 0.0765625 0.3265625
2 0.103125 0.6046875 0.12734375 0.1515625
2 0.24375 0.6046875 0.12734375 0.1515625
2 0.103125 0.81484375 0.12734375 0.1515625
2 0.24375 0.81484375 0.12734375 0.1515625
2 0.1734375 0.9625 0.26953125 0.0265625
2 0.43046875 0.63125 0.12734375 0.134375
2 0.56953125 0.63125 0.1296875 0.134375
2 0.43046875 0.8234375 0.12734375 0.134375
2 0.56953125 0.8234375 0.1296875 0.134375
2 0.5 0.9625 0.26953125 0.0265625
2 0.8265625 0.72578125 0.26953125 0.396875
2 0.8265625 0.9625 0.26953125 0.0265625