2 0.0390625 0.353125 0.078125 0.32578125
2 0.9609375 0.353125 0.078125 0.32578125
2 0.1296875 0.0390625 0.15703125 0.06484375
2 0.025 0.0390625 0.0375 0.05234375
6 0.3078125 0.0390625 0.0828125 0.04921875
2 0.37109375 0.0390625 0.0453125 0.05234375
2 0.24140625 0.03984375 0.05 0.05078125
2 0.425 0.040625 0.05546875 0.06484375
2 0.52578125 0.040625 0.14375 0.06484375
2 0.66484375 0.040625 0.1328125 0.06484375
2 0.7796875 0.040625 0.09453125 0.06484375
2 0.9125 0.040625 0.16875 0.06484375
2 0.8265625 0.75703125 0.29375 0.32734375
2 0.1734375 0.82265625 0.26875 0.3125
2 0.5 0.85078125 0.26953125 0.2984375
2 0.24375 0.103125 0.071875 0.03359375
2 0.3328125 0.103125 0.10078125 0.03359375
2 0.4109375 0.103125 0.0515625 0.03359375
2 0.8078125 0.103125 0.384375 0.05078125
2 0.090625 0.1046875 0.159375 0.05078125
2 0.52578125 0.1140625 0.13203125 0.04296875