2 0.0734375 0.0359375 0.13203125 0.0453125
2 0.025 0.03828125 0.03828125 0.05078125
2 0.1296875 0.03828125 0.15859375 0.06484375
2 0.665625 0.040625 0.13671875 0.06484375
2 0.77265625 0.040625 0.0765625 0.06484375
2 0.84765625 0.040625 0.06953125 0.06484375
2 0.93984375 0.040625 0.115625 0.06484375
6 0.57109375 0.03828125 0.04296875 0.05078125
6 0.4046875 0.03828125 0.290625 0.05078125
2 0.665625 0.1140625 0.11328125 0.04296875
2 0.0734375 0.1046875 0.125 0.05078125
2 0.80390625 0.1046875 0.3890625 0.053125
2 0.25 0.103125 0.084375 0.03359375
2 0.33671875 0.103125 0.084375 0.03359375
2 0.42890625 0.103125 0.09609375 0.03359375
2 0.5046875 0.103125 0.053125 0.03359375
2 0.25703125 0.16015625 0.0984375 0.03359375
2 0.36640625 0.16015625 0.11796875 0.03359375
2 0.48203125 0.16015625 0.1078125 0.03359375
2 0.24296875 0.2171875 0.06953125 0.03359375
2 0.31953125 0.2171875 0.0796875 0.03359375
2 0.42578125 0.2171875 0.1296875 0.03359375
2 0.509375 0.2171875 0.03359375 0.03359375
2 0.24296875 0.275 0.06953125 0.03359375
2 0.32578125 0.275 0.09140625 0.03359375
2 0.3921875 0.275 0.03828125 0.03359375
2 0.46484375 0.275 0.103125 0.03359375
2 0.03984375 0.353125 0.0796875 0.3265625
2 0.96015625 0.353125 0.0765625 0.3265625
2 0.17421875 0.8328125 0.26953125 0.33203125
2 0.5 0.85 0.271875 0.2984375
2 0.93515625 0.93125 0.0765625 0.01953125