2 0.0984375 0.0359375 0.1828125 0.0453125
2 0.025 0.03828125 0.03828125 0.05078125
2 0.1296875 0.03828125 0.15859375 0.06484375
2 0.5265625 0.040625 0.05546875 0.06484375
2 0.63125 0.040625 0.15390625 0.06484375
2 0.75390625 0.040625 0.0890625 0.06484375
2 0.8421875 0.040625 0.08671875 0.06484375
2 0.94140625 0.040625 0.1109375 0.06484375
6 0.4734375 0.03828125 0.0453125 0.05078125
6 0.36796875 0.03828125 0.16796875 0.05078125
2 0.63203125 0.1140625 0.1734375 0.04296875
2 0.0765625 0.1046875 0.13203125 0.05078125
2 0.80390625 0.1046875 0.3890625 0.053125
2 0.24765625 0.1140625 0.0796875 0.0265625
2 0.33984375 0.1140625 0.10078125 0.0265625
2 0.43515625 0.1140625 0.08671875 0.0265625
2 0.5265625 0.1140625 0.09140625 0.0265625
2 0.22265625 0.1671875 0.02890625 0.0265625
2 0.27265625 0.1671875 0.0671875 0.0265625
2 0.33515625 0.1671875 0.053125 0.0265625
2 0.42421875 0.1671875 0.11796875 0.0265625
2 0.27265625 0.21875 0.1296875 0.0265625
2 0.3734375 0.21875 0.0671875 0.0265625
2 0.4625 0.21875 0.10546875 0.0265625
2 0.2640625 0.2703125 0.11328125 0.0265625
2 0.35703125 0.2703125 0.0671875 0.0265625
2 0.4328125 0.2703125 0.08203125 0.0265625
2 0.525 0.2703125 0.10078125 0.0265625
2 0.03984375 0.2921875 0.0796875 0.3296875
2 0.96015625 0.2921875 0.0765625 0.3265625
2 0.1734375 0.7671875 0.26953125 0.3390625
2 0.5 0.7984375 0.271875 0.4015625
2 0.828125 0.99296875 0.26953125 0.01171875
2 0.828125 0.99140625 0.271875 0.0140625
2 0.9109375 0.8703125 0.125 0.01953125