2 0.0734375 0.0359375 0.13203125 0.0453125
2 0.025 0.03828125 0.03828125 0.05078125
2 0.1296875 0.03828125 0.15859375 0.06484375
2 0.140625 0.05078125 0.05078125 0.0140625
2 0.6828125 0.040625 0.13671875 0.06484375
2 0.790625 0.040625 0.0765625 0.06484375
2 0.8640625 0.040625 0.06953125 0.06484375
2 0.9484375 0.040625 0.09609375 0.06484375
6 0.5890625 0.03828125 0.04296875 0.05078125
6 0.41328125 0.03828125 0.3078125 0.05078125
2 0.68359375 0.1140625 0.11328125 0.04296875
2 0.0734375 0.1046875 0.125 0.05078125
2 0.80390625 0.1046875 0.3890625 0.053125
2 0.25 0.103125 0.084375 0.03359375
2 0.34140625 0.103125 0.09609375 0.03359375
2 0.43984375 0.103125 0.0984375 0.03359375
2 0.5171875 0.103125 0.053125 0.03359375
2 0.24765625 0.16015625 0.0796875 0.03359375
2 0.3234375 0.16015625 0.071875 0.03359375
2 0.41953125 0.16015625 0.11796875 0.03359375
2 0.50625 0.16015625 0.05078125 0.03359375
2 0.24765625 0.2171875 0.0796875 0.03359375
2 0.32578125 0.2171875 0.07421875 0.03359375
2 0.38203125 0.2171875 0.03828125 0.03359375
2 0.03984375 0.2921875 0.0796875 0.3296875
2 0.96015625 0.2921875 0.0765625 0.3265625
2 0.1734375 0.72578125 0.26953125 0.396875
2 0.1734375 0.9625 0.26953125 0.0265625
2 0.5 0.72578125 0.26953125 0.396875
2 0.5 0.9625 0.26953125 0.0265625
2 0.8265625 0.94375 0.26953125 0.03828125
2 0.8265625 0.94375 0.26953125 0.040625
2 0.93515625 0.79296875 0.0765625 0.01953125