2 0.09140625 0.0359375 0.16796875 0.0453125
2 0.025 0.03828125 0.03828125 0.05078125
2 0.1296875 0.03828125 0.15859375 0.06484375
2 0.42578125 0.040625 0.05546875 0.06484375
2 0.5265625 0.040625 0.14453125 0.06484375
2 0.66484375 0.040625 0.13203125 0.06484375
2 0.7796875 0.040625 0.09609375 0.06484375
2 0.9125 0.040625 0.16796875 0.06484375
6 0.37109375 0.03828125 0.0453125 0.05078125
6 0.3078125 0.03828125 0.08203125 0.05078125
2 0.5265625 0.1140625 0.13203125 0.04296875
2 0.08984375 0.1046875 0.15859375 0.05078125
2 0.80390625 0.1046875 0.3890625 0.053125
2 0.24375 0.103125 0.071875 0.03359375
2 0.3328125 0.103125 0.10078125 0.03359375
2 0.4265625 0.103125 0.08671875 0.03359375
2 0.26953125 0.16015625 0.12265625 0.03359375
2 0.36796875 0.16015625 0.06953125 0.03359375
2 0.4265625 0.16015625 0.04296875 0.03359375
2 0.50625 0.16015625 0.11328125 0.03359375
2 0.29453125 0.2171875 0.1734375 0.03359375
2 0.41796875 0.2171875 0.071875 0.03359375
2 0.50859375 0.2171875 0.10546875 0.03359375
2 0.2609375 0.275 0.10546875 0.03359375
2 0.3546875 0.275 0.08203125 0.03359375
2 0.43125 0.275 0.0671875 0.03359375
2 0.51953125 0.275 0.10546875 0.03359375
2 0.25859375 0.33203125 0.10078125 0.03359375
2 0.34765625 0.33203125 0.07421875 0.03359375
2 0.03984375 0.353125 0.0796875 0.3265625
2 0.96015625 0.353125 0.0765625 0.3265625
2 0.1734375 0.8234375 0.26953125 0.3125
2 0.5 0.85 0.271875 0.2984375
2 0.92421875 0.93125 0.10078125 0.01953125