2 0.0390625 0.29140625 0.078125 0.32578125
2 0.9609375 0.29140625 0.078125 0.32578125
2 0.24921875 0.03828125 0.06640625 0.053125
2 0.1296875 0.0390625 0.15703125 0.06484375
2 0.025 0.0390625 0.0375 0.05234375
6 0.3671875 0.0390625 0.1703125 0.04921875
2 0.4734375 0.0390625 0.0453125 0.05234375
2 0.5265625 0.040625 0.05390625 0.06484375
2 0.63125 0.040625 0.153125 0.06484375
2 0.75390625 0.040625 0.0875 0.06484375
2 0.8421875 0.040625 0.08515625 0.06484375
2 0.94140625 0.040625 0.109375 0.06484375
2 0.8265625 0.69453125 0.2921875 0.3265625
2 0.1734375 0.7671875 0.26875 0.33828125
2 0.5 0.7984375 0.26953125 0.40234375
2 0.82734375 0.9921875 0.26953125 0.015625
2 0.82734375 0.99296875 0.2671875 0.0140625
2 0.8703125 0.10234375 0.259375 0.0515625
2 0.07734375 0.1046875 0.1328125 0.05078125
2 0.63203125 0.1140625 0.175 0.04296875
2 0.24765625 0.11484375 0.07890625 0.02578125
2 0.33984375 0.11484375 0.1 0.02578125
2 0.434375 0.11484375 0.0859375 0.02578125
2 0.5 0.11484375 0.040625 0.02578125