2 0.0390625 0.29140625 0.078125 0.32578125
2 0.9609375 0.29140625 0.078125 0.32578125
2 0.1296875 0.0390625 0.15703125 0.06484375
2 0.23671875 0.0390625 0.04609375 0.05
2 0.025 0.0390625 0.0375 0.05234375
6 0.38515625 0.0390625 0.25078125 0.04921875
2 0.53203125 0.0390625 0.0453125 0.05234375
2 0.58671875 0.040625 0.05546875 0.06484375
2 0.6828125 0.040625 0.1359375 0.06484375
2 0.790625 0.040625 0.07734375 0.06484375
2 0.8640625 0.040625 0.06875 0.06484375
2 0.94765625 0.040625 0.096875 0.06484375
2 0.103125 0.60390625 0.128125 0.15078125
2 0.24375 0.60390625 0.128125 0.15078125
2 0.4296875 0.63125 0.12890625 0.134375
2 0.5703125 0.63125 0.12890625 0.134375
2 0.82734375 0.7265625 0.26953125 0.39609375
2 0.103125 0.81484375 0.128125 0.15078125
2 0.24375 0.81484375 0.128125 0.15078125
2 0.4296875 0.8234375 0.12890625 0.134375
2 0.5703125 0.8234375 0.12890625 0.134375
2 0.24453125 0.103125 0.059375 0.03359375
2 0.31875 0.103125 0.08515625 0.03359375
2 0.38984375 0.103125 0.053125 0.03359375
2 0.4625 0.103125 0.0890625 0.03359375
2 0.5484375 0.103125 0.07890625 0.03359375
2 0.88046875 0.10234375 0.2390625 0.0515625
2 0.09453125 0.1046875 0.16796875 0.05078125
2 0.68359375 0.1140625 0.1109375 0.04296875