2 0.09375 0.0359375 0.17578125 0.0453125
2 0.025 0.03828125 0.03828125 0.05078125
2 0.1296875 0.03828125 0.15859375 0.06484375
2 0.15390625 0.05078125 0.0765625 0.0140625
2 0.6265625 0.040625 0.1390625 0.06484375
2 0.75625 0.040625 0.11796875 0.06484375
2 0.85 0.040625 0.06953125 0.06484375
2 0.94140625 0.040625 0.1109375 0.06484375
6 0.5296875 0.03828125 0.04296875 0.05078125
6 0.43515625 0.03828125 0.14921875 0.05078125
2 0.62734375 0.1140625 0.1421875 0.04296875
2 0.0984375 0.1046875 0.17578125 0.05078125
2 0.80390625 0.1046875 0.3890625 0.053125
2 0.265625 0.103125 0.11796875 0.03359375
2 0.3765625 0.103125 0.10078125 0.03359375
2 0.5 0.103125 0.14453125 0.03359375
2 0.2453125 0.16015625 0.07421875 0.03359375
2 0.30859375 0.16015625 0.05078125 0.03359375
2 0.39453125 0.16015625 0.11796875 0.03359375
2 0.4984375 0.16015625 0.08671875 0.03359375
2 0.56484375 0.16015625 0.04296875 0.03359375
2 0.240625 0.2171875 0.06484375 0.03359375
2 0.328125 0.2171875 0.1078125 0.03359375
2 0.44375 0.2171875 0.1203125 0.03359375
2 0.2703125 0.275 0.12734375 0.03359375
2 0.3640625 0.275 0.0578125 0.03359375
2 0.453125 0.275 0.11796875 0.03359375
2 0.03984375 0.353125 0.0796875 0.3265625
2 0.96015625 0.353125 0.0765625 0.3265625
2 0.17421875 0.85 0.26953125 0.2984375
2 0.5 0.85 0.271875 0.2984375
2 0.89453125 0.93125 0.15859375 0.01953125