2 0.0390625 0.29140625 0.078125 0.32578125
2 0.9609375 0.29140625 0.078125 0.32578125
2 0.23671875 0.03828125 0.0453125 0.053125
2 0.1296875 0.0390625 0.15703125 0.06484375
2 0.025 0.0390625 0.0375 0.05234375
6 0.41328125 0.0390625 0.3078125 0.04921875
2 0.5890625 0.0390625 0.0453125 0.05234375
2 0.6828125 0.040625 0.1359375 0.06484375
2 0.790625 0.040625 0.07734375 0.06484375
2 0.8640625 0.040625 0.06875 0.06484375
2 0.94765625 0.040625 0.096875 0.06484375
2 0.82734375 0.61796875 0.29375 0.32578125
2 0.1734375 0.7265625 0.26875 0.39609375
2 0.5 0.7265625 0.26953125 0.39609375
2 0.82734375 0.94375 0.2671875 0.0375
2 0.82734375 0.94375 0.26953125 0.040625
2 0.25 0.103125 0.084375 0.03359375
2 0.34140625 0.103125 0.09453125 0.03359375
2 0.43984375 0.103125 0.0984375 0.03359375
2 0.5171875 0.103125 0.0515625 0.03359375
2 0.88046875 0.10234375 0.2390625 0.0515625
2 0.0734375 0.1046875 0.125 0.05078125
2 0.68359375 0.1140625 0.1109375 0.04296875