2 0.0390625 0.353125 0.078125 0.32578125
2 0.9609375 0.353125 0.078125 0.32578125
2 0.2375 0.03828125 0.04609375 0.05234375
2 0.1296875 0.0390625 0.15703125 0.06484375
2 0.025 0.0390625 0.0375 0.05234375
6 0.4046875 0.0390625 0.28984375 0.04921875
2 0.57109375 0.0390625 0.0453125 0.05234375
2 0.665625 0.040625 0.1359375 0.06484375
2 0.77265625 0.040625 0.07734375 0.06484375
2 0.846875 0.040625 0.06953125 0.06484375
2 0.93984375 0.040625 0.1140625 0.06484375
2 0.1734375 0.8328125 0.26875 0.334375
2 0.5 0.85078125 0.26953125 0.2984375
2 0.25 0.103125 0.084375 0.03359375
2 0.33671875 0.103125 0.08515625 0.03359375
2 0.42890625 0.103125 0.0953125 0.03359375
2 0.5046875 0.103125 0.0515625 0.03359375
2 0.87109375 0.10234375 0.2578125 0.0515625
2 0.0734375 0.1046875 0.125 0.05078125
2 0.665625 0.1140625 0.1109375 0.04296875