2 0.0390625 0.29140625 0.078125 0.32578125
2 0.9609375 0.29140625 0.078125 0.32578125
2 0.24609375 0.03828125 0.06015625 0.04921875
2 0.1296875 0.0390625 0.15703125 0.06484375
2 0.025 0.0390625 0.0375 0.05234375
6 0.39921875 0.0390625 0.24140625 0.04921875
2 0.540625 0.0390625 0.0453125 0.05234375
2 0.63359375 0.040625 0.1328125 0.06484375
2 0.74296875 0.040625 0.0828125 0.06484375
2 0.82734375 0.040625 0.084375 0.06484375
2 0.93359375 0.040625 0.1265625 0.06484375
2 0.103125 0.60390625 0.128125 0.15078125
2 0.24375 0.60390625 0.128125 0.15078125
2 0.82734375 0.68515625 0.26953125 0.3125
2 0.5 0.7265625 0.26953125 0.39609375
2 0.103125 0.81484375 0.128125 0.15078125
2 0.24375 0.81484375 0.128125 0.15078125
2 0.25703125 0.103125 0.0984375 0.03359375
2 0.334375 0.103125 0.05078125 0.03359375
2 0.4109375 0.103125 0.0984375 0.03359375
2 0.8578125 0.10234375 0.284375 0.0515625
2 0.1 0.1046875 0.178125 0.05078125
2 0.634375 0.1140625 0.11796875 0.04296875