2 0.0390625 0.353125 0.078125 0.32578125
2 0.9609375 0.353125 0.078125 0.32578125
2 0.1296875 0.0390625 0.15703125 0.06484375
2 0.025 0.0390625 0.0375 0.05234375
2 0.28828125 0.0390625 0.1453125 0.05
6 0.434375 0.0390625 0.1484375 0.04921875
2 0.53046875 0.0390625 0.0453125 0.05234375
2 0.6265625 0.040625 0.13984375 0.06484375
2 0.75625 0.040625 0.1171875 0.06484375
2 0.85 0.040625 0.06953125 0.06484375
2 0.940625 0.040625 0.11015625 0.06484375
2 0.8265625 0.75703125 0.29296875 0.3234375
2 0.1734375 0.85078125 0.26875 0.2984375
2 0.5 0.85078125 0.26953125 0.2984375
2 0.26640625 0.103125 0.11640625 0.03359375
2 0.3765625 0.103125 0.10078125 0.03359375
2 0.48046875 0.103125 0.103125 0.03359375
2 0.86015625 0.103125 0.2796875 0.05078125
2 0.0984375 0.1046875 0.17578125 0.05078125
2 0.62734375 0.1140625 0.14140625 0.04296875