2 0.1890625 0.22578125 0.2890625 0.4515625
2 0.5 0.22578125 0.2890625 0.4515625
2 0.8125 0.228125 0.290625 0.44453125
2 0.9875 0.2296875 0.025 0.43828125
2 0.0625 0.55 0.0359375 0.04921875
2 0.0828125 0.675 0.01640625 0.0296875
2 0.1140625 0.675 0.01640625 0.0296875
2 0.14453125 0.675 0.01640625 0.0296875
2 0.175 0.675 0.01640625 0.0296875
2 0.053125 0.675 0.01640625 0.0296875
6 0.53671875 0.678125 0.22109375 0.0578125
2 0.6953125 0.67890625 0.07265625 0.06015625
6 0.3421875 0.6796875 0.146875 0.06015625
2 0.98828125 0.13671875 0.021875 0.07265625