2 0.97265625 0.16796875 0.025 0.0328125
6 0.103125 0.33671875 0.12890625 0.06640625
6 0.24296875 0.33671875 0.12890625 0.06640625
2 0.29375 0.03671875 0.07109375 0.06796875
2 0.21640625 0.0375 0.0703125 0.06015625
2 0.3796875 0.0375 0.090625 0.0546875
2 0.12109375 0.03828125 0.09140625 0.0578125
2 0.78359375 0.03828125 0.05390625 0.05546875
2 0.8515625 0.0390625 0.071875 0.05234375
2 0.9390625 0.0390625 0.0828125 0.05234375
2 0.03984375 0.03984375 0.06171875 0.0734375
2 0.47734375 0.03984375 0.0953125 0.05546875
2 0.1734375 0.41640625 0.26796875 0.0625
6 0.103125 0.4828125 0.12734375 0.03125
2 0.1734375 0.5453125 0.26875 0.06640625
2 0.45390625 0.60859375 0.17578125 0.06640625
2 0.51015625 0.69140625 0.0203125 0.02890625
2 0.590625 0.69296875 0.01796875 0.0296875
2 0.61484375 0.88671875 0.22890625 0.190625
2 0.15078125 0.8875 0.2296875 0.19140625
2 0.38515625 0.8875 0.2328125 0.19140625
2 0.8484375 0.8875 0.23359375 0.19140625