2 0.53515625 0.0171875 0.08671875 0.03359375
2 0.61171875 0.0171875 0.0671875 0.03359375
2 0.7140625 0.0171875 0.1390625 0.03359375
2 0.834375 0.0171875 0.10078125 0.03359375
2 0.94609375 0.0171875 0.10546875 0.03359375
2 0.08203125 0.0796875 0.16328125 0.09140625
2 0.2078125 0.0796875 0.0890625 0.0625
2 0.29921875 0.0796875 0.09609375 0.0625
2 0.41484375 0.0796875 0.1390625 0.0625
2 0.55625 0.0796875 0.146875 0.0625
2 0.6515625 0.0796875 0.0453125 0.09140625
2 0.8125 0.0796875 0.1390625 0.0625
2 0.93984375 0.08046875 0.11796875 0.09375
2 0.14453125 0.60078125 0.196875 0.06953125
6 0.61796875 0.978125 0.2046875 0.04296875
6 0.85234375 0.978125 0.2046875 0.04296875
2 0.61875 0.93984375 0.09375 0.05078125
2 0.7796875 0.85703125 0.03828125 0.03828125