2 0.25 0.31015625 0.15234375 0.03671875
2 0.25 0.34765625 0.15234375 0.03671875
2 0.25 0.38515625 0.15234375 0.03671875
2 0.25 0.42265625 0.15234375 0.03671875
2 0.25 0.46015625 0.15234375 0.03671875
2 0.25 0.49765625 0.15234375 0.03671875
2 0.25 0.53515625 0.15234375 0.03671875
2 0.26328125 0.64140625 0.053125 0.06328125
2 0.3609375 0.64140625 0.08203125 0.06328125
2 0.471875 0.64140625 0.07890625 0.06328125
2 0.559375 0.64140625 0.03359375 0.06328125
2 0.6265625 0.64140625 0.04140625 0.06328125
2 0.7296875 0.64140625 0.103125 0.06328125
2 0.19609375 0.64296875 0.0390625 0.06328125
6 0.71640625 0.79765625 0.2015625 0.040625
2 0.71640625 0.8484375 0.2015625 0.040625
2 0.7015625 0.953125 0.02265625 0.040625
2 0.78125 0.9546875 0.02265625 0.040625
2 0.80859375 0.9546875 0.02265625 0.040625
2 0.64609375 0.9546875 0.02265625 0.040625
2 0.6734375 0.9546875 0.02265625 0.040625
2 0.72734375 0.9546875 0.02265625 0.040625
2 0.7546875 0.9546875 0.02265625 0.040625
2 0.19921875 0.9578125 0.03359375 0.0421875