6 0.2328125 0.30625 0.1921875 0.0265625
6 0.23671875 0.33984375 0.2015625 0.02890625
6 0.35078125 0.33203125 0.021875 0.02890625
6 0.4640625 0.30625 0.16328125 0.0265625
6 0.4828125 0.33984375 0.2015625 0.02890625
6 0.59765625 0.33203125 0.021875 0.02890625
6 0.71640625 0.30625 0.1734375 0.0265625
6 0.73046875 0.33984375 0.2015625 0.02890625
6 0.8453125 0.33203125 0.021875 0.02890625
2 0.1984375 0.4625 0.00234375 0.00234375
2 0.44375 0.4625 0.00234375 0.00234375
2 0.69140625 0.4625 0.00234375 0.00234375
2 0.1546875 0.63125 0.00234375 0.00234375
2 0.4015625 0.63125 0.00234375 0.00234375
6 0.21484375 0.80546875 0.15859375 0.0265625
6 0.23671875 0.8390625 0.2015625 0.02890625
6 0.35078125 0.83046875 0.021875 0.02890625
6 0.4796875 0.80546875 0.19453125 0.0265625
6 0.4828125 0.8390625 0.2015625 0.02890625
6 0.59765625 0.83046875 0.021875 0.02890625
2 0.1984375 0.96171875 0.00234375 0.00234375
2 0.44375 0.96171875 0.00234375 0.00234375