2 0.0390625 0.29140625 0.078125 0.32578125
2 0.9609375 0.29140625 0.078125 0.32578125
2 0.1296875 0.0390625 0.15703125 0.06484375
2 0.025 0.0390625 0.0375 0.05234375
6 0.3734375 0.0390625 0.2265625 0.04921875
2 0.5078125 0.0390625 0.0453125 0.05234375
2 0.23671875 0.03984375 0.0453125 0.05078125
2 0.56171875 0.040625 0.05546875 0.06484375
2 0.65859375 0.040625 0.1359375 0.06484375
2 0.76640625 0.040625 0.07734375 0.06484375
2 0.85234375 0.040625 0.09296875 0.06484375
2 0.94765625 0.040625 0.096875 0.06484375
2 0.82890625 0.6171875 0.29453125 0.32890625
2 0.5 0.7265625 0.26953125 0.39609375
2 0.1734375 0.74375 0.26875 0.3609375
2 0.82734375 0.94375 0.2671875 0.0375
2 0.82734375 0.94375 0.26953125 0.040625
2 0.25 0.103125 0.084375 0.03359375
2 0.35234375 0.103125 0.1171875 0.03359375
2 0.4625 0.103125 0.0984375 0.03359375
2 0.5515625 0.103125 0.075 0.03359375
2 0.63671875 0.103125 0.0921875 0.03359375
2 0.73203125 0.103125 0.09453125 0.03359375
2 0.09453125 0.1046875 0.16796875 0.05078125
2 0.659375 0.1140625 0.1109375 0.04296875