2 0.0734375 0.0359375 0.13203125 0.0453125
2 0.025 0.03828125 0.03828125 0.05078125
2 0.1296875 0.03828125 0.15859375 0.06484375
2 0.140625 0.05078125 0.05078125 0.0140625
2 0.5625 0.040625 0.05546875 0.06484375
2 0.65859375 0.040625 0.13671875 0.06484375
2 0.765625 0.040625 0.0765625 0.06484375
2 0.85234375 0.040625 0.09375 0.06484375
2 0.9484375 0.040625 0.09609375 0.06484375
6 0.50703125 0.03828125 0.04296875 0.05078125
6 0.37265625 0.03828125 0.22578125 0.05078125
2 0.65859375 0.1140625 0.11328125 0.04296875
2 0.0953125 0.1046875 0.16796875 0.05078125
2 0.890625 0.103125 0.19453125 0.03359375
2 0.25 0.103125 0.084375 0.03359375
2 0.35234375 0.103125 0.11796875 0.03359375
2 0.4625 0.103125 0.0984375 0.03359375
2 0.5515625 0.103125 0.07421875 0.03359375
2 0.63671875 0.103125 0.09140625 0.03359375
2 0.73203125 0.103125 0.09609375 0.03359375
2 0.2453125 0.16015625 0.07421875 0.03359375
2 0.31484375 0.16015625 0.06484375 0.03359375
2 0.39921875 0.16015625 0.10078125 0.03359375
2 0.4703125 0.16015625 0.03828125 0.03359375
2 0.55546875 0.16015625 0.13203125 0.03359375
2 0.65625 0.16015625 0.0671875 0.03359375
2 0.740625 0.16015625 0.09609375 0.03359375
2 0.259375 0.2171875 0.103125 0.03359375
2 0.03984375 0.2921875 0.0796875 0.3296875
2 0.96015625 0.2921875 0.0765625 0.3265625
2 0.1734375 0.74375 0.26953125 0.3609375
2 0.1734375 0.9625 0.26953125 0.0265625
2 0.5 0.72578125 0.26953125 0.396875
2 0.5 0.9625 0.26953125 0.0265625
2 0.8265625 0.94375 0.26953125 0.03828125
2 0.8265625 0.94375 0.26953125 0.040625