2 0.1328125 0.0453125 0.12734375 0.06328125
2 0.4390625 0.0453125 0.103125 0.090625
2 0.5640625 0.0453125 0.06875 0.090625
2 0.6921875 0.0453125 0.109375 0.090625
2 0.81953125 0.0453125 0.0671875 0.090625
2 0.90078125 0.0453125 0.0546875 0.090625
2 0.840625 0.5703125 0.06796875 0.09296875
2 0.7265625 0.571875 0.0671875 0.08828125
2 0.9546875 0.571875 0.06953125 0.09296875
2 0.6140625 0.57265625 0.06953125 0.09375
2 0.4984375 0.57265625 0.0734375 0.09296875
2 0.1453125 0.6953125 0.134375 0.0625
6 0.72734375 0.7484375 0.52265625 0.0890625
2 0.85546875 0.93515625 0.1328125 0.0625