2 0.8734375 0.2703125 0.01015625 0.01796875
2 0.88125 0.3 0.009375 0.01640625
2 0.86484375 0.3109375 0.01484375 0.028125
2 0.69921875 0.31953125 0.02109375 0.03984375
2 0.88046875 0.3234375 0.0078125 0.0328125
2 0.8328125 0.0375 0.01875 0.0390625
2 0.8609375 0.0375 0.01875 0.0390625
2 0.88984375 0.0375 0.01875 0.0390625
2 0.525 0.459375 0.2734375 0.16015625
2 0.69609375 0.48125 0.01484375 0.028125
2 0.71796875 0.48203125 0.0171875 0.02890625
2 0.32734375 0.4921875 0.046875 0.084375
2 0.86484375 0.525 0.01484375 0.0265625
2 0.7 0.53359375 0.021875 0.03671875
6 0.265625 0.5921875 0.13984375 0.0265625
2 0.2171875 0.63203125 0.03515625 0.028125
2 0.525 0.6546875 0.28125 0.165625
2 0.71875 0.67578125 0.0171875 0.03046875
2 0.69609375 0.6765625 0.01640625 0.03046875
2 0.86484375 0.721875 0.0171875 0.0328125
2 0.7 0.728125 0.021875 0.0390625
2 0.2734375 0.73984375 0.15546875 0.10234375
2 0.88125 0.81328125 0.0078125 0.01640625
2 0.7578125 0.08671875 0.02734375 0.028125
2 0.7859375 0.0875 0.028125 0.028125
2 0.8140625 0.0875 0.0265625 0.028125
2 0.846875 0.0875 0.0390625 0.028125
2 0.884375 0.0875 0.03515625 0.028125
2 0.5921875 0.0875 0.02890625 0.028125
2 0.625 0.0875 0.03671875 0.028125
2 0.6640625 0.0875 0.04140625 0.028125
2 0.71484375 0.0875 0.059375 0.028125
2 0.628125 0.90234375 0.05078125 0.09140625
2 0.2734375 0.93203125 0.15390625 0.1359375