2 0.715625 0.253125 0.00703125 0.01328125
6 0.58203125 0.29609375 0.259375 0.03046875
6 0.3109375 0.29765625 0.259375 0.03125
2 0.7078125 0.03125 0.015625 0.028125
2 0.7234375 0.03125 0.0171875 0.028125
2 0.740625 0.03125 0.0171875 0.028125
2 0.75703125 0.03125 0.0171875 0.028125
6 0.3109375 0.3546875 0.26015625 0.028125
6 0.58046875 0.35546875 0.259375 0.02890625
2 0.715625 0.37734375 0.00546875 0.2328125
6 0.58125 0.4125 0.2578125 0.028125
6 0.3109375 0.41328125 0.259375 0.0296875
2 0.446875 0.4859375 0.0640625 0.0421875
2 0.715625 0.525 0.0078125 0.01484375
2 0.221875 0.07734375 0.18046875 0.06875
2 0.746875 0.0859375 0.0125 0.02265625
2 0.825 0.0953125 0.075 0.0578125