2 0.1046875 0.01953125 0.08203125 0.03828125
2 0.2046875 0.01953125 0.10078125 0.03828125
2 0.35078125 0.01953125 0.17578125 0.03828125
2 0.5328125 0.01953125 0.16796875 0.03828125
2 0.68125 0.01953125 0.10546875 0.03828125
2 0.8125 0.01953125 0.134375 0.03828125
2 0.91953125 0.01953125 0.0578125 0.03828125
2 0.11328125 0.2171875 0.11328125 0.14921875
2 0.25859375 0.46484375 0.11328125 0.03828125
2 0.3703125 0.46484375 0.103125 0.03828125
2 0.4953125 0.46484375 0.1390625 0.03828125
2 0.62109375 0.46484375 0.10546875 0.03828125
2 0.73828125 0.46484375 0.12265625 0.03828125
2 0.88203125 0.225 0.12265625 0.16328125
2 0.53515625 0.64921875 0.040625 0.0796875
2 0.9390625 0.64921875 0.040625 0.0796875