2 0.9640625 0.0421875 0.03359375 0.0453125
2 0.89921875 0.0421875 0.06953125 0.03828125
2 0.8171875 0.0421875 0.06953125 0.04296875
2 0.20546875 0.0421875 0.103125 0.040625
2 0.08046875 0.0421875 0.1203125 0.04296875
6 0.521875 0.0421875 0.40859375 0.053125
2 0.30078125 0.0421875 0.03828125 0.0265625
2 0.796875 0.109375 0.22109375 0.02890625
2 0.8453125 0.178125 0.146875 0.03125
2 0.11640625 0.178125 0.06953125 0.03828125
2 0.81484375 0.3078125 0.20703125 0.15859375
2 0.821875 0.4125 0.1921875 0.02890625
2 0.60703125 0.3078125 0.2046875 0.15859375
2 0.61328125 0.4125 0.18984375 0.02890625
2 0.39765625 0.3078125 0.2046875 0.15859375
2 0.40390625 0.4125 0.18984375 0.02890625
2 0.1890625 0.3078125 0.20703125 0.15859375
2 0.19453125 0.4125 0.1921875 0.02890625
2 0.040625 0.30703125 0.08125 0.1578125
2 0.040625 0.41171875 0.08125 0.0296875
2 0.08515625 0.3015625 0.03828125 0.053125
2 0.81484375 0.6546875 0.20703125 0.15859375
2 0.821875 0.7609375 0.1921875 0.02890625
2 0.821875 0.796875 0.1921875 0.02421875
2 0.60703125 0.6546875 0.2046875 0.15859375
2 0.61328125 0.7609375 0.18984375 0.02890625
2 0.61328125 0.796875 0.18984375 0.02421875
2 0.39765625 0.6546875 0.2046875 0.15859375
2 0.40390625 0.77421875 0.18984375 0.0578125
2 0.40390625 0.82421875 0.18984375 0.02421875
2 0.1890625 0.6546875 0.20703125 0.15859375
2 0.19453125 0.77421875 0.1921875 0.0578125
2 0.19453125 0.82421875 0.1921875 0.02421875
2 0.81640625 0.94140625 0.2046875 0.115625
2 0.60703125 0.94140625 0.2046875 0.115625
2 0.39765625 0.94140625 0.2046875 0.115625
2 0.1890625 0.94140625 0.20703125 0.115625