2 0.50078125 0.50234375 0.59375 0.24921875
2 0.3390625 0.13828125 0.2734375 0.08046875
2 0.3859375 0.0171875 0.05859375 0.0234375
2 0.2078125 0.01796875 0.01015625 0.03359375
2 0.221875 0.24296875 0.0375 0.06796875
2 0.26953125 0.24296875 0.05859375 0.06796875
2 0.32890625 0.24296875 0.06015625 0.06796875
2 0.3890625 0.24296875 0.06015625 0.06796875
2 0.44453125 0.24296875 0.0515625 0.06796875
2 0.4875 0.24296875 0.0328125 0.06796875
6 0.6984375 0.24765625 0.11328125 0.0546875
2 0.7671875 0.24921875 0.0234375 0.0578125