2 0.021875 0.1109375 0.04140625 0.1
2 0.08046875 0.11640625 0.07265625 0.03046875
2 0.23359375 0.12109375 0.07265625 0.021875
2 0.1578125 0.121875 0.075 0.01953125
2 0.35625 0.121875 0.0078125 0.01328125
6 0.53515625 0.12578125 0.0625 0.01484375
2 0.446875 0.12578125 0.09609375 0.0234375
2 0.0125 0.015625 0.02265625 0.03046875
2 0.15 0.015625 0.0109375 0.01796875
2 0.175 0.015625 0.0265625 0.0265625
2 0.94921875 0.01640625 0.03203125 0.03203125
2 0.09296875 0.01640625 0.1328125 0.03046875
2 0.915625 0.0171875 0.0328125 0.03359375
2 0.9828125 0.01640625 0.034375 0.0328125
2 0.0328125 0.1796875 0.01796875 0.0375
2 0.9828125 0.18046875 0.01015625 0.0171875
2 0.0125 0.18125 0.01875 0.034375
2 0.06328125 0.18125 0.0140625 0.02890625
2 0.8375 0.18125 0.01171875 0.02109375
2 0.04765625 0.18203125 0.00859375 0.03046875
2 0.825 0.18203125 0.0078125 0.01953125
6 0.92421875 0.1828125 0.134375 0.0265625
6 0.4609375 0.1828125 0.7703125 0.02890625
2 0.05703125 0.23046875 0.103125 0.028125
2 0.0625 0.26015625 0.09296875 0.0265625
2 0.671875 0.2734375 0.146875 0.06953125
2 0.3546875 0.27421875 0.134375 0.065625
2 0.5078125 0.27421875 0.13203125 0.06796875
2 0.83671875 0.275 0.16171875 0.075
2 0.19921875 0.275 0.13203125 0.05546875
2 0.06171875 0.28671875 0.08828125 0.0234375
2 0.06328125 0.3125 0.08984375 0.03046875
2 0.0625 0.33828125 0.09296875 0.0234375
2 0.19765625 0.346875 0.1359375 0.0640625
2 0.0609375 0.3640625 0.09375 0.03046875
2 0.059375 0.39375 0.09453125 0.02890625
2 0.053125 0.428125 0.096875 0.025
2 0.0578125 0.046875 0.03671875 0.0234375
2 0.05390625 0.46484375 0.09453125 0.0234375
2 0.97578125 0.046875 0.0140625 0.01796875
2 0.096875 0.046875 0.0390625 0.025
2 0.1390625 0.046875 0.03984375 0.025
2 0.01953125 0.046875 0.0375 0.025
2 0.9921875 0.046875 0.01484375 0.01875
2 0.05390625 0.5 0.096875 0.03046875
2 0.42890625 0.0765625 0.06015625 0.02578125
2 0.23203125 0.07734375 0.07109375 0.01796875
2 0.309375 0.07734375 0.0828125 0.0203125
6 0.54140625 0.07734375 0.07578125 0.01640625
2 0.15859375 0.078125 0.0765625 0.0203125
2 0.35546875 0.07890625 0.00703125 0.01484375
2 0.08046875 0.084375 0.0734375 0.03359375
2 0.31015625 0.0984375 0.07890625 0.01875
2 0.23203125 0.0984375 0.07109375 0.01953125
2 0.990625 0.98671875 0.015625 0.0265625
2 0.9734375 0.9875 0.01875 0.025
2 0.15859375 0.1 0.07421875 0.021875
2 0.4375 0.1015625 0.07578125 0.02421875
2 0.35546875 0.1015625 0.00703125 0.0125
6 0.54765625 0.10234375 0.08828125 0.0140625
2 0.671875 0.10546875 0.0390625 0.09296875
2 0.6234375 0.10703125 0.053125 0.09296875
2 0.38359375 0.1078125 0.02890625 0.09375