6 0.29140625 0.16484375 0.01015625 0.01796875
2 0.63515625 0.1640625 0.72890625 0.05390625
2 0.31484375 0.165625 0.0125 0.025
2 0.16328125 0.190625 0.190625 0.04140625
2 0.02890625 0.20234375 0.0390625 0.07109375
6 0.29140625 0.215625 0.01171875 0.01796875
2 0.31640625 0.215625 0.0140625 0.0234375
2 0.634375 0.21640625 0.73046875 0.05
2 0.1625 0.23046875 0.1890625 0.0359375
6 0.2921875 0.265625 0.0109375 0.01953125
2 0.16171875 0.265625 0.1875 0.040625
2 0.63515625 0.265625 0.7296875 0.04609375
2 0.315625 0.26640625 0.015625 0.025
2 0.0296875 0.28515625 0.040625 0.0734375
2 0.16171875 0.3078125 0.18671875 0.04609375
2 0.634375 0.31484375 0.73046875 0.04765625
6 0.29140625 0.31640625 0.01015625 0.01953125
2 0.31484375 0.3171875 0.0140625 0.02109375
2 0.1609375 0.35 0.1875 0.04140625
2 0.634375 0.36484375 0.73046875 0.05234375
2 0.02890625 0.36640625 0.040625 0.075
6 0.29140625 0.36640625 0.0109375 0.01640625
2 0.31484375 0.3671875 0.0125 0.02109375
2 0.93203125 0.03984375 0.02734375 0.0484375
2 0.7796875 0.03984375 0.09453125 0.04296875
2 0.1609375 0.3890625 0.18984375 0.0359375
2 0.89296875 0.040625 0.0359375 0.053125
6 0.4875 0.040625 0.434375 0.0625
2 0.6859375 0.040625 0.02265625 0.02890625
2 0.9796875 0.04140625 0.040625 0.0609375
2 0.1203125 0.04140625 0.10625 0.071875
2 0.03125 0.04140625 0.0359375 0.05546875
2 0.853125 0.0421875 0.034375 0.05390625
6 0.29140625 0.415625 0.01015625 0.01640625
2 0.315625 0.415625 0.0140625 0.0234375
2 0.634375 0.41640625 0.73046875 0.04765625
2 0.16171875 0.42734375 0.1890625 0.040625
6 0.2921875 0.465625 0.0109375 0.01640625
2 0.31484375 0.465625 0.0140625 0.021875
2 0.634375 0.4671875 0.73046875 0.0515625
2 0.2453125 0.48203125 0.02265625 0.0390625
2 0.31484375 0.515625 0.01484375 0.021875
6 0.2921875 0.51640625 0.0109375 0.01953125
2 0.634375 0.51640625 0.73046875 0.0453125
2 0.16171875 0.53046875 0.17890625 0.03359375
2 0.1625 0.5625 0.1796875 0.0359375
6 0.29140625 0.565625 0.01015625 0.01953125
2 0.634375 0.565625 0.73046875 0.0515625
2 0.315625 0.5671875 0.01484375 0.0234375
2 0.16171875 0.609375 0.18203125 0.034375
6 0.2921875 0.615625 0.0109375 0.01796875
2 0.31484375 0.6171875 0.0109375 0.01796875
2 0.634375 0.61875 0.73046875 0.05
2 0.159375 0.646875 0.18046875 0.04140625
2 0.31484375 0.66484375 0.01484375 0.0234375
6 0.29140625 0.665625 0.01015625 0.015625
2 0.634375 0.6671875 0.73046875 0.04609375
2 0.159375 0.68828125 0.18046875 0.040625
6 0.290625 0.715625 0.01171875 0.01640625
2 0.63515625 0.71640625 0.7296875 0.046875
2 0.315625 0.7171875 0.0140625 0.0234375
2 0.15703125 0.728125 0.18203125 0.04296875
2 0.31484375 0.765625 0.01171875 0.021875
6 0.29140625 0.765625 0.01171875 0.02109375
2 0.63515625 0.76796875 0.7296875 0.05
2 0.1578125 0.76953125 0.1796875 0.04140625
2 0.159375 0.81328125 0.18125 0.04609375
2 0.31484375 0.815625 0.0125 0.021875
6 0.29140625 0.815625 0.01171875 0.01796875
2 0.634375 0.81796875 0.73125 0.046875
2 0.02890625 0.84375 0.025 0.04296875
6 0.29140625 0.865625 0.01015625 0.01640625
2 0.315625 0.865625 0.0140625 0.0234375
2 0.634375 0.86640625 0.73046875 0.05
2 0.02890625 0.903125 0.02421875 0.040625
2 0.31484375 0.915625 0.0125 0.021875
6 0.29140625 0.915625 0.01171875 0.01796875
2 0.63515625 0.915625 0.7296875 0.04609375
2 0.028125 0.95625 0.025 0.0375
6 0.29140625 0.965625 0.01171875 0.02109375
2 0.315625 0.965625 0.0140625 0.0234375
2 0.63515625 0.9703125 0.7296875 0.05859375
2 0.959375 0.10859375 0.0171875 0.0359375
2 0.31015625 0.109375 0.0140625 0.02890625
2 0.99140625 0.10859375 0.0171875 0.0390625
2 0.334375 0.109375 0.02421875 0.0390625
6 0.2921875 0.11015625 0.015625 0.02109375
2 0.02890625 0.11875 0.04140625 0.0625
2 0.12421875 0.12109375 0.11875 0.0640625