2 0.59140625 0.9734375 0.02734375 0.04296875
2 0.565625 0.97421875 0.02265625 0.04375
2 0.5390625 0.97421875 0.028125 0.04296875
2 0.40859375 0.97421875 0.0265625 0.04453125
2 0.48515625 0.97421875 0.02421875 0.04375
2 0.5109375 0.97421875 0.025 0.04296875
2 0.459375 0.97421875 0.02421875 0.04296875
2 0.43515625 0.97421875 0.02265625 0.04375
2 0.97421875 0.97421875 0.0515625 0.04453125
2 0.92578125 0.97578125 0.01328125 0.03515625
2 0.9109375 0.97578125 0.0140625 0.034375
2 0.93984375 0.97578125 0.01328125 0.034375
2 0.8921875 0.97578125 0.01484375 0.034375
2 0.58828125 0.11328125 0.015625 0.0203125
2 0.76484375 0.11328125 0.01875 0.04140625
2 0.78828125 0.1140625 0.01875 0.04140625
6 0.67734375 0.1140625 0.140625 0.03125
2 0.21171875 0.1140625 0.02109375 0.03984375
2 0.2359375 0.1140625 0.021875 0.04296875
2 0.28359375 0.1140625 0.01953125 0.03984375
2 0.259375 0.11484375 0.01796875 0.04140625
6 0.45078125 0.115625 0.3015625 0.03125
2 0.7875 0.1640625 0.0171875 0.0265625
2 0.409375 0.1640625 0.01875 0.03203125
2 0.45703125 0.1640625 0.021875 0.03828125
2 0.73515625 0.16484375 0.03203125 0.0359375
2 0.325 0.16484375 0.0140625 0.0265625
2 0.70078125 0.16484375 0.028125 0.03671875
2 0.66875 0.16484375 0.0296875 0.03671875
2 0.76484375 0.16484375 0.01796875 0.03671875
2 0.3703125 0.16484375 0.05390625 0.03359375
2 0.43203125 0.16484375 0.01796875 0.03125
2 0.26796875 0.16640625 0.13359375 0.04609375
2 0.26875 0.20859375 0.09765625 0.0359375
2 0.571875 0.2171875 0.1515625 0.04140625
2 0.4140625 0.2171875 0.13984375 0.04140625
2 0.72109375 0.2203125 0.1359375 0.03671875
2 0.26875 0.246875 0.0984375 0.03671875
2 0.41328125 0.259375 0.140625 0.0390625
2 0.571875 0.26015625 0.15234375 0.04140625
2 0.72109375 0.26015625 0.1359375 0.03515625
2 0.26875 0.28671875 0.0984375 0.03984375
2 0.41328125 0.29921875 0.140625 0.03671875
2 0.571875 0.3 0.15078125 0.04140625
2 0.721875 0.3015625 0.1359375 0.04296875
2 0.26875 0.32734375 0.0984375 0.04140625
2 0.41328125 0.34375 0.13984375 0.03515625
2 0.571875 0.34375 0.1515625 0.03984375
2 0.7203125 0.34375 0.13515625 0.03359375
2 0.26875 0.3703125 0.0984375 0.04296875
2 0.41328125 0.38515625 0.1375 0.03828125
2 0.571875 0.38515625 0.15234375 0.04140625
2 0.7203125 0.38671875 0.13671875 0.03828125
2 0.26875 0.41640625 0.13984375 0.04609375
2 0.325 0.4171875 0.0109375 0.0265625
2 0.41328125 0.42734375 0.1375 0.03671875
2 0.571875 0.42890625 0.1515625 0.04296875
2 0.26875 0.45859375 0.09765625 0.03671875
2 0.41328125 0.4703125 0.13671875 0.04140625
2 0.571875 0.47109375 0.15234375 0.04140625
2 0.26875 0.5 0.1359375 0.04296875
2 0.325 0.5 0.01328125 0.0265625
2 0.41328125 0.5125 0.1375 0.03359375
2 0.571875 0.5140625 0.153125 0.03984375
2 0.26875 0.54453125 0.09609375 0.03671875
2 0.4125 0.553125 0.1390625 0.0375
2 0.571875 0.55625 0.15234375 0.04140625
2 0.26875 0.58359375 0.096875 0.03984375
2 0.4125 0.59453125 0.1390625 0.040625
2 0.571875 0.5984375 0.153125 0.03984375
2 0.7609375 0.06171875 0.025 0.02890625
2 0.734375 0.06171875 0.02734375 0.028125
2 0.78828125 0.06171875 0.028125 0.028125
2 0.26796875 0.62265625 0.09765625 0.03515625
2 0.571875 0.63828125 0.153125 0.03671875
2 0.325 0.66875 0.0140625 0.021875
2 0.26953125 0.66953125 0.13671875 0.04296875
2 0.37734375 0.06796875 0.021875 0.03984375
2 0.571875 0.67734375 0.15234375 0.0390625
6 0.271875 0.0703125 0.1421875 0.03515625
2 0.3328125 0.07109375 0.0140625 0.025
2 0.35546875 0.07109375 0.01640625 0.03671875
2 0.571875 0.71796875 0.15234375 0.040625
2 0.571875 0.75859375 0.15234375 0.0390625
2 0.571875 0.7984375 0.15234375 0.03828125