2 0.29609375 0.15703125 0.01796875 0.021875
6 0.165625 0.1578125 0.2890625 0.04140625
2 0.371875 0.17109375 0.0359375 0.05
2 0.9328125 0.01953125 0.040625 0.0390625
2 0.88671875 0.0203125 0.04375 0.040625
2 0.9796875 0.0203125 0.040625 0.040625
2 0.0265625 0.02109375 0.0328125 0.0421875
2 0.08125 0.2203125 0.1390625 0.0515625
2 0.15546875 0.296875 0.296875 0.05234375
6 0.37421875 0.35078125 0.04375 0.028125
2 0.153125 0.359375 0.29609375 0.05390625
2 0.153125 0.41953125 0.29375 0.0515625
6 0.3625 0.471875 0.021875 0.028125
2 0.15390625 0.48203125 0.2890625 0.05703125
6 0.36171875 0.52890625 0.0171875 0.0234375
2 0.153125 0.5453125 0.284375 0.05703125
2 0.15234375 0.61171875 0.2859375 0.05546875
6 0.3625 0.640625 0.0234375 0.028125
2 0.15234375 0.67421875 0.28359375 0.06328125
6 0.3625 0.6984375 0.02109375 0.02734375
2 0.16171875 0.1 0.290625 0.03984375