2 0.1453125 0.03828125 0.05546875 0.0765625
2 0.2359375 0.03828125 0.071875 0.0765625
2 0.3265625 0.03828125 0.0625 0.0765625
2 0.4109375 0.03828125 0.0578125 0.0765625
2 0.5203125 0.0375 0.11328125 0.07421875
2 0.640625 0.03828125 0.0796875 0.0765625
2 0.74140625 0.03828125 0.06953125 0.0765625
2 0.8296875 0.03828125 0.0578125 0.0765625
2 0.3078125 0.6859375 0.5453125 0.365625
2 0.66953125 0.55546875 0.1515625 0.103125
2 0.66953125 0.70546875 0.1515625 0.103125
2 0.66953125 0.8546875 0.1515625 0.103125
2 0.66953125 0.97578125 0.15390625 0.0453125