2 0.878125 0.028125 0.046875 0.05625
2 0.12421875 0.02890625 0.04609375 0.05703125
2 0.225 0.02890625 0.046875 0.05703125
2 0.0296875 0.02890625 0.03515625 0.05703125
2 0.33359375 0.02890625 0.06328125 0.05703125
2 0.4484375 0.02890625 0.059375 0.05703125
2 0.5515625 0.02890625 0.03828125 0.05703125
2 0.65234375 0.02890625 0.05625 0.05703125
2 0.7703125 0.02890625 0.07109375 0.05703125
2 0.96953125 0.02890625 0.0375 0.05703125
2 0.0703125 0.08984375 0.11796875 0.059375
2 0.50078125 0.9140625 0.2640625 0.171875
2 0.5953125 0.9421875 0.0234375 0.03203125
2 0.72734375 0.94296875 0.1890625 0.1140625
2 0.2734375 0.94375 0.190625 0.1125
2 0.75234375 0.95703125 0.009375 0.01171875
6 0.69765625 0.95703125 0.125 0.025