2 0.29375 0.17265625 0.01328125 0.0265625
2 0.30703125 0.17265625 0.01328125 0.0265625
2 0.3203125 0.17265625 0.01328125 0.0265625
2 0.28125 0.1734375 0.015625 0.028125
2 0.05078125 0.05234375 0.1 0.1046875
2 0.19296875 0.06796875 0.103125 0.06640625
2 0.36953125 0.06796875 0.08828125 0.065625
2 0.5515625 0.06953125 0.09453125 0.05078125
2 0.73203125 0.06953125 0.0859375 0.046875
2 0.90703125 0.0703125 0.0828125 0.04765625
2 0.4171875 0.759375 0.2 0.04921875
2 0.65 0.759375 0.2 0.04921875
2 0.8859375 0.7625 0.184375 0.0484375
2 0.4171875 0.80859375 0.2 0.04921875
2 0.65 0.80859375 0.2 0.04921875
2 0.8859375 0.809375 0.1859375 0.0453125
2 0.8859375 0.8578125 0.1875 0.05
2 0.4171875 0.8578125 0.2 0.04921875
2 0.65 0.8578125 0.2 0.04921875
2 0.65 0.90859375 0.2 0.04921875
2 0.975 0.96171875 0.02578125 0.03828125
2 0.934375 0.96328125 0.0296875 0.046875
2 0.85 0.9640625 0.0296875 0.04921875
2 0.89296875 0.9640625 0.02578125 0.0484375
6 0.94140625 0.01484375 0.11640625 0.02734375