2 0.97421875 0.18046875 0.02265625 0.03984375
6 0.8703125 0.1828125 0.22734375 0.03828125
2 0.16796875 0.24296875 0.0859375 0.0578125
2 0.259375 0.24296875 0.0984375 0.0578125
2 0.34609375 0.24296875 0.075 0.0578125
2 0.4296875 0.24296875 0.09140625 0.0578125
2 0.5171875 0.24296875 0.08515625 0.0578125
2 0.59296875 0.24296875 0.065625 0.0578125
2 0.6640625 0.24296875 0.078125 0.0578125
2 0.55 0.55859375 0.86953125 0.5734375
2 0.95234375 0.08359375 0.06171875 0.0265625
2 0.88359375 0.9390625 0.20390625 0.121875
2 0.215625 0.9390625 0.203125 0.121875
2 0.43828125 0.9390625 0.2046875 0.121875
2 0.659375 0.93984375 0.20703125 0.1203125
2 0.203125 0.12265625 0.15859375 0.13359375