2 0.95078125 0.0328125 0.08203125 0.03828125
2 0.81640625 0.0328125 0.06015625 0.02421875
2 0.875 0.0328125 0.053125 0.02421875
2 0.171875 0.08515625 0.04296875 0.01953125
2 0.25234375 0.08515625 0.0578125 0.01953125
2 0.3296875 0.08515625 0.03359375 0.01953125
2 0.4109375 0.08515625 0.06484375 0.01953125
2 0.490625 0.08515625 0.03125 0.01953125
2 0.56953125 0.08515625 0.0625 0.01953125
2 0.64921875 0.08515625 0.03359375 0.01953125
2 0.7328125 0.08515625 0.07421875 0.01953125
2 0.82578125 0.08515625 0.0484375 0.01953125
2 0.35546875 0.23046875 0.28828125 0.0796875
6 0.64453125 0.228125 0.25703125 0.03828125
2 0.3265625 0.6046875 0.0359375 0.03828125
2 0.3703125 0.6046875 0.040625 0.03828125
2 0.415625 0.6046875 0.0359375 0.03828125
2 0.4578125 0.6046875 0.0359375 0.03828125
2 0.5 0.6046875 0.0359375 0.03828125
2 0.5421875 0.6046875 0.0359375 0.03828125
2 0.58671875 0.6046875 0.040625 0.03828125
2 0.63125 0.6046875 0.0359375 0.03828125
2 0.6734375 0.6046875 0.0359375 0.03828125
6 0.47265625 0.703125 0.31484375 0.03828125
2 0.57578125 0.7453125 0.1109375 0.0265625
2 0.665625 0.703125 0.0453125 0.03828125