6 0.64375 0.228125 0.25859375 0.0390625
2 0.35625 0.23046875 0.28828125 0.078125
2 0.1265625 0.03046875 0.24296875 0.05703125
2 0.2796875 0.0328125 0.04296875 0.06484375
2 0.32265625 0.0328125 0.0421875 0.06484375
2 0.36953125 0.0328125 0.04453125 0.06484375
2 0.41328125 0.0328125 0.02421875 0.06484375
2 0.4578125 0.0328125 0.02421875 0.06484375
2 0.503125 0.0328125 0.028125 0.06484375
2 0.95078125 0.0328125 0.08125 0.0390625
2 0.8 0.0328125 0.0890625 0.040625
2 0.87890625 0.0328125 0.0609375 0.04609375
2 0.3265625 0.60390625 0.0359375 0.0390625
2 0.3703125 0.60390625 0.03984375 0.0390625
2 0.415625 0.60390625 0.0359375 0.0390625
2 0.4578125 0.60390625 0.0359375 0.0390625
2 0.49921875 0.60390625 0.0359375 0.0390625
2 0.54140625 0.60390625 0.0359375 0.0390625
2 0.5859375 0.60390625 0.040625 0.0390625
2 0.63125 0.60390625 0.0359375 0.0390625
2 0.6734375 0.60390625 0.0359375 0.0390625
6 0.471875 0.703125 0.315625 0.0390625
2 0.665625 0.703125 0.04609375 0.0390625
2 0.40390625 0.9578125 0.1765625 0.084375
2 0.78828125 0.959375 0.17734375 0.08125
2 0.59765625 0.96015625 0.175 0.0796875
2 0.21015625 0.96015625 0.1765625 0.0796875