6 0.621875 0.17421875 0.24453125 0.04609375
6 0.621875 0.24453125 0.24453125 0.04609375
6 0.621875 0.31484375 0.24453125 0.04609375
6 0.621875 0.38515625 0.24453125 0.04609375
6 0.621875 0.45546875 0.24453125 0.04609375
6 0.5953125 0.515625 0.021875 0.01640625
6 0.51171875 0.51640625 0.02265625 0.0171875
6 0.5390625 0.51640625 0.02109375 0.0171875
6 0.5671875 0.51640625 0.01953125 0.0171875
6 0.6234375 0.51796875 0.02109375 0.0203125
6 0.51328125 0.58359375 0.01484375 0.02421875
2 0.53515625 0.6578125 0.0703125 0.040625