2 0.9734375 0.0359375 0.053125 0.071875
2 0.5 0.109375 1 0.07421875
2 0.5 0.18125 1 0.07421875
2 0.5 0.25234375 1 0.07421875
2 0.5 0.32421875 1 0.07421875
2 0.5 0.3953125 1 0.07421875
2 0.5 0.4671875 1 0.071875
2 0.5 0.53828125 1 0.07421875
2 0.84375 0.03515625 0.0453125 0.06953125
2 0.90625 0.03515625 0.08203125 0.06953125
2 0.5 0.10546875 1 0.071875
2 0.25625 0.44140625 0.2359375 0.0625
2 0.5 0.44140625 0.2359375 0.0625
2 0.74375 0.44140625 0.2359375 0.0625
2 0.5 0.74765625 0.7234375 0.50234375