2 0.60234375 0.1515625 0.33828125 0.30234375
2 0.31484375 0.2765625 0.009375 0.01875
2 0.30390625 0.2765625 0.01015625 0.01796875
2 0.33515625 0.2765625 0.01015625 0.0171875
2 0.325 0.2765625 0.01015625 0.0171875
2 0.3453125 0.27734375 0.009375 0.0171875
2 0.35625 0.278125 0.0109375 0.01796875
2 0.76640625 0.309375 0.00703125 0.01484375
2 0.7671875 0.3703125 0.00625 0.1015625
2 0.20859375 0.403125 0.01640625 0.0296875
2 0.20859375 0.44296875 0.01640625 0.0296875
2 0.20859375 0.48359375 0.01640625 0.0296875
2 0.4453125 0.515625 0.0609375 0.0375
2 0.5546875 0.51640625 0.05390625 0.03359375
2 0.20859375 0.52421875 0.01640625 0.0296875
2 0.7671875 0.5296875 0.00703125 0.0125
2 0.20859375 0.5640625 0.01640625 0.0296875
2 0.42421875 0.59140625 0.0390625 0.06015625
2 0.5390625 0.59140625 0.05703125 0.04609375
2 0.20859375 0.6046875 0.01640625 0.0296875
2 0.41484375 0.80234375 0.06484375 0.0578125
2 0.253125 0.821875 0.01640625 0.0296875
2 0.271875 0.821875 0.01640625 0.0296875
2 0.29140625 0.821875 0.01640625 0.0296875
2 0.3109375 0.821875 0.01640625 0.0296875
6 0.603125 0.83046875 0.19453125 0.040625
2 0.72578125 0.83125 0.05 0.040625