2 0.2890625 0.14375 0.05078125 0.040625
2 0.33671875 0.14375 0.04296875 0.040625
2 0.26953125 0.0484375 0.0265625 0.03203125
2 0.2375 0.55078125 0.01484375 0.0265625
2 0.54609375 0.61875 0.05078125 0.01875
2 0.2375 0.62265625 0.01484375 0.0265625
2 0.2375 0.65859375 0.01484375 0.0265625
2 0.2375 0.69375 0.01484375 0.0265625
2 0.2375 0.7296875 0.01484375 0.0265625
2 0.2609375 0.00859375 0.009375 0.0171875
2 0.4265625 0.009375 0.05625 0.01015625
2 0.4234375 0.90390625 0.059375 0.05234375
2 0.278125 0.9203125 0.01484375 0.0265625
2 0.2953125 0.9203125 0.01484375 0.0265625
2 0.3125 0.9203125 0.01484375 0.0265625
2 0.3296875 0.9203125 0.01484375 0.0265625
6 0.59296875 0.928125 0.175 0.03671875
2 0.703125 0.92890625 0.0453125 0.03671875
6 0.66875 0.1375 0.0796875 0.028125
2 0.71875 0.1375 0.021875 0.028125