2 0.975 0.15078125 0.028125 0.0390625
2 0.98671875 0.0296875 0.025 0.04296875
6 0.4328125 0.03203125 0.559375 0.04296875
6 0.4328125 0.03203125 0.559375 0.04296875
2 0.07421875 0.03203125 0.11875 0.0296875
2 0.7453125 0.03203125 0.04140625 0.0640625
2 0.81484375 0.03203125 0.09453125 0.0640625
2 0.915625 0.03203125 0.084375 0.0375
2 0.2421875 0.34609375 0.23046875 0.06796875
2 0.5 0.34609375 0.23046875 0.06796875
2 0.7578125 0.34609375 0.23046875 0.06796875
2 0.1 0.5953125 0.2 0.26796875
2 0.3 0.5953125 0.2015625 0.26796875
2 0.5 0.5953125 0.2015625 0.26796875
2 0.7 0.5953125 0.2015625 0.26796875
2 0.9 0.5953125 0.2 0.26796875
2 0.165625 0.821875 0.0921875 0.0546875
2 0.24609375 0.821875 0.0703125 0.0546875
2 0.31171875 0.821875 0.06328125 0.0546875
2 0.39375 0.821875 0.10234375 0.0546875
2 0.06796875 0.821875 0.10625 0.0546875
2 0.7625 0.821875 0.1109375 0.0546875
2 0.9015625 0.821875 0.16796875 0.0546875
2 0.121875 0.0921875 0.1484375 0.053125
2 0.02421875 0.0921875 0.0484375 0.053125
2 0.2515625 0.0921875 0.11328125 0.053125
2 0.37734375 0.0921875 0.13984375 0.053125
2 0.49296875 0.0921875 0.09375 0.053125
2 0.57890625 0.0921875 0.07890625 0.053125
2 0.6625 0.0921875 0.090625 0.053125
2 0.77265625 0.0921875 0.13125 0.053125
2 0.8953125 0.0921875 0.11640625 0.053125
2 0.97578125 0.0921875 0.04765625 0.053125
2 0.85078125 0.91484375 0.1 0.13125
2 0.1484375 0.91484375 0.10078125 0.1328125
2 0.45 0.91484375 0.1 0.134375
2 0.95 0.91484375 0.09921875 0.13203125
2 0.75 0.91484375 0.1 0.1328125
2 0.24921875 0.915625 0.1 0.13203125
2 0.05 0.915625 0.096875 0.1328125
2 0.34921875 0.915625 0.10078125 0.13359375
2 0.59921875 0.92265625 0.1984375 0.1546875
2 0.75 0.990625 0.1 0.01875
2 0.95 0.990625 0.09921875 0.01875
2 0.24921875 0.990625 0.09921875 0.01796875
2 0.85 0.990625 0.1 0.01796875
2 0.1484375 0.990625 0.1 0.01875
2 0.34921875 0.990625 0.10078125 0.01796875
2 0.44921875 0.990625 0.1 0.01796875
2 0.04921875 0.990625 0.0984375 0.01796875