2 0.07421875 0.0328125 0.1203125 0.03125
6 0.4328125 0.0328125 0.56015625 0.04296875
6 0.4328125 0.0328125 0.56015625 0.04296875
2 0.81484375 0.0328125 0.09609375 0.0625
2 0.915625 0.0328125 0.084375 0.03828125
2 0.025 0.09140625 0.05 0.0546875
2 0.12265625 0.09140625 0.14921875 0.053125
2 0.25234375 0.09140625 0.11328125 0.053125
2 0.37734375 0.09140625 0.1390625 0.053125
2 0.49296875 0.09140625 0.09375 0.053125
2 0.578125 0.09140625 0.0796875 0.053125
2 0.6625 0.09140625 0.09140625 0.053125
2 0.77265625 0.09140625 0.13203125 0.053125
2 0.8953125 0.09140625 0.11796875 0.053125
2 0.97578125 0.0921875 0.0484375 0.05546875
2 0.24296875 0.34609375 0.23046875 0.0671875
2 0.5 0.34609375 0.23046875 0.0671875
2 0.75703125 0.34609375 0.23046875 0.0671875
2 0.10078125 0.5953125 0.2015625 0.271875
2 0.29921875 0.5953125 0.2015625 0.26953125
2 0.5 0.5953125 0.19921875 0.26953125
2 0.70078125 0.5953125 0.2015625 0.26953125
2 0.89921875 0.59609375 0.19921875 0.26953125
2 0.0671875 0.821875 0.10546875 0.05546875
2 0.165625 0.821875 0.09140625 0.05546875
2 0.24609375 0.821875 0.06953125 0.05546875
2 0.3125 0.821875 0.06484375 0.05546875
2 0.39453125 0.821875 0.103125 0.05546875
2 0.9015625 0.821875 0.16796875 0.05546875
2 0.76328125 0.821875 0.11328125 0.05546875
2 0.6 0.9796875 0.2015625 0.0265625
2 0.05078125 0.91328125 0.10078125 0.02890625
2 0.15 0.9125 0.10078125 0.0265625
2 0.35 0.9125 0.10078125 0.0265625
2 0.44921875 0.9125 0.10078125 0.0265625
2 0.75 0.9125 0.10078125 0.0265625
2 0.85 0.9125 0.10078125 0.0265625