2 0.97421875 0.0734375 0.0515625 0.08984375
6 0.87109375 0.07421875 0.13984375 0.0546875
2 0.29140625 0.07421875 0.05390625 0.09296875
2 0.35078125 0.07421875 0.06484375 0.09296875
2 0.4234375 0.07421875 0.0796875 0.09296875
2 0.50625 0.07421875 0.0859375 0.09296875
2 0.059375 0.07421875 0.08203125 0.059375
2 0.5953125 0.07421875 0.09453125 0.09296875
2 0.66796875 0.07421875 0.05 0.09296875
2 0.7 0.77421875 0.18984375 0.34453125
2 0.10078125 0.77578125 0.18984375 0.34296875
2 0.49921875 0.7765625 0.18984375 0.34140625
2 0.9 0.77734375 0.18984375 0.3421875
2 0.29921875 0.77734375 0.18984375 0.34375