2 0.5 0.15078125 0.08046875 0.0421875
2 0.4390625 0.20078125 0.02265625 0.0390625
2 0.4625 0.20078125 0.02265625 0.0390625
2 0.484375 0.20078125 0.02265625 0.0390625
2 0.5078125 0.20078125 0.02265625 0.0390625
2 0.53125 0.20078125 0.02265625 0.0390625
2 0.55625 0.20078125 0.0296875 0.0390625
2 0.8265625 0.428125 0.01875 0.03515625
6 0.49296875 0.4296875 0.6484375 0.03203125
2 0.875 0.51796875 0.10625 0.0390625
2 0.62421875 0.51796875 0.10625 0.03515625
2 0.125 0.51875 0.0875 0.040625
2 0.375 0.51875 0.096875 0.03984375
2 0.246875 0.81015625 0.14296875 0.3328125
2 0.40078125 0.81796875 0.11328125 0.0421875