2 0.259375 0.2796875 0.16796875 0.03515625
2 0.259375 0.3140625 0.16796875 0.03515625
6 0.259375 0.03359375 0.16796875 0.04609375
2 0.259375 0.3484375 0.16796875 0.03515625
2 0.259375 0.3828125 0.16796875 0.03515625
2 0.259375 0.4171875 0.16796875 0.03515625
2 0.259375 0.4515625 0.16796875 0.03515625
2 0.259375 0.4859375 0.16796875 0.03515625
2 0.44921875 0.49375 0.146875 0.0765625
2 0.6828125 0.49453125 0.1 0.07578125
2 0.57734375 0.4953125 0.0984375 0.078125
2 0.259375 0.51953125 0.16796875 0.03515625
2 0.259375 0.55390625 0.16796875 0.03515625
2 0.259375 0.58828125 0.16796875 0.03515625
2 0.259375 0.6234375 0.16796875 0.03515625
2 0.259375 0.6578125 0.16796875 0.03515625
2 0.259375 0.69140625 0.16796875 0.03515625
2 0.259375 0.72578125 0.16796875 0.03515625
2 0.83984375 0.72734375 0.165625 0.3
2 0.453125 0.72734375 0.165625 0.2984375
2 0.646875 0.72734375 0.16640625 0.3015625
2 0.259375 0.76015625 0.16796875 0.03515625
2 0.259375 0.79453125 0.16796875 0.03515625
2 0.259375 0.828125 0.16796875 0.03515625
2 0.259375 0.8625 0.16796875 0.03515625
2 0.259375 0.89765625 0.16796875 0.03515625
2 0.259375 0.93203125 0.16796875 0.03515625
2 0.259375 0.96640625 0.16796875 0.03359375
2 0.25859375 0.99140625 0.1671875 0.01640625
2 0.7890625 0.9953125 0.04375 0.009375
2 0.40234375 0.9953125 0.0421875 0.009375
2 0.66171875 0.9953125 0.0703125 0.009375
2 0.85625 0.99609375 0.07109375 0.0078125
2 0.46875 0.99609375 0.071875 0.0078125
2 0.596875 0.99609375 0.0421875 0.0078125
2 0.259375 0.10234375 0.16796875 0.04609375