2 0.50234375 0.14609375 0.3859375 0.2921875
2 0.68203125 0.01875 0.00546875 0.00625
6 0.6625 0.021875 0.0328125 0.0125
2 0.68203125 0.02421875 0.00546875 0.0046875
2 0.68203125 0.0046875 0.00546875 0.00625
2 0.68125 0.04609375 0.00546875 0.0046875
6 0.6625 0.04921875 0.0328125 0.01328125
2 0.465625 0.47890625 0.0125 0.02265625
2 0.4296875 0.4796875 0.0125 0.02265625
2 0.44140625 0.4796875 0.0125 0.02265625
2 0.453125 0.4796875 0.0125 0.02265625
2 0.4171875 0.4796875 0.0125 0.02265625
2 0.68203125 0.0515625 0.00546875 0.00546875
2 0.68203125 0.059375 0.00546875 0.00625
6 0.6625 0.06328125 0.03359375 0.01328125
2 0.68203125 0.06640625 0.0046875 0.00625
6 0.6625 0.0078125 0.0328125 0.01171875
2 0.68203125 0.0734375 0.00546875 0.00546875
6 0.6625 0.07734375 0.03359375 0.01328125
2 0.68203125 0.0796875 0.00546875 0.00546875
2 0.4296875 0.8375 0.0125 0.02265625
2 0.4421875 0.8375 0.0125 0.02265625
2 0.453125 0.8375 0.0125 0.02265625
2 0.465625 0.8375 0.0125 0.02265625
2 0.4171875 0.83828125 0.0125 0.02265625
2 0.66484375 0.090625 0.0390625 0.0140625
2 0.6828125 0.0109375 0.00625 0.0046875
2 0.665625 0.11796875 0.0390625 0.01328125
2 0.665625 0.13203125 0.0390625 0.01484375