2 0.2671875 0.17578125 0.0375 0.0421875
2 0.3125 0.17578125 0.05078125 0.0421875
2 0.38125 0.17578125 0.084375 0.0421875
2 0.4390625 0.17578125 0.0296875 0.0421875
2 0.475 0.17578125 0.040625 0.0421875
2 0.51484375 0.17578125 0.0359375 0.0421875
2 0.5625 0.17578125 0.05703125 0.0421875
2 0.62109375 0.17578125 0.05859375 0.0421875
2 0.66875 0.17578125 0.03359375 0.0421875
2 0.715625 0.17578125 0.05859375 0.0421875
2 0.584375 0.33984375 0.3359375 0.26484375
2 0.70625 0.54140625 0.06875 0.02734375
2 0.359375 0.075 0.2453125 0.15
6 0.63125 0.0859375 0.05703125 0.02578125
6 0.690625 0.0859375 0.05703125 0.02578125
2 0.7234375 0.9375 0.0453125 0.03359375
6 0.2984375 0.93828125 0.0921875 0.02890625
2 0.7046875 0.1171875 0.0265625 0.02265625