2 0.9625 0.021875 0.06328125 0.03359375
6 0.8546875 0.02265625 0.14921875 0.03515625
2 0.2265625 0.02734375 0.1875 0.0546875
2 0.5 0.428125 0.115625 0.0546875
2 0.21875 0.88515625 0.009375 0.0140625
2 0.1140625 0.91015625 0.0875 0.028125
2 0.16875 0.09140625 0.071875 0.05625
2 0.246875 0.09140625 0.08515625 0.05625
2 0.3203125 0.09140625 0.06171875 0.05625
2 0.4328125 0.09140625 0.16328125 0.05625
2 0.55703125 0.09140625 0.084375 0.05625
2 0.62890625 0.09140625 0.06015625 0.05625
2 0.69375 0.09140625 0.0703125 0.05625
2 0.76796875 0.09140625 0.07734375 0.05625
2 0.10859375 0.96640625 0.2 0.03671875
2 0.034375 0.11796875 0.053125 0.04921875