6 0.23125 0.0265625 0.10625 0.0390625
2 0.8359375 0.2546875 0.17265625 0.509375
2 0.21484375 0.27421875 0.07265625 0.028125
2 0.2171875 0.396875 0.07578125 0.14921875
2 0.328125 0.040625 0.06328125 0.08125
2 0.80546875 0.57734375 0.11171875 0.03828125
2 0.77421875 0.66328125 0.04140625 0.03671875
6 0.2046875 0.07109375 0.05234375 0.015625
2 0.77421875 0.75703125 0.04140625 0.03671875
6 0.1984375 0.08984375 0.03984375 0.015625
2 0.7078125 0.1234375 0.04609375 0.0390625
2 0.5578125 0.13046875 0.04296875 0.0234375
2 0.66015625 0.13828125 0.0421875 0.02265625
2 0.2078125 0.1390625 0.059375 0.0390625