2 0.3453125 0.34140625 0.06640625 0.06875
2 0.41484375 0.34140625 0.0734375 0.06875
2 0.4953125 0.34140625 0.0859375 0.06875
2 0.5703125 0.34140625 0.065625 0.06875
2 0.6375 0.34140625 0.06796875 0.06875
2 0.7296875 0.34140625 0.1171875 0.06875
2 0.88828125 0.34140625 0.02734375 0.05078125
2 0.21171875 0.34140625 0.02109375 0.04765625
2 0.2359375 0.34296875 0.02578125 0.04375
6 0.79375 0.44453125 0.1453125 0.04609375
2 0.8796875 0.44453125 0.02421875 0.046875
2 0.80625 0.5328125 0.171875 0.03984375
2 0.80546875 0.62734375 0.1734375 0.07421875
2 0.80625 0.6953125 0.17421875 0.05546875
2 0.80703125 0.78671875 0.17265625 0.04296875
2 0.4546875 0.80390625 0.4078125 0.3921875
2 0.80546875 0.859375 0.17421875 0.05390625