2 0.690625 0.3109375 0.21640625 0.303125
2 0.29140625 0.4734375 0.55234375 0.62890625
2 0.90703125 0.49453125 0.1671875 0.075
2 0.90625 0.57265625 0.1671875 0.059375
2 0.90625 0.64296875 0.1703125 0.06015625
2 0.690625 0.64921875 0.21640625 0.284375
2 0.9015625 0.69296875 0.0078125 0.0203125
2 0.9109375 0.69375 0.00859375 0.0203125
2 0.05234375 0.80390625 0.021875 0.04140625
2 0.5296875 0.80390625 0.02109375 0.04140625
2 0.22890625 0.81640625 0.01015625 0.03203125
2 0.2390625 0.81640625 0.01015625 0.03203125
2 0.25 0.81640625 0.01015625 0.03203125
2 0.26015625 0.81640625 0.01015625 0.03203125
2 0.2703125 0.81640625 0.01015625 0.03203125
2 0.28125 0.81640625 0.01015625 0.03203125
2 0.29140625 0.81640625 0.01015625 0.03203125
2 0.3015625 0.81640625 0.01015625 0.03203125
2 0.3125 0.81640625 0.01015625 0.03203125
2 0.32265625 0.81640625 0.01015625 0.03203125
2 0.3328125 0.81640625 0.01015625 0.03203125
2 0.34375 0.81640625 0.01015625 0.03203125
2 0.35390625 0.81640625 0.01015625 0.03203125
2 0.5 0.91875 0.078125 0.02421875
2 0.4546875 0.1078125 0.06875 0.0296875
2 0.209375 0.1078125 0.04453125 0.034375
2 0.378125 0.10859375 0.0625 0.03046875
2 0.9890625 0.10859375 0.021875 0.04453125
2 0.01328125 0.10859375 0.02578125 0.04765625
2 0.140625 0.10859375 0.0515625 0.03359375
6 0.8328125 0.109375 0.07734375 0.028125
2 0.8953125 0.109375 0.04296875 0.0296875
2 0.934375 0.109375 0.02578125 0.04609375
2 0.9609375 0.109375 0.02578125 0.04609375
2 0.0625 0.109375 0.053125 0.0296875
6 0.753125 0.109375 0.07734375 0.028125
2 0.2875 0.11015625 0.06640625 0.03046875