2 0.590625 0.14453125 0.071875 0.046875
2 0.81171875 0.14453125 0.0734375 0.046875
2 0.7375 0.14453125 0.071875 0.046875
2 0.2890625 0.14453125 0.07265625 0.04765625
2 0.4359375 0.14453125 0.07265625 0.04765625
2 0.51328125 0.1453125 0.0796875 0.04765625
2 0.6640625 0.1453125 0.071875 0.046875
2 0.3625 0.1453125 0.07109375 0.046875
2 0.82890625 0.0203125 0.04140625 0.0265625
2 0.746875 0.0203125 0.10625 0.03125
2 0.65859375 0.02109375 0.0578125 0.0296875
2 0.590625 0.021875 0.065625 0.028125
2 0.328125 0.04609375 0.15078125 0.07421875
2 0.79921875 0.51484375 0.096875 0.43984375
2 0.834375 0.06484375 0.01953125 0.0359375
6 0.74609375 0.065625 0.15703125 0.03515625