2 0.4890625 0.19765625 0.0875 0.03515625
2 0.759375 0.19921875 0.028125 0.03671875
2 0.25625 0.19921875 0.0515625 0.03515625
2 0.30859375 0.19921875 0.05234375 0.03515625
2 0.3625 0.19921875 0.0546875 0.03515625
2 0.4171875 0.19921875 0.05546875 0.03515625
2 0.55078125 0.19921875 0.0375 0.03515625
2 0.49921875 0.52578125 0.5015625 0.2984375
2 0.6984375 0.06640625 0.14140625 0.0984375
2 0.3984375 0.08671875 0.334375 0.1390625
2 0.49921875 0.86484375 0.5390625 0.2703125
6 0.41875 0.93828125 0.07890625 0.0421875
6 0.5 0.93828125 0.07890625 0.0421875
6 0.58125 0.93828125 0.07890625 0.0421875