6 0.696875 0.24609375 0.11171875 0.02421875
2 0.78359375 0.0265625 0.03984375 0.053125
2 0.825 0.0265625 0.0421875 0.053125
2 0.8703125 0.0265625 0.04609375 0.053125
2 0.69453125 0.0265625 0.04609375 0.053125
2 0.740625 0.0265625 0.04609375 0.053125
2 0.9328125 0.0265625 0.0671875 0.0484375
2 0.9859375 0.02734375 0.02734375 0.05
6 0.70703125 0.41484375 0.1328125 0.02421875
6 0.70703125 0.46015625 0.1328125 0.02421875
6 0.70703125 0.50546875 0.1328125 0.02421875
6 0.70625 0.58359375 0.13125 0.09296875
2 0.659375 0.64765625 0.03828125 0.0265625