2 0.3546875 0.2859375 0.2671875 0.34140625
2 0.5578125 0.2859375 0.13203125 0.34140625
2 0.70859375 0.3109375 0.14140625 0.03125
6 0.7078125 0.34921875 0.13125 0.0296875
6 0.7109375 0.39296875 0.00703125 0.01171875
6 0.7109375 0.4125 0.00703125 0.01171875
6 0.7109375 0.43359375 0.00625 0.0125
6 0.7109375 0.453125 0.00703125 0.0125
2 0.6734375 0.48984375 0.0625 0.025
2 0.3546875 0.05390625 0.2671875 0.1078125
2 0.7078125 0.5421875 0.140625 0.028125
2 0.5578125 0.0546875 0.13203125 0.109375
2 0.3546875 0.63515625 0.2671875 0.34140625
2 0.5578125 0.63671875 0.13203125 0.34140625
2 0.70859375 0.6765625 0.13125 0.13125
2 0.7078125 0.784375 0.13125 0.0390625
2 0.70703125 0.88671875 0.14140625 0.02890625
2 0.2875 0.915625 0.13125 0.16875
2 0.55859375 0.915625 0.13046875 0.16875
2 0.42265625 0.915625 0.13125 0.16796875