2 0.28046875 0.27421875 0.0328125 0.0421875
2 0.321875 0.27421875 0.04609375 0.0421875
2 0.37890625 0.27421875 0.0625 0.04375
2 0.4515625 0.27421875 0.07890625 0.04375
2 0.51640625 0.27421875 0.04609375 0.0421875
2 0.5625 0.27421875 0.04296875 0.0421875
2 0.6140625 0.27421875 0.0546875 0.0421875
2 0.6796875 0.27421875 0.0734375 0.04375
2 0.75703125 0.27421875 0.01953125 0.0421875
2 0.7296875 0.35390625 0.015625 0.03125
2 0.7484375 0.35390625 0.015625 0.03125
2 0.3171875 0.53125 0.16796875 0.4203125
2 0.68203125 0.53125 0.16953125 0.4234375
2 0.5 0.53203125 0.16796875 0.42421875
6 0.659375 0.78515625 0.121875 0.03203125
2 0.74375 0.78515625 0.046875 0.03203125
2 0.68359375 0.84375 0.16875 0.0359375
2 0.68203125 0.946875 0.1421875 0.10625
2 0.40703125 0.9484375 0.3578125 0.103125
2 0.5 0.1265625 0.1875 0.084375