2 0.0828125 0.0328125 0.12734375 0.03828125
2 0.87734375 0.0328125 0.05078125 0.03828125
2 0.9265625 0.0328125 0.02890625 0.03828125
2 0.33203125 0.40234375 0.1296875 0.040625
2 0.46015625 0.40234375 0.12734375 0.040625
2 0.56953125 0.40234375 0.07421875 0.040625
2 0.67578125 0.40234375 0.11796875 0.040625
6 0.125 0.51328125 0.21171875 0.0796875
6 0.3171875 0.51328125 0.1734375 0.0796875
6 0.5 0.51328125 0.18984375 0.0796875
6 0.6921875 0.51328125 0.1921875 0.0796875
2 0.50390625 0.66953125 0.2671875 0.0796875
2 0.1296875 0.5796875 0.22109375 0.02890625