2 0.23828125 0.22734375 0.0484375 0.040625
2 0.28359375 0.22734375 0.03984375 0.040625
2 0.334375 0.22734375 0.05859375 0.040625
2 0.378125 0.22734375 0.028125 0.040625
2 0.41640625 0.22734375 0.046875 0.040625
2 0.490625 0.22734375 0.09921875 0.040625
2 0.65234375 0.31484375 0.01796875 0.03203125
2 0.671875 0.31484375 0.01796875 0.03203125
2 0.7 0.315625 0.034375 0.03125
6 0.41640625 0.49609375 0.10703125 0.0265625
6 0.4203125 0.53984375 0.11015625 0.0296875
2 0.5703125 0.5921875 0.0546875 0.040625
2 0.68515625 0.7546875 0.08359375 0.490625
2 0.421875 0.796875 0.253125 0.30703125