2 0.5 0.33828125 0.08046875 0.0421875
2 0.4390625 0.38828125 0.02265625 0.0390625
2 0.4625 0.38828125 0.02265625 0.0390625
2 0.484375 0.38828125 0.02265625 0.0390625
2 0.5078125 0.38828125 0.02265625 0.0390625
2 0.53125 0.38828125 0.02265625 0.0390625
2 0.55625 0.38828125 0.0296875 0.0390625
6 0.49296875 0.615625 0.64921875 0.03515625
2 0.82890625 0.61875 0.01796875 0.03515625
2 0.128125 0.70546875 0.0890625 0.03671875
2 0.37578125 0.70546875 0.09140625 0.040625
2 0.8734375 0.70625 0.1046875 0.03984375
2 0.62578125 0.70625 0.10234375 0.0390625
2 0.24609375 0.91484375 0.1421875 0.16953125
2 0.40078125 0.99140625 0.1140625 0.01640625