2 0.88984375 0.21953125 0.04921875 0.04609375
2 0.66484375 0.2203125 0.04296875 0.04609375
2 0.584375 0.22109375 0.0359375 0.04609375
2 0.6234375 0.22109375 0.040625 0.04609375
2 0.8109375 0.221875 0.10625 0.04609375
2 0.7375 0.221875 0.040625 0.04609375
2 0.7015625 0.22265625 0.03046875 0.04609375
2 0.6859375 0.45390625 0.0171875 0.03046875
2 0.19296875 0.4546875 0.01484375 0.028125
2 0.809375 0.4546875 0.22265625 0.4140625
2 0.909375 0.4546875 0.01640625 0.02890625
2 0.43828125 0.45546875 0.51953125 0.41640625
2 0.71171875 0.45546875 0.01796875 0.0296875
2 0.19296875 0.68046875 0.02578125 0.0359375
2 0.75390625 0.88515625 0.14765625 0.2296875
2 0.78203125 0.12578125 0.02734375 0.0453125
6 0.66875 0.12578125 0.19921875 0.04609375
2 0.8578125 0.12578125 0.1078125 0.0453125
2 0.30234375 0.1375 0.228125 0.1109375