6 0.83984375 0.0453125 0.290625 0.05078125
2 0.96484375 0.0453125 0.0171875 0.021875
2 0.5 0.5109375 1 0.2546875
2 0.8703125 0.2203125 0.25703125 0.16796875
2 0.8703125 0.38671875 0.25703125 0.16796875
2 0.8703125 0.55546875 0.25703125 0.16796875
2 0.071875 0.9015625 0.11328125 0.19453125
2 0.19453125 0.9015625 0.11328125 0.19453125
2 0.3171875 0.9015625 0.11328125 0.19453125
2 0.43984375 0.9015625 0.11328125 0.19453125
2 0.5625 0.9015625 0.11328125 0.19453125
2 0.68515625 0.9015625 0.11328125 0.19453125
2 0.8078125 0.9015625 0.11328125 0.19453125
2 0.93125 0.9015625 0.11328125 0.19453125
2 0.9984375 0.9015625 0.00234375 0.19453125