2 0.8703125 0.21953125 0.25859375 0.165625
2 0.37109375 0.3859375 0.74140625 0.50078125
2 0.8703125 0.38671875 0.25859375 0.16640625
6 0.83984375 0.0453125 0.290625 0.04921875
2 0.965625 0.0453125 0.01640625 0.02109375
2 0.0796875 0.04609375 0.14296875 0.0515625
2 0.8703125 0.5546875 0.25859375 0.16640625
2 0.05703125 0.5953125 0.0875 0.0390625
2 0.271875 0.90078125 0.0890625 0.196875
2 0.165625 0.9015625 0.09453125 0.196875
2 0.37578125 0.9015625 0.0921875 0.196875
2 0.4796875 0.9015625 0.0921875 0.196875
2 0.58515625 0.9015625 0.090625 0.196875
2 0.0625 0.9015625 0.09296875 0.196875
2 0.6890625 0.9015625 0.0921875 0.196875
2 0.90859375 0.9015625 0.1109375 0.196875
2 0.9796875 0.90234375 0.03125 0.1953125
2 0.7953125 0.90234375 0.0921875 0.1953125