2 0.73203125 0.1859375 0.16015625 0.3296875
6 0.17265625 0.209375 0.01640625 0.03125
6 0.171875 0.26640625 0.01640625 0.03125
6 0.17265625 0.3234375 0.01640625 0.03125
2 0.65390625 0.3453125 0.10078125 0.18984375
2 0.203125 0.38359375 0.07890625 0.0453125
2 0.27890625 0.38359375 0.05546875 0.0453125
2 0.7109375 0.57265625 0.05234375 0.09453125
2 0.59296875 0.70390625 0.15546875 0.06953125
2 0.75859375 0.70625 0.1609375 0.07109375
2 0.59296875 0.778125 0.1578125 0.07265625
2 0.76015625 0.7828125 0.16015625 0.07265625
2 0.29375 0.7875 0.1734375 0.3125
2 0.76015625 0.85703125 0.1609375 0.06640625
2 0.59609375 0.8578125 0.15859375 0.075
2 0.76171875 0.93046875 0.16484375 0.06796875
2 0.59609375 0.93359375 0.15859375 0.06953125
2 0.5953125 0.98671875 0.159375 0.0265625
2 0.7625 0.98671875 0.16640625 0.0265625