2 0.465625 0.3703125 0.02109375 0.03515625
2 0.315625 0.3703125 0.0203125 0.03671875
2 0.3390625 0.3703125 0.0203125 0.03515625
2 0.3625 0.3703125 0.0203125 0.03515625
2 0.38671875 0.3703125 0.0203125 0.03515625
2 0.4125 0.3703125 0.02421875 0.03515625
2 0.4390625 0.3703125 0.02421875 0.03515625
2 0.49375 0.3703125 0.0296875 0.03515625
2 0.35703125 0.58125 0.1453125 0.0453125
2 0.5515625 0.65546875 0.0875 0.08828125
2 0.64296875 0.65546875 0.0875 0.08828125
2 0.734375 0.65546875 0.0875 0.08828125
6 0.3203125 0.659375 0.19765625 0.03828125
2 0.4578125 0.659375 0.06796875 0.03828125
2 0.5515625 0.75078125 0.0875 0.08828125
2 0.64296875 0.75078125 0.0875 0.08828125
2 0.734375 0.75078125 0.0875 0.08828125
2 0.5515625 0.84765625 0.0875 0.08828125
2 0.64296875 0.84765625 0.0875 0.08828125
2 0.734375 0.84765625 0.0875 0.08828125
2 0.40703125 0.109375 0.3703125 0.21796875