2 0.3265625 0.01796875 0.3703125 0.0171875
2 0.56484375 0.01796875 0.06484375 0.0171875
2 0.6515625 0.01796875 0.06484375 0.0171875
2 0.7328125 0.01796875 0.053125 0.0171875
2 0.8078125 0.01796875 0.053125 0.0171875
2 0.896875 0.01796875 0.08203125 0.0171875
2 0.97265625 0.01796875 0.0265625 0.0171875
2 0.10546875 0.07421875 0.18515625 0.053125
2 0.25625 0.07578125 0.06015625 0.040625
6 0.5359375 0.07578125 0.46171875 0.040625
2 0.865625 0.06640625 0.06484375 0.0171875
2 0.87265625 0.0921875 0.0796875 0.03125
2 0.96484375 0.0765625 0.02890625 0.03828125
2 0.01953125 0.13671875 0.00703125 0.02421875
2 0.125 0.13828125 0.1828125 0.0171875
2 0.31015625 0.13828125 0.13671875 0.0171875
2 0.4890625 0.13828125 0.16796875 0.0171875
2 0.696875 0.13828125 0.196875 0.0171875
2 0.9015625 0.13828125 0.15859375 0.0171875
2 0.98046875 0.13671875 0.00703125 0.02421875
2 0.98046875 0.1828125 0.00703125 0.02421875
2 0.03125 0.20546875 0.03359375 0.0453125
2 0.09609375 0.20546875 0.03828125 0.0453125
2 0.1609375 0.20546875 0.0359375 0.0453125
2 0.234375 0.20546875 0.05546875 0.0453125
2 0.3171875 0.20546875 0.0578125 0.0453125
2 0.390625 0.20546875 0.03125 0.0453125
2 0.44453125 0.20546875 0.02421875 0.0453125
2 0.49609375 0.20546875 0.02421875 0.0453125
2 0.59140625 0.20546875 0.1109375 0.0453125
2 0.72734375 0.20546875 0.10546875 0.0453125
2 0.83984375 0.20546875 0.0671875 0.0453125
2 0.91796875 0.20546875 0.03359375 0.0453125
2 0.9734375 0.20546875 0.02421875 0.0453125
2 0.5 0.2671875 1 0.0765625
2 0.10703125 0.796875 0.0140625 0.06484375
2 0.5 0.59375 1 0.5765625
2 0.1734375 0.796875 0.0140625 0.06484375
2 0.0765625 0.9671875 0.09140625 0.02421875
2 0.68515625 0.94140625 0.15390625 0.0578125
2 0.859375 0.94140625 0.15625 0.06015625