2 0.58984375 0.01484375 0.01875 0.0296875
2 0.50546875 0.01484375 0.01640625 0.0296875
2 0.7390625 0.01484375 0.021875 0.0296875
2 0.7609375 0.01484375 0.021875 0.0296875
2 0.71875 0.01484375 0.01875 0.0296875
2 0.87890625 0.20078125 0.08515625 0.1
2 0.8421875 0.31796875 0.10625 0.1
2 0.778125 0.425 0.09765625 0.1
2 0.740625 0.05078125 0.0703125 0.025
6 0.659375 0.0515625 0.05546875 0.02265625
2 0.6921875 0.0515625 0.01015625 0.02265625
2 0.70625 0.52734375 0.0859375 0.1
2 0.26953125 0.05390625 0.0921875 0.1078125