2 0.20703125 0.14296875 0.38515625 0.18984375
2 0.87421875 0.01796875 0.040625 0.03515625
2 0.9125 0.01796875 0.0375 0.03515625
2 0.11171875 0.01796875 0.053125 0.03515625
2 0.0171875 0.01796875 0.03359375 0.03515625
2 0.059375 0.01796875 0.05234375 0.03515625
6 0.47578125 0.28046875 0.4 0.0390625
2 0.253125 0.28125 0.04296875 0.0390625
6 0.71171875 0.28125 0.0671875 0.03515625
2 0.7578125 0.28125 0.0203125 0.0390625
2 0.125 0.6359375 0.24296875 0.4765625
2 0.375 0.6359375 0.24296875 0.47578125
2 0.62421875 0.63671875 0.24296875 0.4765625
2 0.875 0.63828125 0.2453125 0.47734375
2 0.0640625 0.97265625 0.121875 0.05390625
2 0.8125 0.9734375 0.12109375 0.053125
2 0.9359375 0.9734375 0.12265625 0.053125
2 0.18515625 0.9734375 0.121875 0.053125
2 0.31328125 0.9734375 0.1203125 0.053125
2 0.5625 0.9734375 0.1203125 0.053125
2 0.43515625 0.9734375 0.121875 0.05234375
2 0.684375 0.9734375 0.121875 0.05234375