2 0.16875 0.18984375 0.040625 0.05234375
2 0.21953125 0.18984375 0.059375 0.05234375
2 0.2765625 0.18984375 0.05390625 0.05234375
2 0.325 0.18984375 0.04140625 0.05234375
2 0.3984375 0.18984375 0.103125 0.05234375
2 0.475 0.18984375 0.04765625 0.05234375
2 0.52109375 0.18984375 0.04296875 0.05234375
2 0.565625 0.18984375 0.04375 0.05234375
2 0.25078125 0.01953125 0.06484375 0.0390625
2 0.353125 0.02265625 0.04921875 0.0453125
2 0.40234375 0.02265625 0.046875 0.0453125
2 0.45 0.02265625 0.04765625 0.0453125
2 0.49609375 0.02265625 0.04296875 0.0453125
2 0.5484375 0.02265625 0.059375 0.0453125
2 0.603125 0.02265625 0.05 0.0453125
2 0.65546875 0.02265625 0.05234375 0.0453125
2 0.709375 0.02265625 0.05546875 0.0453125
2 0.778125 0.02265625 0.07890625 0.0453125
2 0.18125 0.0234375 0.05390625 0.028125
6 0.871875 0.06796875 0.10625 0.028125
2 0.9359375 0.06796875 0.0203125 0.028125
2 0.34921875 0.79296875 0.390625 0.396875
2 0.75078125 0.79296875 0.39140625 0.39609375