2 0.27734375 0.015625 0.04921875 0.03125
2 0.225 0.0171875 0.03984375 0.02109375
2 0.35390625 0.0171875 0.0359375 0.03359375
2 0.3890625 0.0171875 0.034375 0.03359375
2 0.425 0.0171875 0.03515625 0.03359375
2 0.45859375 0.0171875 0.03125 0.03359375
2 0.496875 0.0171875 0.04453125 0.03359375
2 0.53828125 0.0171875 0.03671875 0.03359375
2 0.5765625 0.0171875 0.03828125 0.03359375
2 0.61640625 0.0171875 0.04140625 0.03359375
2 0.6671875 0.0171875 0.05859375 0.03359375
2 0.38046875 0.253125 0.0921875 0.1671875
2 0.4109375 0.31015625 0.03046875 0.0546875
2 0.57578125 0.43203125 0.02734375 0.05
2 0.54375 0.43203125 0.0265625 0.04765625
2 0.2140625 0.43359375 0.02265625 0.0359375
2 0.5 0.43359375 0.034375 0.06484375
2 0.42109375 0.43515625 0.025 0.04453125
2 0.45390625 0.43515625 0.0265625 0.0453125
2 0.7875 0.05078125 0.01484375 0.02109375
6 0.73984375 0.05078125 0.0796875 0.02109375
2 0.6171875 0.53203125 0.01171875 0.02109375
2 0.271875 0.64375 0.0078125 0.0140625
2 0.2421875 0.78671875 0.07421875 0.07578125
2 0.540625 0.78671875 0.07421875 0.07578125
2 0.2421875 0.87578125 0.07421875 0.07578125
2 0.540625 0.87578125 0.07421875 0.07578125
2 0.48359375 0.9234375 0.5640625 0.01171875
2 0.59921875 0.09296875 0.04765625 0.03828125
2 0.65 0.09296875 0.04765625 0.0375
2 0.76640625 0.09453125 0.0625 0.0359375
2 0.2390625 0.09453125 0.06796875 0.028125
2 0.70390625 0.0953125 0.0578125 0.0390625