2 0.2234375 0.146875 0.03671875 0.03828125
2 0.265625 0.146875 0.04765625 0.03828125
2 0.30625 0.146875 0.0328125 0.03828125
2 0.28046875 0.015625 0.05390625 0.03125
2 0.225 0.0171875 0.03984375 0.02109375
2 0.35390625 0.0171875 0.0359375 0.03359375
2 0.3890625 0.0171875 0.034375 0.03359375
2 0.425 0.0171875 0.03515625 0.03359375
2 0.45859375 0.0171875 0.03125 0.03359375
2 0.496875 0.0171875 0.04453125 0.03359375
2 0.53828125 0.0171875 0.03671875 0.03359375
2 0.5765625 0.0171875 0.03828125 0.03359375
2 0.61640625 0.0171875 0.04140625 0.03359375
2 0.6671875 0.0171875 0.05859375 0.03359375
2 0.5734375 0.2921875 0.14609375 0.14765625
2 0.35234375 0.31640625 0.29453125 0.2984375
2 0.5109375 0.3484375 0.02109375 0.03828125
2 0.7875 0.05078125 0.01484375 0.02109375
6 0.73984375 0.05078125 0.0796875 0.02109375
2 0.2765625 0.609375 0.14140625 0.14375
2 0.425 0.609375 0.14140625 0.14375
2 0.36484375 0.66171875 0.02109375 0.03828125
2 0.684375 0.83984375 0.053125 0.053125
2 0.20703125 0.09453125 0.08125 0.05
2 0.684375 0.9609375 0.05859375 0.059375
2 0.6515625 0.096875 0.01484375 0.0265625