2 0.109375 0.03828125 0.103125 0.05078125
2 0.96015625 0.03828125 0.03125 0.0484375
2 0.03515625 0.03984375 0.06953125 0.0796875
2 0.053125 0.165625 0.10546875 0.02421875
2 0.1875 0.165625 0.14921875 0.021875
2 0.34375 0.165625 0.14921875 0.021875
2 0.5 0.165625 0.14921875 0.021875
2 0.65625 0.165625 0.14921875 0.021875
2 0.8125 0.165625 0.14921875 0.021875
2 0.946875 0.1671875 0.10546875 0.02421875
2 0.16796875 0.7328125 0.26171875 0.0578125
2 0.49296875 0.7328125 0.26171875 0.0578125
2 0.75234375 0.74609375 0.13203125 0.03125