2 0.775 0.18671875 0.09453125 0.03359375
6 0.69140625 0.3203125 0.0984375 0.03203125
6 0.346875 0.3203125 0.09375 0.0359375
2 0.6515625 0.3203125 0.015625 0.025
2 0.28359375 0.459375 0.08125 0.021875
2 0.578125 0.50234375 0.13984375 0.21953125
2 0.26953125 0.575 0.015625 0.028125
2 0.2515625 0.5765625 0.015625 0.028125
2 0.7765625 0.590625 0.0109375 0.01953125
2 0.76328125 0.59140625 0.01015625 0.0203125
2 0.5515625 0.78125 0.05546875 0.1
2 0.784375 0.8328125 0.0109375 0.06171875
2 0.5515625 0.9125 0.0578125 0.10078125
2 0.3984375 0.13984375 0.2453125 0.2796875
2 0.15234375 0.13984375 0.2453125 0.2796875