2 0.73046875 0.15390625 0.06015625 0.0625
2 0.47890625 0.15390625 0.0515625 0.0578125
2 0.42109375 0.1546875 0.0609375 0.053125
2 0.65859375 0.1546875 0.08046875 0.0625
2 0.5609375 0.1546875 0.1125 0.059375
2 0.40703125 0.46171875 0.4015625 0.48203125
2 0.796875 0.0515625 0.01484375 0.03125
6 0.7515625 0.05234375 0.1078125 0.03359375
2 0.2296875 0.05390625 0.05703125 0.05078125
2 0.275 0.8140625 0.13828125 0.165625
2 0.428125 0.8140625 0.13828125 0.165625
2 0.58203125 0.8140625 0.13828125 0.165625
2 0.7359375 0.8140625 0.13828125 0.165625
2 0.28828125 0.1390625 0.19453125 0.0984375