2 0.0140625 0.13046875 0.028125 0.0171875
2 0.07421875 0.15390625 0.0671875 0.06015625
2 0.16328125 0.15390625 0.11328125 0.06015625
2 0.2546875 0.15390625 0.07421875 0.06015625
2 0.3265625 0.15390625 0.06953125 0.06015625
2 0.38828125 0.15390625 0.05546875 0.06015625
2 0.5375 0.15234375 0.02421875 0.05546875
2 0.5890625 0.15234375 0.053125 0.05546875
2 0.66328125 0.15234375 0.06953125 0.05546875
2 0.72578125 0.15234375 0.03125 0.05546875
6 0.86875 0.15234375 0.19453125 0.04296875
2 0.1234375 0.2546875 0.19453125 0.10546875
2 0.3265625 0.26796875 0.06015625 0.0359375
2 0.459375 0.26796875 0.1078125 0.0359375
2 0.61171875 0.26796875 0.10078125 0.0359375
2 0.75390625 0.26796875 0.08671875 0.0359375
2 0.90234375 0.26796875 0.11328125 0.0359375