6 0.68203125 0.14140625 0.0984375 0.03359375
2 0.71875 0.190625 0.1015625 0.0453125
2 0.71875 0.425 0.13046875 0.1703125
2 0.40703125 0.62734375 0.00625 0.0109375
2 0.396875 0.62734375 0.00625 0.01171875
2 0.41640625 0.62734375 0.00703125 0.01171875
2 0.72890625 0.71796875 0.11171875 0.03671875
6 0.68203125 0.07421875 0.0984375 0.03359375
2 0.7828125 0.78984375 0.03828125 0.0390625
2 0.25 0.82734375 0.09921875 0.11953125
2 0.3546875 0.82734375 0.09921875 0.11953125
2 0.4578125 0.82734375 0.09921875 0.11953125
2 0.5625 0.82734375 0.09921875 0.11953125
6 0.71875 0.8609375 0.171875 0.0421875
2 0.77734375 0.8609375 0.05546875 0.0421875
2 0.56171875 0.94609375 0.0984375 0.1078125
2 0.3546875 0.94765625 0.1 0.1046875
2 0.4578125 0.94765625 0.1 0.1046875
2 0.25 0.94765625 0.0984375 0.10390625
6 0.68203125 0.01171875 0.0984375 0.0234375