2 0.52109375 0.43515625 0.1671875 0.14140625
2 0.6984375 0.43515625 0.1578125 0.1359375
2 0.33828125 0.440625 0.1671875 0.15234375
2 0.35625 0.0515625 0.221875 0.10234375
2 0.81015625 0.05234375 0.0875 0.046875
2 0.7359375 0.053125 0.0140625 0.03203125
6 0.6140625 0.05390625 0.27109375 0.04453125
2 0.696875 0.57265625 0.15703125 0.1171875
2 0.52109375 0.5765625 0.16796875 0.11328125
2 0.3390625 0.58125 0.16640625 0.11484375
2 0.696875 0.70703125 0.1578125 0.1109375
2 0.51875 0.70703125 0.17421875 0.1171875
2 0.3375 0.7078125 0.16171875 0.1203125
2 0.69765625 0.8375 0.1578125 0.11875
2 0.51640625 0.8375 0.1671875 0.1140625
2 0.33984375 0.8390625 0.165625 0.1109375
2 0.69609375 0.95390625 0.1578125 0.0921875
2 0.33671875 0.9546875 0.146875 0.090625
2 0.51328125 0.9546875 0.1578125 0.090625