2 0.5765625 0.28125 0.228125 0.23203125
2 0.60546875 0.03125 0.0203125 0.0203125
2 0.5 0.0359375 0.23203125 0.05390625
2 0.38671875 0.45546875 0.03203125 0.03203125
2 0.4671875 0.45546875 0.03203125 0.03203125
2 0.6265625 0.45546875 0.03203125 0.03203125
2 0.546875 0.45625 0.03203125 0.02109375
2 0.45546875 0.5609375 0.0890625 0.08984375
2 0.55078125 0.5609375 0.0890625 0.08984375
2 0.64609375 0.5609375 0.0890625 0.08984375
2 0.6875 0.61875 0.009375 0.01484375
2 0.5921875 0.61875 0.009375 0.01484375
2 0.496875 0.61953125 0.00859375 0.01484375
2 0.3609375 0.696875 0.0890625 0.08984375
2 0.45546875 0.696875 0.0890625 0.08984375
2 0.55078125 0.696875 0.0890625 0.08984375
2 0.64609375 0.696875 0.0890625 0.08984375
2 0.6875 0.7546875 0.009375 0.01640625
2 0.5921875 0.7546875 0.009375 0.0140625
2 0.4015625 0.75546875 0.00859375 0.01328125
2 0.496875 0.75546875 0.00859375 0.0140625
2 0.959375 0.0921875 0.021875 0.01875
2 0.9828125 0.0921875 0.02109375 0.01796875
2 0.6671875 0.98828125 0.02421875 0.0234375
6 0.6046875 0.98828125 0.0984375 0.02265625
2 0.02578125 0.10546875 0.0515625 0.05234375
6 0.9265625 0.11640625 0.134375 0.0171875
2 0.9890625 0.11640625 0.0078125 0.01328125