2 0.87890625 0.01953125 0.084375 0.03828125
2 0.94453125 0.01953125 0.04296875 0.03828125
2 0.12265625 0.1046875 0.18046875 0.053125
6 0.8171875 0.1046875 0.22578125 0.03828125
6 0.9484375 0.1046875 0.03828125 0.03828125
2 0.0828125 0.2078125 0.0625 0.0765625
2 0.18046875 0.2078125 0.115625 0.0765625
2 0.2765625 0.2078125 0.06015625 0.0765625
2 0.3546875 0.2078125 0.0796875 0.0765625
2 0.4546875 0.2078125 0.103125 0.0765625
2 0.56875 0.2078125 0.10546875 0.0765625
2 0.67421875 0.2078125 0.09140625 0.0765625
2 0.7859375 0.2078125 0.115625 0.0765625
2 0.109375 0.28359375 0.11328125 0.0765625