2 0.10703125 0.0328125 0.11796875 0.06484375
2 0.2234375 0.0328125 0.11796875 0.06484375
2 0.34140625 0.0328125 0.11796875 0.06484375
2 0.4578125 0.0328125 0.11796875 0.06484375
2 0.96171875 0.03515625 0.0671875 0.04296875
2 0.09140625 0.11875 0.146875 0.03828125
6 0.3796875 0.11875 0.4015625 0.06015625
6 0.76171875 0.11875 0.3609375 0.06015625
2 0.9640625 0.11875 0.0453125 0.06015625
2 0.58203125 0.178125 0.8078125 0.02890625
2 0.97734375 0.24296875 0.0171875 0.03359375
6 0.6453125 0.678125 0.2453125 0.05078125
2 0.8390625 0.678125 0.11796875 0.05078125