2 0.97734375 0.2421875 0.015625 0.03359375
2 0.10625 0.0328125 0.1171875 0.06484375
2 0.2234375 0.0328125 0.1171875 0.06484375
2 0.340625 0.0328125 0.1171875 0.06484375
2 0.4578125 0.0328125 0.1171875 0.06484375
2 0.02265625 0.0328125 0.04375 0.065625
2 0.96171875 0.034375 0.06640625 0.04296875
2 0.95078125 0.3734375 0.0984375 0.09140625
2 0.9515625 0.47109375 0.096875 0.08828125
2 0.95234375 0.553125 0.0953125 0.08125
6 0.6453125 0.678125 0.2453125 0.04921875
2 0.8390625 0.678125 0.11796875 0.04921875
2 0.4984375 0.9546875 0.7109375 0.090625
6 0.3796875 0.11875 0.4015625 0.05859375
6 0.76171875 0.11875 0.359375 0.05859375
2 0.090625 0.11875 0.146875 0.0375
2 0.96328125 0.11875 0.04375 0.05859375