2 0.49765625 0.1390625 0.1734375 0.1015625
2 0.74140625 0.25703125 0.03125 0.0328125
2 0.7796875 0.2578125 0.03203125 0.0375
6 0.5 0.2578125 0.61640625 0.06015625
2 0.87421875 0.02734375 0.03828125 0.05234375
2 0.18984375 0.02734375 0.04609375 0.03984375
2 0.7 0.028125 0.10546875 0.05078125
2 0.80078125 0.03125 0.09765625 0.05703125
2 0.12265625 0.03125 0.071875 0.03984375
2 0.12109375 0.77421875 0.03828125 0.05078125
2 0.85078125 0.775 0.0359375 0.04921875
2 0.8984375 0.7765625 0.040625 0.0484375
2 0.74375 0.77734375 0.171875 0.05234375
2 0.190625 0.89296875 0.184375 0.1625
2 0.38203125 0.89375 0.18203125 0.1640625
2 0.57265625 0.89453125 0.1796875 0.16015625
2 0.88828125 0.89453125 0.06015625 0.1578125
2 0.76015625 0.896875 0.18125 0.1640625
2 0.05703125 0.903125 0.0328125 0.0703125
2 0.95859375 0.91171875 0.03671875 0.0921875