2 0.31875 0.234375 0.13203125 0.053125
2 0.31875 0.234375 0.13203125 0.053125
2 0.31875 0.234375 0.13203125 0.053125
2 0.31875 0.234375 0.13203125 0.053125
2 0.31875 0.234375 0.13203125 0.053125
2 0.3078125 0.234375 0.1109375 0.053125
2 0.3078125 0.2359375 0.1109375 0.053125
2 0.3078125 0.2359375 0.1109375 0.053125
2 0.3078125 0.2359375 0.1109375 0.053125
2 0.3078125 0.2359375 0.1109375 0.053125
2 0.3078125 0.2359375 0.1109375 0.053125
2 0.3078125 0.2359375 0.1109375 0.053125
2 0.3078125 0.2359375 0.1109375 0.053125
2 0.3078125 0.2359375 0.1109375 0.053125
2 0.3078125 0.2359375 0.1109375 0.053125
2 0.70078125 0.02734375 0.10546875 0.05078125
2 0.80078125 0.03125 0.09609375 0.0578125
6 0.45703125 0.25703125 0.53125 0.0578125
2 0.74140625 0.25703125 0.03125 0.03359375
2 0.74375 0.77734375 0.1734375 0.053125