2 0.365625 0.028125 0.225 0.05625
2 0.50234375 0.33203125 0.496875 0.34609375
2 0.240625 0.3328125 0.01171875 0.03359375
2 0.759375 0.3328125 0.01171875 0.03359375
2 0.4796875 0.4671875 0.0390625 0.025
2 0.26875 0.8265625 0.028125 0.03125
2 0.3046875 0.8265625 0.03984375 0.03125
2 0.3421875 0.8265625 0.03046875 0.03125
2 0.390625 0.8265625 0.06015625 0.03125
2 0.45 0.8265625 0.05234375 0.03125
2 0.4984375 0.8265625 0.0390625 0.03125
2 0.67578125 0.86015625 0.0703125 0.0546875
2 0.26875 0.09140625 0.02734375 0.03125
2 0.3046875 0.09140625 0.03984375 0.03125
2 0.3421875 0.09140625 0.03046875 0.03125
2 0.390625 0.09140625 0.06015625 0.03125
2 0.45 0.09140625 0.05234375 0.03125
2 0.4984375 0.09140625 0.0390625 0.03125
6 0.7046875 0.09140625 0.075 0.0265625
2 0.7328125 0.0921875 0.01171875 0.01328125