2 0.01953125 0.2515625 0.01953125 0.0375
2 0.64609375 0.4203125 0.0328125 0.02265625
6 0.5 0.42265625 0.05390625 0.0203125
6 0.59375 0.42265625 0.05390625 0.01875
2 0.4515625 0.48203125 0.0296875 0.0296875
2 0.521875 0.48203125 0.0296875 0.0296875
2 0.6015625 0.48203125 0.0296875 0.0296875
2 0.01953125 0.065625 0.01953125 0.0296875
2 0.1421875 0.68828125 0.2328125 0.23515625
2 0.92734375 0.76171875 0.14453125 0.3765625
2 0.14296875 0.9046875 0.2328125 0.190625
2 0.95859375 0.97734375 0.03203125 0.02421875