2 0.25 0.25625 0.12421875 0.04609375
2 0.346875 0.403125 0.0171875 0.03203125
6 0.25859375 0.41640625 0.13984375 0.05234375
6 0.80625 0.48828125 0.10859375 0.03125
2 0.578125 0.5421875 0.03046875 0.0546875
2 0.6078125 0.5421875 0.03046875 0.0546875
2 0.63828125 0.5421875 0.0296875 0.0546875
2 0.66875 0.5421875 0.03046875 0.0546875
2 0.7 0.5421875 0.03046875 0.0546875
2 0.578125 0.596875 0.03046875 0.0546875
2 0.6078125 0.596875 0.03046875 0.0546875
2 0.58828125 0.86484375 0.0453125 0.01796875
2 0.21171875 0.87109375 0.0484375 0.09609375