2 0.0890625 0.25703125 0.03203125 0.03828125
6 0.059375 0.26015625 0.09375 0.04375
2 0.059375 0.3421875 0.11796875 0.05078125
2 0.059375 0.4 0.11796875 0.06640625
2 0.58828125 0.04453125 0.01328125 0.02265625
2 0.60625 0.04453125 0.01015625 0.01875
2 0.62265625 0.04453125 0.009375 0.01796875
2 0.63984375 0.04453125 0.009375 0.01796875
2 0.059375 0.45390625 0.11796875 0.0421875
2 0.059375 0.50859375 0.11796875 0.06640625
2 0.059375 0.5625 0.11796875 0.0421875
2 0.059375 0.6046875 0.11796875 0.0421875
2 0.059375 0.65859375 0.11796875 0.06640625
2 0.059375 0.71328125 0.11796875 0.0421875
2 0.059375 0.75546875 0.11796875 0.0421875
2 0.059375 0.8203125 0.11796875 0.05078125
2 0.059375 0.8734375 0.11796875 0.05078125
2 0.059375 0.925 0.11796875 0.05078125
2 0.05859375 0.97421875 0.1171875 0.0515625
2 0.059375 0.1109375 0.09375 0.1234375