2 0.3859375 0.02890625 0.021875 0.021875
2 0.8234375 0.02890625 0.12734375 0.021875
6 0.84375 0.08984375 0.2359375 0.03125
2 0.94921875 0.08984375 0.021875 0.02890625
6 0.7328125 0.11875 0.01171875 0.0171875
6 0.83046875 0.11875 0.0140625 0.0171875
2 0.178125 0.16953125 0.209375 0.0484375
2 0.359375 0.16953125 0.15859375 0.0484375
2 0.49296875 0.16953125 0.11328125 0.0484375
2 0.5828125 0.16953125 0.071875 0.0484375
2 0.6984375 0.16953125 0.15859375 0.0484375
2 0.81484375 0.16953125 0.0765625 0.0484375
2 0.88828125 0.16953125 0.06953125 0.0484375
2 0.19140625 0.5625 0.30546875 0.06484375
2 0.146875 0.6421875 0.19453125 0.02421875
2 0.103125 0.9171875 0.12734375 0.16328125
2 0.509375 0.8390625 0.00234375 0.00703125
2 0.509375 0.9828125 0.00234375 0.00703125