2 0.79375 0.25859375 0.03671875 0.03828125
6 0.7375 0.25859375 0.07890625 0.03828125
2 0.75625 0.06015625 0.01875 0.03046875
2 0.7203125 0.06171875 0.0171875 0.03046875
2 0.73828125 0.06171875 0.015625 0.03359375
2 0.23671875 0.065625 0.0453125 0.04921875
2 0.36171875 0.06640625 0.0734375 0.04453125
2 0.45234375 0.06640625 0.03125 0.0484375
2 0.2921875 0.06640625 0.0625 0.046875
2 0.41796875 0.0671875 0.0359375 0.0390625
2 0.61796875 0.06796875 0.0890625 0.04296875
2 0.6859375 0.06875 0.0453125 0.04609375
2 0.51875 0.08828125 0.09453125 0.153125