2 0.1625 0.046875 0.2328125 0.02890625
2 0.78828125 0.0453125 0.06953125 0.053125
2 0.78828125 0.0453125 0.06953125 0.053125
2 0.8796875 0.0453125 0.084375 0.053125
2 0.8796875 0.0453125 0.084375 0.053125
2 0.13203125 0.38125 0.2359375 0.10546875
2 0.13203125 0.459375 0.2359375 0.053125
2 0.13203125 0.51171875 0.2359375 0.05078125
2 0.13203125 0.5640625 0.2359375 0.053125
2 0.13203125 0.615625 0.2359375 0.05078125
2 0.13203125 0.66796875 0.2359375 0.053125
2 0.13203125 0.7203125 0.2359375 0.053125
2 0.13203125 0.771875 0.2359375 0.053125
2 0.13203125 0.82421875 0.2359375 0.053125
2 0.13203125 0.8765625 0.2359375 0.053125
2 0.13203125 0.928125 0.2359375 0.053125
2 0.13359375 0.97578125 0.2359375 0.04296875
6 0.5015625 0.29921875 0.34609375 0.053125
2 0.9265625 0.29921875 0.115625 0.053125
2 0.9234375 0.384375 0.12265625 0.021875
2 0.36171875 0.51171875 0.0671875 0.021875
2 0.525 0.51171875 0.26171875 0.021875
2 0.80390625 0.51171875 0.10078125 0.021875
2 0.36171875 0.5671875 0.0671875 0.021875
2 0.525 0.5671875 0.26171875 0.021875
2 0.80390625 0.5671875 0.10078125 0.021875
2 0.36171875 0.62109375 0.0671875 0.021875
2 0.525 0.62109375 0.26171875 0.021875
2 0.80390625 0.62109375 0.10078125 0.021875
2 0.36171875 0.6765625 0.0671875 0.021875
2 0.525 0.6765625 0.26171875 0.021875
2 0.80390625 0.6765625 0.10078125 0.021875
2 0.36171875 0.73046875 0.0671875 0.021875
2 0.525 0.73046875 0.26171875 0.021875
2 0.80390625 0.73046875 0.10078125 0.021875
2 0.36171875 0.7859375 0.0671875 0.021875
2 0.525 0.7859375 0.26171875 0.021875
2 0.80390625 0.7859375 0.10078125 0.021875
2 0.36171875 0.83984375 0.0671875 0.021875
2 0.525 0.83984375 0.26171875 0.021875
2 0.80390625 0.83984375 0.10078125 0.021875
2 0.36171875 0.8953125 0.0671875 0.021875
2 0.525 0.8953125 0.26171875 0.021875
2 0.80390625 0.8953125 0.10078125 0.021875
2 0.36171875 0.94921875 0.0671875 0.021875
2 0.525 0.94921875 0.26171875 0.021875
2 0.80390625 0.94921875 0.10078125 0.021875
2 0.36171875 0.99609375 0.0671875 0.0046875
2 0.525 0.99609375 0.26171875 0.0046875
2 0.80390625 0.99609375 0.10078125 0.0046875