2 0.2375 0.1703125 0.1296875 0.06328125
2 0.4234375 0.17265625 0.19375 0.0625
2 0.75625 0.175 0.08046875 0.0890625
2 0.61640625 0.175 0.11171875 0.0546875
6 0.50078125 0.29921875 0.3453125 0.05234375
2 0.77109375 0.29921875 0.17734375 0.05
2 0.9265625 0.29921875 0.115625 0.05234375
2 0.1328125 0.38125 0.234375 0.10390625
2 0.62265625 0.0453125 0.05078125 0.04765625
2 0.78828125 0.0453125 0.06953125 0.05234375
2 0.78828125 0.0453125 0.06953125 0.05234375
2 0.88046875 0.0453125 0.0828125 0.05234375
2 0.88046875 0.0453125 0.0828125 0.05234375
2 0.5296875 0.046875 0.08359375 0.0484375
2 0.1328125 0.459375 0.234375 0.05234375
2 0.1625 0.046875 0.23125 0.02890625
2 0.44453125 0.04765625 0.06640625 0.0453125
2 0.3546875 0.0484375 0.0921875 0.04765625
2 0.1328125 0.51171875 0.234375 0.05234375
2 0.3609375 0.5125 0.06640625 0.021875
2 0.525 0.5125 0.2625 0.021875
2 0.80390625 0.5125 0.1 0.021875
2 0.1328125 0.5640625 0.234375 0.05234375
2 0.3609375 0.5671875 0.06640625 0.021875
2 0.525 0.5671875 0.2625 0.021875
2 0.80390625 0.5671875 0.1 0.021875
2 0.1328125 0.615625 0.234375 0.05234375
2 0.3609375 0.621875 0.06640625 0.021875
2 0.525 0.621875 0.2625 0.021875
2 0.80390625 0.621875 0.1 0.021875
2 0.1328125 0.66796875 0.234375 0.05234375
2 0.3609375 0.6765625 0.06640625 0.021875
2 0.525 0.6765625 0.2625 0.021875
2 0.80390625 0.6765625 0.1 0.021875
2 0.1328125 0.7203125 0.234375 0.05234375
2 0.3609375 0.73125 0.06640625 0.021875
2 0.525 0.73125 0.2625 0.021875
2 0.80390625 0.73125 0.1 0.021875
2 0.1328125 0.771875 0.234375 0.05234375
2 0.3609375 0.7859375 0.06640625 0.021875
2 0.525 0.7859375 0.2625 0.021875
2 0.80390625 0.7859375 0.1 0.021875
2 0.1328125 0.82421875 0.234375 0.05234375
2 0.3609375 0.840625 0.06640625 0.021875
2 0.525 0.840625 0.2625 0.021875
2 0.80390625 0.840625 0.1 0.021875
2 0.1328125 0.8765625 0.234375 0.05234375
2 0.3609375 0.8953125 0.06640625 0.021875
2 0.525 0.8953125 0.2625 0.021875
2 0.80390625 0.8953125 0.1 0.021875