2 0.13828125 0.01328125 0.2140625 0.0171875
2 0.46640625 0.1203125 0.09140625 0.071875
2 0.55078125 0.1203125 0.0578125 0.071875
2 0.88828125 0.13828125 0.1609375 0.03828125
2 0.390625 0.17421875 0.09140625 0.02890625
2 0.1296875 0.21171875 0.05546875 0.0359375
2 0.18515625 0.21171875 0.05546875 0.0359375
2 0.2359375 0.21171875 0.04296875 0.0359375
2 0.28828125 0.21171875 0.06015625 0.0359375
2 0.3578125 0.21171875 0.0765625 0.0359375
2 0.4328125 0.21171875 0.07421875 0.0359375
2 0.49375 0.21171875 0.0453125 0.0359375
2 0.5515625 0.21171875 0.06953125 0.0359375
2 0.6203125 0.21171875 0.06484375 0.0359375
2 0.69453125 0.21171875 0.084375 0.0359375
2 0.78125 0.21171875 0.08671875 0.0359375
2 0.88125 0.21171875 0.11328125 0.0359375
2 0.94921875 0.2125 0.03359375 0.0453125
2 0.34375 0.7453125 0.6078125 0.50703125
2 0.8125 0.86875 0.2953125 0.053125
2 0.8125 0.9203125 0.2953125 0.053125
2 0.8140625 0.97265625 0.29296875 0.053125