2 0.034375 0.0296875 0.06875 0.059375
2 0.09921875 0.0296875 0.0609375 0.059375
2 0.1578125 0.0296875 0.059375 0.059375
2 0.215625 0.0296875 0.059375 0.059375
2 0.27421875 0.0296875 0.0609375 0.059375
2 0.33359375 0.0296875 0.0578125 0.059375
2 0.3921875 0.0296875 0.059375 0.059375
2 0.45 0.0296875 0.059375 0.059375
2 0.50859375 0.0296875 0.0609375 0.059375
2 0.57734375 0.0296875 0.0796875 0.059375
2 0.9640625 0.0328125 0.06953125 0.0625
2 0.48828125 0.1453125 0.97578125 0.11796875
2 0.99765625 0.146875 0.00234375 0.11796875
2 0.2546875 0.26953125 0.06953125 0.0796875
2 0.3234375 0.26953125 0.06953125 0.0796875
2 0.3921875 0.26953125 0.06953125 0.0796875
2 0.46015625 0.26953125 0.06953125 0.0796875
2 0.52890625 0.26953125 0.06953125 0.0796875
2 0.59609375 0.26953125 0.06953125 0.0796875
2 0.66484375 0.26953125 0.06953125 0.0796875
2 0.7328125 0.26953125 0.06953125 0.0796875
2 0.8171875 0.26953125 0.10078125 0.0796875
2 0.9265625 0.26953125 0.0671875 0.0796875
2 0.11875 0.34296875 0.2375 0.0203125
2 0.55078125 0.34375 0.62734375 0.01953125
2 0.93046875 0.3453125 0.13671875 0.01953125
6 0.9484375 0.396875 0.10078125 0.0484375
6 0.9484375 0.45546875 0.10078125 0.0484375
2 0.9359375 0.51171875 0.07421875 0.04296875
2 0.92578125 0.5609375 0.05546875 0.02421875
2 0.98203125 0.5609375 0.03359375 0.02421875
2 0.05859375 0.89453125 0.1171875 0.2078125