2 0.48828125 0.14609375 0.9765625 0.1171875
2 0.2546875 0.26953125 0.06875 0.078125
2 0.3234375 0.26953125 0.06875 0.078125
2 0.39140625 0.26953125 0.06875 0.078125
2 0.46015625 0.26953125 0.06875 0.078125
2 0.528125 0.26953125 0.06875 0.078125
2 0.596875 0.26953125 0.06875 0.078125
2 0.66484375 0.26953125 0.06875 0.078125
2 0.73359375 0.26953125 0.06875 0.078125
2 0.8171875 0.26953125 0.1 0.078125
2 0.9265625 0.26953125 0.06640625 0.078125
2 0.11015625 0.2703125 0.2203125 0.0765625
2 0.1 0.03046875 0.05859375 0.05859375
2 0.1578125 0.03046875 0.05859375 0.05859375
2 0.2171875 0.03046875 0.05859375 0.05859375
2 0.275 0.03046875 0.05859375 0.05859375
2 0.334375 0.03046875 0.05859375 0.05859375
2 0.03515625 0.03046875 0.0703125 0.05859375
2 0.3921875 0.03046875 0.05859375 0.05859375
2 0.4515625 0.03046875 0.05859375 0.05859375
2 0.509375 0.03046875 0.05859375 0.05859375
2 0.578125 0.03046875 0.078125 0.05859375
2 0.96484375 0.03125 0.0703125 0.06015625
6 0.94921875 0.396875 0.1015625 0.0453125
2 0.09765625 0.4203125 0.1953125 0.18046875
6 0.94921875 0.4546875 0.1015625 0.0453125
2 0.93671875 0.5125 0.0765625 0.04296875
2 0.81484375 0.6015625 0.0578125 0.0796875
2 0.2796875 0.60234375 0.05546875 0.0796875
2 0.54609375 0.60234375 0.625 0.53046875
2 0.92734375 0.7453125 0.05 0.06875
2 0.9265625 0.87265625 0.046875 0.0640625
2 0.0484375 0.8796875 0.0953125 0.12265625
2 0.05859375 0.971875 0.1171875 0.05625
2 0.92578125 0.984375 0.05078125 0.03125