2 0.140625 0.290625 0.03828125 0.053125
2 0.07578125 0.2859375 0.1515625 0.365625
2 0.51171875 0.2859375 0.6828125 0.365625
2 0.9359375 0.2875 0.12734375 0.365625
2 0.88203125 0.290625 0.03828125 0.053125
2 0.43984375 0.49609375 0.00703125 0.01171875
2 0.4578125 0.49609375 0.00703125 0.01171875
2 0.47578125 0.49609375 0.00703125 0.01171875
2 0.49296875 0.49609375 0.00703125 0.01171875
2 0.5109375 0.49609375 0.00703125 0.01171875
2 0.52890625 0.49609375 0.00703125 0.01171875
2 0.5453125 0.49609375 0.00703125 0.01171875
2 0.5640625 0.49609375 0.00703125 0.01171875
2 0.08671875 0.05078125 0.146875 0.0453125
2 0.8375 0.0515625 0.09375 0.0359375
2 0.9359375 0.0515625 0.10546875 0.03359375
2 0.09140625 0.7234375 0.15625 0.2359375
2 0.24609375 0.7234375 0.15625 0.2359375
2 0.4015625 0.7234375 0.15625 0.2359375
2 0.55625 0.7234375 0.15625 0.2359375
2 0.16484375 0.975 0.303125 0.0484375
2 0.484375 0.975 0.303125 0.0484375