2 0.27578125 0.1515625 0.0796875 0.02265625
2 0.27578125 0.17421875 0.0796875 0.02265625
2 0.27578125 0.19765625 0.0796875 0.02265625
2 0.46484375 0.20546875 0.01796875 0.02109375
6 0.4046875 0.21484375 0.09375 0.01796875
2 0.27578125 0.22265625 0.0796875 0.02265625
2 0.27578125 0.24453125 0.0796875 0.02265625
2 0.27578125 0.28984375 0.0796875 0.02265625
2 0.27578125 0.31328125 0.0796875 0.02265625
2 0.41953125 0.31796875 0.00859375 0.015625
2 0.465625 0.31796875 0.00859375 0.015625
2 0.5046875 0.31796875 0.00859375 0.015625
2 0.27578125 0.3359375 0.0796875 0.02265625
2 0.27578125 0.034375 0.0796875 0.02265625
2 0.27578125 0.36015625 0.0796875 0.02265625
2 0.27578125 0.38359375 0.0796875 0.02265625
2 0.27578125 0.40625 0.0796875 0.02265625
2 0.27578125 0.4296875 0.0796875 0.02265625
2 0.27578125 0.453125 0.0796875 0.02265625
2 0.27578125 0.4765625 0.0796875 0.02265625
2 0.27578125 0.5 0.0796875 0.02265625
2 0.27578125 0.5234375 0.0796875 0.02265625
2 0.27578125 0.56796875 0.0796875 0.02265625
2 0.27578125 0.0578125 0.0796875 0.02265625
2 0.27578125 0.59140625 0.0796875 0.02265625
2 0.27578125 0.615625 0.0796875 0.02265625
2 0.27578125 0.63828125 0.0796875 0.02265625
2 0.27578125 0.66171875 0.0796875 0.02265625
2 0.27578125 0.68515625 0.0796875 0.02265625
2 0.27578125 0.71484375 0.0796875 0.03515625
2 0.275 0.74375 0.0796875 0.02265625
2 0.27578125 0.7671875 0.0796875 0.02265625
2 0.27578125 0.790625 0.0796875 0.02265625
2 0.27578125 0.08125 0.0796875 0.02265625
2 0.27578125 0.8140625 0.0796875 0.02265625
2 0.27578125 0.8375 0.0796875 0.02265625
2 0.27578125 0.8609375 0.0796875 0.02265625
2 0.27578125 0.88359375 0.0796875 0.02265625
2 0.2484375 0.95078125 0.0390625 0.03828125
2 0.29375 0.95078125 0.0515625 0.03828125
2 0.3484375 0.95078125 0.05859375 0.03828125
2 0.4109375 0.95078125 0.0671875 0.03828125
2 0.490625 0.95078125 0.09140625 0.03828125
2 0.565625 0.95078125 0.05859375 0.03828125
2 0.6125 0.95078125 0.03515625 0.03828125
2 0.27578125 0.10390625 0.0796875 0.02265625
2 0.27578125 0.128125 0.0796875 0.02265625