2 0.128125 0.1609375 0.07890625 0.03515625
2 0.2296875 0.1609375 0.0921875 0.03515625
2 0.34453125 0.1609375 0.10625 0.03515625
2 0.04765625 0.1609375 0.05078125 0.03515625
2 0.48359375 0.1609375 0.14140625 0.03515625
2 0.6109375 0.1609375 0.08203125 0.03515625
2 0.690625 0.1609375 0.04609375 0.03515625
2 0.8859375 0.01953125 0.209375 0.0234375
2 0.434375 0.28671875 0.08671875 0.02578125
2 0.83515625 0.38359375 0.2390625 0.25859375
2 0.04453125 0.3875 0.06015625 0.09453125
2 0.7921875 0.7421875 0.01875 0.03125
2 0.81328125 0.7421875 0.01875 0.03125
2 0.83359375 0.7421875 0.01875 0.03125
2 0.85390625 0.7421875 0.01875 0.03125
2 0.87421875 0.7421875 0.01875 0.03125
2 0.715625 0.74375 0.03046875 0.040625
2 0.95078125 0.74375 0.03046875 0.040625
2 0.1734375 0.08046875 0.32734375 0.0703125
2 0.2359375 0.82265625 0.28125 0.0390625
2 0.94296875 0.825 0.05390625 0.0234375
2 0.92109375 0.865625 0.03125 0.0234375
2 0.95078125 0.865625 0.03046875 0.0234375
2 0.46484375 0.86875 0.02109375 0.26171875
2 0.48828125 0.86875 0.02265625 0.26171875
2 0.51015625 0.86875 0.02265625 0.26171875
2 0.5328125 0.86875 0.021875 0.26171875
2 0.5546875 0.86875 0.021875 0.26171875
2 0.57734375 0.86875 0.021875 0.26171875
2 0.60078125 0.86875 0.0234375 0.26171875
2 0.621875 0.86875 0.021875 0.26171875
2 0.925 0.921875 0.03125 0.0234375
2 0.95078125 0.921875 0.03046875 0.0234375
2 0.803125 0.09453125 0.02890625 0.03671875
6 0.90390625 0.0953125 0.17109375 0.0375
2 0.92109375 0.978125 0.03125 0.0234375
2 0.95078125 0.978125 0.03046875 0.0234375