2 0.5 0.0328125 0.71640625 0.02890625
2 0.51171875 0.0921875 0.11328125 0.0265625
6 0.875 0.0921875 0.03828125 0.0484375
2 0.95078125 0.0953125 0.0453125 0.02890625
2 0.109375 0.1453125 0.09375 0.02890625
2 0.259375 0.16953125 0.0671875 0.03125
2 0.36796875 0.16953125 0.0984375 0.03125
2 0.60078125 0.16953125 0.1390625 0.03125
2 0.734375 0.16953125 0.0765625 0.03125
2 0.2453125 0.65234375 0.2359375 0.06015625
2 0.8453125 0.94921875 0.16328125 0.053125
2 0.2203125 0.9671875 0.18984375 0.0359375
2 0.64453125 0.9671875 0.46171875 0.0359375