2 0.86796875 0.92578125 0.11328125 0.021875
2 0.70703125 0.928125 0.09609375 0.02421875
2 0.7125 0.18984375 0.08671875 0.021875
2 0.94140625 0.18984375 0.0484375 0.021875
2 0.51796875 0.18984375 0.09140625 0.021875
2 0.08203125 0.2546875 0.11796875 0.0796875
2 0.93125 0.2546875 0.09140625 0.0796875
2 0.17578125 0.2546875 0.06953125 0.0796875
2 0.25234375 0.2546875 0.084375 0.0796875
2 0.3390625 0.2546875 0.09140625 0.0796875
2 0.44140625 0.2546875 0.11328125 0.0796875
2 0.546875 0.2546875 0.0984375 0.0796875
2 0.6203125 0.2546875 0.05078125 0.0796875
2 0.70703125 0.2546875 0.0625 0.0796875
2 0.78125 0.2546875 0.08671875 0.0796875
2 0.85546875 0.2546875 0.06015625 0.0796875
2 0.26953125 0.58515625 0.44453125 0.365625
2 0.26953125 0.9859375 0.44453125 0.0265625