2 0.0265625 0.13671875 0.02421875 0.0171875
2 0.0265625 0.13671875 0.02421875 0.0171875
2 0.13671875 0.15390625 0.01953125 0.0265625
2 0.1875 0.15390625 0.06484375 0.03359375
2 0.25234375 0.15390625 0.06484375 0.03359375
2 0.3234375 0.15390625 0.0765625 0.03359375
2 0.39296875 0.15390625 0.0625 0.03359375
2 0.46875 0.15390625 0.0890625 0.03359375
2 0.53828125 0.15390625 0.05078125 0.03359375
2 0.58984375 0.15390625 0.053125 0.03359375
2 0.6609375 0.15390625 0.09140625 0.03359375
6 0.853125 0.15390625 0.27890625 0.0484375
2 0.7296875 0.1546875 0.02421875 0.04296875
2 0.03359375 0.225 0.02421875 0.0171875
2 0.1390625 0.259375 0.0140625 0.01953125
2 0.04453125 0.2609375 0.0484375 0.0171875
2 0.0828125 0.3015625 0.12265625 0.053125
2 0.0828125 0.37734375 0.12265625 0.06953125
2 0.0828125 0.4546875 0.12265625 0.053125
2 0.0828125 0.51171875 0.12265625 0.0359375
2 0.0828125 0.5640625 0.12265625 0.03828125
2 0.0828125 0.6234375 0.12265625 0.053125
2 0.0828125 0.68984375 0.12265625 0.053125
2 0.0828125 0.77421875 0.12265625 0.0890625
2 0.0828125 0.85078125 0.12265625 0.03828125
2 0.0828125 0.9125 0.12265625 0.053125
2 0.0828125 0.97265625 0.12265625 0.03828125
2 0.2390625 0.2484375 0.115625 0.02890625
2 0.5359375 0.81015625 0.04296875 0.01953125