2 0.01796875 0.153125 0.0359375 0.05078125
2 0.18671875 0.15390625 0.065625 0.03359375
2 0.25234375 0.15390625 0.065625 0.03359375
2 0.3234375 0.15390625 0.07734375 0.03359375
2 0.39375 0.15390625 0.0625 0.03359375
2 0.46953125 0.15390625 0.0890625 0.03359375
2 0.53828125 0.15390625 0.05 0.03359375
2 0.58984375 0.15390625 0.053125 0.03359375
2 0.6609375 0.15390625 0.08984375 0.03359375
6 0.853125 0.15390625 0.2796875 0.046875
2 0.0953125 0.15390625 0.1078125 0.0546875
2 0.7296875 0.15546875 0.02421875 0.04296875
2 0.08359375 0.22421875 0.1375 0.0328125
2 0.1390625 0.259375 0.0125 0.01953125
2 0.0453125 0.26015625 0.046875 0.01796875
2 0.0828125 0.30234375 0.1234375 0.05234375
2 0.0828125 0.37734375 0.1234375 0.0703125
2 0.7765625 0.3953125 0.29375 0.3296875
2 0.0828125 0.45390625 0.1234375 0.053125
2 0.725 0.484375 0.09921875 0.03984375
2 0.83203125 0.4859375 0.09609375 0.03984375
2 0.0828125 0.5125 0.1234375 0.03515625
2 0.0828125 0.5640625 0.1234375 0.0390625
2 0.49296875 0.05859375 0.696875 0.1171875
2 0.0828125 0.6234375 0.1234375 0.05234375
2 0.0828125 0.68984375 0.1234375 0.05234375
2 0.7765625 0.734375 0.29140625 0.3265625
2 0.0828125 0.77421875 0.1234375 0.0875
2 0.53515625 0.81015625 0.0578125 0.03203125
2 0.0828125 0.8515625 0.1234375 0.0390625
2 0.0828125 0.9125 0.1234375 0.053125
2 0.609375 0.9515625 0.0359375 0.05078125
2 0.93984375 0.95234375 0.01640625 0.0328125
2 0.7765625 0.95390625 0.3984375 0.0921875
2 0.0828125 0.97265625 0.1234375 0.0390625