2 0.4671875 0.16796875 0.44453125 0.10234375
2 0.34609375 0.85546875 0.07734375 0.03671875
2 0.42578125 0.85546875 0.07734375 0.03671875
2 0.50625 0.85546875 0.078125 0.03671875
2 0.5890625 0.85546875 0.078125 0.03671875
6 0.55 0.95546875 0.22890625 0.03359375
2 0.6765625 0.95546875 0.025 0.03359375
6 0.39609375 0.95859375 0.078125 0.034375
2 0.2984375 0.99296875 0.10625 0.0140625
2 0.4109375 0.99296875 0.10546875 0.01328125
2 0.63671875 0.99296875 0.10546875 0.01328125
2 0.52421875 0.99375 0.10546875 0.0125