2 0.2796875 0.15703125 0.071875 0.0234375
2 0.3453125 0.15703125 0.06015625 0.0234375
2 0.40546875 0.15703125 0.059375 0.0234375
2 0.4671875 0.15703125 0.0640625 0.0234375
2 0.525 0.15703125 0.0609375 0.0234375
6 0.76953125 0.1578125 0.16953125 0.0359375
2 0.6125 0.15859375 0.10625 0.03203125
2 0.84453125 0.16015625 0.01640625 0.03046875
2 0.33671875 0.0859375 0.1859375 0.06640625
2 0.3125 0.85546875 0.140625 0.04921875
2 0.41484375 0.8625 0.01796875 0.0328125
2 0.43984375 0.86328125 0.01796875 0.0328125
2 0.465625 0.86328125 0.01796875 0.0328125
2 0.490625 0.86328125 0.01796875 0.0328125
6 0.68828125 0.87734375 0.17421875 0.04140625
2 0.8171875 0.878125 0.0703125 0.04140625