6 0.946875 0.0671875 0.103125 0.04296875
2 0.15390625 0.11171875 0.06953125 0.03828125
2 0.2453125 0.11171875 0.0453125 0.03828125
2 0.31875 0.11171875 0.0359375 0.03828125
2 0.39296875 0.11171875 0.0484375 0.03828125
2 0.4796875 0.11171875 0.0578125 0.03828125
2 0.571875 0.11171875 0.0625 0.03828125
2 0.65390625 0.11171875 0.0359375 0.03828125
2 0.74375 0.11171875 0.0796875 0.03828125
2 0.8390625 0.11171875 0.0453125 0.03828125
2 0.9328125 0.11171875 0.0765625 0.03828125
2 0.9828125 0.25625 0.03359375 0.09375
2 0.43515625 0.50390625 0.12734375 0.0484375