2 0.15703125 0.19375 0.1203125 0.0609375
2 0.2671875 0.19375 0.10078125 0.0609375
2 0.371875 0.19375 0.109375 0.0609375
2 0.48359375 0.19375 0.11328125 0.0609375
2 0.05078125 0.19375 0.0921875 0.0609375
2 0.60078125 0.19375 0.12109375 0.0609375
2 0.69921875 0.19375 0.0765625 0.0609375
2 0.76953125 0.19375 0.0640625 0.0609375
2 0.8328125 0.19375 0.06171875 0.0609375
2 0.95703125 0.19375 0.0765625 0.0609375
2 0.9625 0.028125 0.07421875 0.05625
2 0.0609375 0.0296875 0.1125 0.03671875
2 0.1625 0.03046875 0.06171875 0.0609375
2 0.80859375 0.03046875 0.05859375 0.0375
2 0.8875 0.03046875 0.0703125 0.0609375
2 0.87109375 0.52109375 0.04140625 0.046875
6 0.50078125 0.52109375 0.8015625 0.07578125
2 0.13515625 0.94609375 0.17109375 0.1078125
2 0.3171875 0.94609375 0.1703125 0.1078125
2 0.5 0.94609375 0.1703125 0.1078125
2 0.6828125 0.94609375 0.1703125 0.1078125
2 0.86484375 0.94609375 0.17109375 0.1078125
6 0.7734375 0.1109375 0.3515625 0.053125
2 0.1125 0.11171875 0.1953125 0.06484375
2 0.96640625 0.1125 0.040625 0.05390625