2 0.0609375 0.0296875 0.11328125 0.0359375
2 0.1625 0.03125 0.06484375 0.0625
2 0.80859375 0.0296875 0.06015625 0.03828125
2 0.8890625 0.03125 0.071875 0.0625
2 0.94453125 0.03125 0.03828125 0.0625
2 0.11171875 0.11171875 0.19453125 0.06484375
6 0.77421875 0.11171875 0.35078125 0.053125
2 0.05078125 0.19375 0.09140625 0.0625
2 0.15625 0.19375 0.1203125 0.0625
2 0.2671875 0.19375 0.10078125 0.0625
2 0.37265625 0.19375 0.1109375 0.0625
2 0.4828125 0.19375 0.11328125 0.0625
2 0.60078125 0.19375 0.12265625 0.0625
2 0.69921875 0.19375 0.07421875 0.0625
2 0.76953125 0.19375 0.06484375 0.0625
2 0.8328125 0.19375 0.0625 0.0625
2 0.95703125 0.19375 0.07421875 0.0625
6 0.47265625 0.5203125 0.7453125 0.07421875
2 0.1359375 0.94453125 0.1734375 0.10546875
2 0.3171875 0.94453125 0.1703125 0.10546875
2 0.5 0.94453125 0.1703125 0.10546875
2 0.6828125 0.94453125 0.1703125 0.10546875
2 0.865625 0.94453125 0.1734375 0.10546875