2 0.9890625 0.1515625 0.02109375 0.04375
2 0.51328125 0.1609375 0.04453125 0.03359375
6 0.3421875 0.16171875 0.28203125 0.03515625
2 0.9890625 0.19375 0.02109375 0.0453125
2 0.22578125 0.2125 0.05 0.028125
2 0.28515625 0.2125 0.05859375 0.028125
2 0.346875 0.2125 0.05546875 0.028125
2 0.9890625 0.2390625 0.02109375 0.0421875
2 0.9890625 0.06640625 0.02109375 0.0453125
2 0.6921875 0.6734375 0.06171875 0.03359375
2 0.73046875 0.84765625 0.13828125 0.10859375
2 0.66484375 0.98828125 0.01484375 0.0234375
2 0.65 0.98828125 0.0125 0.02265625
2 0.68125 0.98828125 0.015625 0.02265625
2 0.696875 0.9875 0.015625 0.025
2 0.7125 0.9890625 0.0140625 0.021875
2 0.7265625 0.9890625 0.0125 0.021875
2 0.7421875 0.9890625 0.015625 0.021875
2 0.759375 0.98984375 0.0171875 0.0203125
2 0.7921875 0.98984375 0.01484375 0.01953125
2 0.7765625 0.98984375 0.01328125 0.01953125
2 0.9890625 0.109375 0.02109375 0.0421875