2 0.56953125 0.0328125 0.04296875 0.0625
2 0.61796875 0.0328125 0.053125 0.0625
2 0.7640625 0.0328125 0.12265625 0.0625
2 0.86640625 0.0328125 0.084375 0.0625
2 0.953125 0.0328125 0.09140625 0.06484375
2 0.165625 0.103125 0.0890625 0.0765625
2 0.30546875 0.103125 0.12734375 0.0765625
2 0.459375 0.103125 0.1203125 0.0765625
2 0.60546875 0.103125 0.11328125 0.0765625
2 0.75390625 0.103125 0.12265625 0.0765625
6 0.18515625 0.49375 0.353125 0.0671875
2 0.72578125 0.49375 0.27421875 0.0671875
2 0.92890625 0.49375 0.125 0.0671875
2 0.78828125 0.17421875 0.06484375 0.0359375