2 0.4671875 0.184375 0.13828125 0.04609375
2 0.59921875 0.184375 0.1265625 0.04609375
6 0.87734375 0.1890625 0.1890625 0.03828125
2 0.15625 0.18984375 0.03671875 0.0578125
2 0.2421875 0.18984375 0.1171875 0.0578125
2 0.35 0.18984375 0.07578125 0.0578125
2 0.846875 0.32734375 0.225 0.04453125
2 0.84609375 0.3765625 0.2265625 0.04609375
2 0.2171875 0.478125 0.15390625 0.42734375
2 0.43359375 0.5046875 0.2328125 0.0546875
2 0.1765625 0.7453125 0.0859375 0.06171875
2 0.2609375 0.7453125 0.08046875 0.06171875
2 0.33828125 0.7453125 0.06875 0.06171875
2 0.4046875 0.74609375 0.0625 0.06171875
2 0.2703125 0.0875 0.271875 0.14765625