2 0.78828125 0.1734375 0.06328125 0.0375
2 0.9734375 0.17890625 0.034375 0.04296875
2 0.6671875 0.02890625 0.0390625 0.05703125
2 0.5703125 0.03203125 0.04296875 0.0640625
2 0.61796875 0.03203125 0.0515625 0.0640625
2 0.7640625 0.03203125 0.121875 0.0640625
2 0.86640625 0.03203125 0.084375 0.0640625
2 0.95390625 0.03203125 0.0921875 0.0640625
2 0.13203125 0.03125 0.2640625 0.059375
6 0.47578125 0.49375 0.2203125 0.06640625
6 0.18515625 0.49375 0.35234375 0.06796875
6 0.72578125 0.49375 0.27265625 0.06796875
2 0.92890625 0.49375 0.125 0.06796875
6 0.08125 0.56640625 0.153125 0.02578125
2 0.09765625 0.8609375 0.18515625 0.23515625
2 0.7015625 0.86171875 0.18671875 0.23359375
2 0.903125 0.86171875 0.18515625 0.23515625
2 0.3 0.8625 0.1859375 0.2359375
2 0.5 0.8625 0.184375 0.2328125
2 0.95703125 0.0921875 0.015625 0.025
2 0.990625 0.93046875 0.01875 0.04375
2 0.0546875 0.10234375 0.0890625 0.08203125
2 0.165625 0.103125 0.0875 0.07578125
2 0.3046875 0.103125 0.12890625 0.07578125
2 0.459375 0.103125 0.1203125 0.07578125
2 0.60625 0.103125 0.1125 0.07578125