2 0.30703125 0.01796875 0.09609375 0.021875
2 0.2296875 0.01875 0.04765625 0.02109375
2 0.19296875 0.01953125 0.0078125 0.01328125
2 0.69609375 0.18359375 0.04140625 0.0359375
2 0.275 0.18359375 0.03515625 0.03828125
2 0.309375 0.18359375 0.03359375 0.03828125
2 0.3484375 0.18359375 0.0453125 0.03828125
2 0.44453125 0.18359375 0.046875 0.03828125
2 0.4953125 0.18359375 0.05546875 0.03828125
2 0.546875 0.18359375 0.04765625 0.03828125
2 0.590625 0.18359375 0.04140625 0.03828125
2 0.64375 0.18359375 0.06328125 0.03828125
2 0.73984375 0.18359375 0.0453125 0.03828125
2 0.78046875 0.18359375 0.03671875 0.03828125
2 0.39609375 0.184375 0.04921875 0.03671875
2 0.028125 0.0203125 0.04609375 0.03203125
6 0.80625 0.3765625 0.1203125 0.02265625
2 0.8359375 0.4078125 0.06015625 0.0359375
2 0.75234375 0.56953125 0.03203125 0.0578125
2 0.81640625 0.58828125 0.0796875 0.01796875
6 0.79609375 0.68671875 0.1125 0.02109375
2 0.78203125 0.71015625 0.025 0.015625
2 0.75703125 0.071875 0.00859375 0.01484375
2 0.765625 0.07265625 0.00859375 0.01484375
6 0.796875 0.8046875 0.140625 0.025
6 0.796875 0.84453125 0.140625 0.025
2 0.79140625 0.87578125 0.03984375 0.02578125
2 0.7484375 0.8765625 0.03984375 0.02734375
2 0.2859375 0.9328125 0.0109375 0.01328125
2 0.296875 0.93359375 0.01171875 0.01328125
2 0.35234375 0.09765625 0.190625 0.13359375
2 0.30859375 0.97265625 0.0375 0.0546875
2 0.47265625 0.97265625 0.040625 0.0546875
2 0.5296875 0.97265625 0.03984375 0.0546875
2 0.4203125 0.9734375 0.04140625 0.05234375
2 0.36484375 0.97421875 0.04921875 0.0515625