2 0.9359375 0.0359375 0.04296875 0.0484375
2 0.0625 0.1453125 0.06015625 0.0484375
2 0.296875 0.14296875 0.08671875 0.0453125
2 0.38203125 0.14296875 0.08671875 0.0453125
2 0.4734375 0.14296875 0.09609375 0.0453125
2 0.56015625 0.14296875 0.0796875 0.0453125
2 0.63359375 0.14296875 0.06953125 0.0453125
2 0.70703125 0.14296875 0.0765625 0.0453125
2 0.84375 0.14296875 0.10078125 0.053125
2 0.93515625 0.14296875 0.06484375 0.053125
2 0.18046875 0.7046875 0.134375 0.06484375
2 0.33984375 0.7046875 0.13671875 0.06484375