2 0.95078125 0.0578125 0.06953125 0.021875
2 0.02890625 0.05859375 0.02890625 0.06015625
2 0.08203125 0.0578125 0.0796875 0.06015625
2 0.17421875 0.0578125 0.1078125 0.06015625
2 0.27734375 0.0578125 0.103125 0.06015625
2 0.37734375 0.0578125 0.10078125 0.06015625
2 0.478125 0.0578125 0.103125 0.06015625
6 0.94609375 0.28984375 0.0796875 0.071875
2 0.97734375 0.28984375 0.0171875 0.071875
2 0.06015625 0.29453125 0.09140625 0.05546875
2 0.1453125 0.29453125 0.0796875 0.05546875
2 0.24296875 0.29453125 0.11796875 0.05546875
2 0.334375 0.29453125 0.0671875 0.05546875
2 0.41328125 0.29453125 0.09609375 0.05546875
2 0.5046875 0.29453125 0.08671875 0.05546875
2 0.59765625 0.29453125 0.10078125 0.05546875
2 0.25703125 0.4671875 0.4859375 0.26953125
2 0.62109375 0.4 0.2453125 0.134375
2 0.8640625 0.4 0.24296875 0.134375
2 0.62109375 0.53359375 0.2453125 0.13671875
2 0.8640625 0.53359375 0.24296875 0.13671875
2 0.99140625 0.4671875 0.0140625 0.26953125
2 0.4375 0.7484375 0.27421875 0.08671875
2 0.4375 0.8390625 0.27421875 0.08671875
2 0.4375 0.928125 0.27421875 0.08671875
2 0.4375 0.98671875 0.27421875 0.02421875
2 0.85546875 0.80546875 0.28828125 0.209375
2 0.74140625 0.92578125 0.01171875 0.0171875
2 0.765625 0.92578125 0.01171875 0.0171875
2 0.78984375 0.92578125 0.01171875 0.0171875
2 0.81484375 0.92578125 0.01171875 0.0171875
2 0.8390625 0.92578125 0.0140625 0.0171875
2 0.8640625 0.92578125 0.01171875 0.0171875
2 0.88828125 0.92578125 0.01171875 0.0171875
2 0.91328125 0.92578125 0.01171875 0.0171875
2 0.9375 0.92578125 0.01171875 0.0171875
2 0.96171875 0.92578125 0.01171875 0.0171875