2 0.3765625 0.4671875 0.23828125 0.38671875
6 0.628125 0.48515625 0.19765625 0.0203125
2 0.73203125 0.48515625 0.0109375 0.0203125
2 0.3546875 0.06171875 0.19609375 0.06640625
6 0.66875 0.0640625 0.12578125 0.0203125
2 0.7375 0.0640625 0.0109375 0.0203125
2 0.26484375 0.9484375 0.015625 0.0296875
2 0.28203125 0.9484375 0.015625 0.0296875
2 0.29921875 0.9484375 0.015625 0.0296875
2 0.315625 0.9484375 0.015625 0.0296875
2 0.3328125 0.9484375 0.015625 0.0296875
2 0.35 0.9484375 0.015625 0.0296875
2 0.3671875 0.9484375 0.015625 0.0296875
2 0.384375 0.9484375 0.015625 0.0296875
2 0.4015625 0.9484375 0.015625 0.0296875
2 0.52265625 0.1125 0.053125 0.03828125
2 0.46953125 0.11328125 0.03828125 0.03828125
2 0.3703125 0.11328125 0.0484375 0.03828125
2 0.421875 0.11328125 0.04375 0.03828125
2 0.6515625 0.1140625 0.03984375 0.021875
2 0.70703125 0.1140625 0.05546875 0.021875
2 0.31328125 0.11484375 0.0546875 0.03828125
2 0.38046875 0.0125 0.0734375 0.025
2 0.475 0.01328125 0.034375 0.0265625
2 0.61484375 0.01328125 0.0796875 0.0265625
2 0.43828125 0.0140625 0.0421875 0.028125
2 0.55546875 0.0140625 0.0390625 0.028125
2 0.5140625 0.0140625 0.04375 0.028125