2 0.52578125 0.24296875 0.01875 0.01796875
2 0.60859375 0.24375 0.01875 0.01796875
6 0.578125 0.24453125 0.03125 0.01796875
2 0.38203125 0.2484375 0.01875 0.01796875
2 0.46484375 0.25 0.01875 0.01796875
6 0.434375 0.25 0.03125 0.01796875
2 0.66953125 0.2546875 0.01875 0.01796875
2 0.7515625 0.25625 0.01875 0.01796875
6 0.721875 0.25703125 0.03125 0.01796875
2 0.42265625 0.3421875 0.0625 0.025
2 0.709375 0.34296875 0.0625 0.0265625
2 0.565625 0.3546875 0.0625 0.04921875
2 0.3828125 0.53125 0.01875 0.01796875
2 0.52578125 0.53125 0.01875 0.01796875
2 0.66953125 0.53125 0.01875 0.01796875
6 0.434375 0.5328125 0.03125 0.01796875
2 0.46484375 0.5328125 0.01875 0.01796875
6 0.578125 0.5328125 0.03125 0.01796875
2 0.60859375 0.5328125 0.01875 0.01796875
6 0.721875 0.5328125 0.03125 0.01796875
2 0.75078125 0.5328125 0.01875 0.01796875
2 0.565625 0.05546875 0.0625 0.0296875
2 0.42265625 0.62421875 0.0625 0.03671875
2 0.565625 0.63203125 0.0625 0.05234375
2 0.709375 0.64296875 0.0625 0.071875
2 0.3828125 0.80703125 0.01875 0.01796875
2 0.52578125 0.80703125 0.01875 0.01796875
2 0.66953125 0.80703125 0.01875 0.01796875
6 0.434375 0.809375 0.03125 0.01796875
2 0.46484375 0.809375 0.01875 0.01796875
6 0.578125 0.809375 0.03125 0.01796875
2 0.60859375 0.809375 0.01875 0.01796875
6 0.721875 0.809375 0.03125 0.01796875
2 0.7515625 0.809375 0.01875 0.01796875
2 0.42265625 0.08515625 0.0625 0.1
2 0.709375 0.08515625 0.0578125 0.1125
2 0.709375 0.91171875 0.0625 0.0578125
2 0.565625 0.91484375 0.0625 0.06328125
2 0.42265625 0.92734375 0.0625 0.071875