2 0.575 0.20859375 0.01484375 0.0265625
2 0.575 0.025 0.01484375 0.0265625
2 0.575 0.36953125 0.01484375 0.0265625
2 0.39375 0.46171875 0.07421875 0.040625
2 0.659375 0.53828125 0.0625 0.040625
2 0.43984375 0.6328125 0.071875 0.05625
2 0.59375 0.6328125 0.071875 0.05625
2 0.5171875 0.6375 0.0671875 0.06484375
2 0.3609375 0.6390625 0.071875 0.06875
2 0.28203125 0.64453125 0.0703125 0.07890625
2 0.6734375 0.64453125 0.0703125 0.07890625
2 0.3328125 0.08828125 0.1640625 0.16328125
6 0.671875 0.9296875 0.12109375 0.028125