2 0.584375 0.14609375 0.059375 0.05546875
2 0.93515625 0.14609375 0.03203125 0.0578125
6 0.7671875 0.146875 0.30390625 0.05625
2 0.18046875 0.16484375 0.06328125 0.04375
2 0.3046875 0.16484375 0.184375 0.04375
2 0.78359375 0.0625 0.05859375 0.03359375
2 0.83359375 0.0625 0.04140625 0.03359375
2 0.8859375 0.0625 0.0625 0.03359375
2 0.575 0.0625 0.05703125 0.03359375
2 0.64375 0.0625 0.07734375 0.03359375
2 0.71875 0.0625 0.07109375 0.03359375
2 0.2296875 0.06796875 0.171875 0.071875
2 0.54921875 0.69296875 0.12890625 0.05234375
6 0.59765625 0.9453125 0.43359375 0.0515625