2 0.5 0.15703125 0.41875 0.2125
6 0.80625 0.271875 0.0703125 0.0296875
2 0.1703125 0.27265625 0.0140625 0.02734375
2 0.21953125 0.27265625 0.01484375 0.02890625
2 0.18671875 0.27265625 0.01484375 0.0265625
2 0.203125 0.27265625 0.01640625 0.0296875
2 0.35546875 0.5078125 0.38671875 0.33125
2 0.69765625 0.509375 0.2828125 0.3265625
2 0.5296875 0.68203125 0.009375 0.01484375
2 0.50625 0.68203125 0.0109375 0.015625
2 0.51796875 0.68203125 0.00859375 0.01484375
2 0.48203125 0.6828125 0.00859375 0.0171875
2 0.4703125 0.6828125 0.01015625 0.015625
2 0.49453125 0.6828125 0.01015625 0.01484375