2 0.9828125 0.01953125 0.0265625 0.0359375
2 0.06015625 0.1421875 0.071875 0.07421875
2 0.321875 0.13828125 0.115625 0.05078125
2 0.91953125 0.1421875 0.14453125 0.06015625
2 0.18125 0.7515625 0.1421875 0.06953125
2 0.8578125 0.5109375 0.07421875 0.0359375
2 0.85078125 0.5609375 0.06015625 0.0578125
2 0.91796875 0.5609375 0.0484375 0.0578125
2 0.97734375 0.5609375 0.03828125 0.0578125
2 0.8390625 0.6296875 0.0453125 0.084375
2 0.9046875 0.6296875 0.08203125 0.084375
2 0.96875 0.6296875 0.06015625 0.08671875