2 0.5390625 0.15703125 0.328125 0.16484375
2 0.5765625 0.0171875 0.24375 0.03359375
2 0.36484375 0.0203125 0.12421875 0.03984375
2 0.62890625 0.28828125 0.1328125 0.07890625
2 0.42109375 0.340625 0.06640625 0.08984375
2 0.62890625 0.40859375 0.06640625 0.1421875
2 0.62890625 0.55 0.06796875 0.12265625
2 0.5015625 0.0609375 0.01640625 0.0125
2 0.534375 0.0609375 0.03671875 0.0125
2 0.57890625 0.0609375 0.04140625 0.0125
2 0.634375 0.0609375 0.0578125 0.0125
2 0.684375 0.0609375 0.03125 0.0125
6 0.5703125 0.69921875 0.00703125 0.0125
6 0.5703125 0.71640625 0.00703125 0.0125
6 0.5703125 0.734375 0.00703125 0.0125
6 0.5703125 0.7515625 0.00703125 0.0125
6 0.5703125 0.7703125 0.00703125 0.0125
2 0.3359375 0.7765625 0.0609375 0.06640625
2 0.62890625 0.79375 0.0359375 0.01953125
2 0.3359375 0.83359375 0.04609375 0.0296875
2 0.4640625 0.92265625 0.12890625 0.03125