2 0.5 0.34140625 0.37890625 0.084375
2 0.653125 0.35234375 0.05625 0.02265625
2 0.58671875 0.04375 0.05078125 0.03203125
2 0.74140625 0.04453125 0.10078125 0.03125
2 0.521875 0.04453125 0.06171875 0.03203125
2 0.6515625 0.04453125 0.065625 0.03046875
2 0.46796875 0.0453125 0.03828125 0.03125
2 0.5 0.534375 0.59375 0.28515625
2 0.5 0.7453125 0.59375 0.1203125
2 0.2453125 0.08828125 0.08359375 0.11953125
2 0.61875 0.89453125 0.1125 0.178125
2 0.38125 0.89453125 0.11171875 0.17578125
2 0.5 0.89453125 0.1140625 0.17734375
2 0.26171875 0.89453125 0.11640625 0.178125
2 0.7390625 0.89453125 0.1171875 0.178125
2 0.771875 0.0984375 0.0359375 0.025
6 0.58046875 0.0984375 0.33125 0.0296875