2 0.77421875 0.2015625 0.06796875 0.028125
2 0.2875 0.021875 0.19453125 0.04296875
2 0.49921875 0.02265625 0.1953125 0.0453125
2 0.71015625 0.02265625 0.1953125 0.0453125
2 0.29453125 0.334375 0.19765625 0.11953125
2 0.5 0.334375 0.19765625 0.11953125
2 0.7109375 0.334375 0.19765625 0.11953125
2 0.71015625 0.39375 0.05390625 0.09453125
2 0.49921875 0.39453125 0.05234375 0.09453125
2 0.8171875 0.39453125 0.01171875 0.0265625
2 0.1828125 0.39453125 0.01171875 0.0265625
2 0.28828125 0.3953125 0.05234375 0.09453125
6 0.63515625 0.85859375 0.1296875 0.03359375
2 0.728125 0.85859375 0.05703125 0.03359375
2 0.6484375 0.96171875 0.10390625 0.07578125
2 0.71171875 0.10703125 0.19765625 0.090625
2 0.28671875 0.11484375 0.19375 0.10546875
2 0.5 0.11484375 0.1953125 0.10546875