2 0.45625 0.146875 0.15078125 0.05234375
2 0.790625 0.03046875 0.02890625 0.06015625
2 0.16875 0.03046875 0.07890625 0.06015625
2 0.2421875 0.03046875 0.06796875 0.06015625
2 0.3203125 0.03046875 0.0890625 0.06015625
2 0.61640625 0.03046875 0.0390625 0.06015625
2 0.67265625 0.03046875 0.07421875 0.06015625
2 0.74375 0.03046875 0.06640625 0.06015625
6 0.33125 0.32421875 0.08359375 0.0515625
6 0.5 0.32421875 0.2515625 0.0515625
2 0.6703125 0.325 0.0796875 0.053125
2 0.83828125 0.0390625 0.05625 0.028125
2 0.69609375 0.43515625 0.0421875 0.078125
2 0.303125 0.4359375 0.04609375 0.075
2 0.56484375 0.4359375 0.0453125 0.08046875
2 0.43515625 0.4375 0.0453125 0.075
2 0.45390625 0.83828125 0.0921875 0.06015625
2 0.26875 0.8390625 0.0921875 0.0546875
2 0.3609375 0.8390625 0.0921875 0.0859375
2 0.54609375 0.8390625 0.0921875 0.11953125
2 0.6390625 0.8390625 0.0921875 0.0734375
2 0.73125 0.8390625 0.0921875 0.05625
2 0.57265625 0.9265625 0.10703125 0.04296875
2 0.4390625 0.92734375 0.13515625 0.04609375