2 0.97109375 0.16875 0.03359375 0.02265625
6 0.928125 0.1703125 0.040625 0.0234375
2 0.97890625 0.20625 0.00859375 0.0171875
2 0.9703125 0.20703125 0.01015625 0.01640625
2 0.23046875 0.21953125 0.00859375 0.0171875
2 0.21953125 0.2203125 0.00859375 0.01640625
2 0.03125 0.3359375 0.03828125 0.06875
2 0.16328125 0.4078125 0.13671875 0.03515625
2 0.94609375 0.68046875 0.05859375 0.03359375
2 0.03125 0.68671875 0.03828125 0.06875
2 0.071875 0.07578125 0.125 0.0578125
2 0.03125 0.9171875 0.03828125 0.06875