2 0.15 0.1859375 0.10078125 0.0625
2 0.25 0.1859375 0.1015625 0.0625
2 0.35 0.1859375 0.10078125 0.0625
2 0.45 0.1859375 0.10078125 0.0625
2 0.05 0.1859375 0.1 0.0625
2 0.55 0.1859375 0.1015625 0.0625
2 0.65 0.1859375 0.10078125 0.0625
2 0.75 0.1859375 0.1015625 0.0625
2 0.85 0.1859375 0.10078125 0.0625
2 0.94921875 0.1859375 0.1015625 0.0625
2 0.3 0.46796875 0.2015625 0.2671875
2 0.9 0.46796875 0.2 0.2671875
2 0.1 0.6015625 0.2 0.53359375
2 0.6 0.6015625 0.4015625 0.53359375
2 0.3 0.734375 0.2015625 0.26796875
2 0.9 0.734375 0.2 0.26796875
2 0.2453125 0.94609375 0.490625 0.1078125
2 0.7546875 0.94609375 0.490625 0.1078125
2 0.07421875 0.103125 0.08984375 0.08203125
2 0.9203125 0.103125 0.05625 0.07421875
6 0.525 0.10390625 0.7171875 0.05703125
2 0.83359375 0.10546875 0.09609375 0.053125