2 0.07421875 0.103125 0.09140625 0.08203125
6 0.49140625 0.1046875 0.6109375 0.0578125
2 0.91953125 0.103125 0.0578125 0.07421875
2 0.05078125 0.1859375 0.10078125 0.0625
2 0.15 0.1859375 0.10078125 0.0625
2 0.25 0.1859375 0.10078125 0.0625
2 0.35 0.1859375 0.10078125 0.0625
2 0.44921875 0.1859375 0.10078125 0.0625
2 0.54921875 0.1859375 0.10078125 0.0625
2 0.65 0.1859375 0.10078125 0.0625
2 0.75 0.1859375 0.10078125 0.0625
2 0.85 0.1859375 0.10078125 0.0625
2 0.94921875 0.1859375 0.10078125 0.06484375
2 0.10078125 0.60234375 0.2015625 0.5359375
2 0.29921875 0.4671875 0.2015625 0.2671875
2 0.29921875 0.734375 0.2015625 0.26953125
2 0.6 0.60078125 0.4015625 0.53359375
2 0.89921875 0.46875 0.19921875 0.26953125
2 0.89921875 0.7359375 0.19921875 0.26953125
2 0.24609375 0.94296875 0.4921875 0.1078125
2 0.7546875 0.94453125 0.490625 0.10546875