2 0.10859375 0.03203125 0.15 0.06015625
2 0.37890625 0.03515625 0.03984375 0.0390625
6 0.27890625 0.03515625 0.16171875 0.04140625
2 0.5484375 0.0375 0.08046875 0.040625
2 0.4578125 0.03828125 0.0953125 0.04140625
2 0.646875 0.03828125 0.10078125 0.04296875
2 0.67109375 0.6453125 0.1796875 0.33984375
2 0.67109375 0.6453125 0.1796875 0.33984375
2 0.67109375 0.6453125 0.1796875 0.33984375
2 0.21796875 0.64609375 0.1796875 0.33828125
2 0.21796875 0.64609375 0.1796875 0.33828125
2 0.21796875 0.64609375 0.1796875 0.33828125
2 0.040625 0.64609375 0.08125 0.33828125
2 0.040625 0.64609375 0.08125 0.33828125
2 0.040625 0.64609375 0.08125 0.33828125
2 0.89765625 0.64609375 0.1796875 0.33828125
2 0.89765625 0.64609375 0.1796875 0.33828125
2 0.89765625 0.64609375 0.1796875 0.33828125
2 0.44453125 0.659375 0.1796875 0.3109375
2 0.44453125 0.659375 0.1796875 0.3109375
2 0.44453125 0.659375 0.1796875 0.3109375
2 0.21796875 0.853125 0.1796875 0.0234375
2 0.040625 0.853125 0.08125 0.0234375
2 0.44453125 0.853125 0.1796875 0.0234375
2 0.67109375 0.853125 0.1796875 0.0234375
2 0.89765625 0.853125 0.1796875 0.0234375
2 0.86328125 0.94375 0.18125 0.0546875