2 0.08046875 0.02890625 0.1421875 0.03828125
2 0.2078125 0.02890625 0.07421875 0.0578125
2 0.34765625 0.02890625 0.1609375 0.0578125
2 0.48046875 0.02890625 0.06015625 0.0578125
2 0.55078125 0.02890625 0.03359375 0.0578125
2 0.63828125 0.02890625 0.09375 0.0578125
2 0.7453125 0.02890625 0.071875 0.0578125
2 0.82578125 0.02890625 0.0453125 0.0578125
2 0.94921875 0.0328125 0.08203125 0.0625
6 0.36796875 0.1140625 0.3921875 0.053125
6 0.67578125 0.1140625 0.2046875 0.053125
6 0.8078125 0.1140625 0.03828125 0.053125
2 0.09609375 0.515625 0.10078125 0.03359375
2 0.1875 0.9328125 0.28359375 0.13203125
2 0.5 0.9328125 0.2859375 0.13203125
2 0.8125 0.9328125 0.2859375 0.13203125