2 0.7140625 0.22421875 0.00859375 0.06640625
2 0.721875 0.22421875 0.00859375 0.06640625
2 0.73046875 0.22421875 0.00859375 0.06640625
2 0.7390625 0.22421875 0.00859375 0.06640625
2 0.746875 0.22421875 0.00859375 0.06640625
2 0.6375 0.2296875 0.03203125 0.04921875
2 0.7140625 0.28359375 0.00859375 0.015625
2 0.721875 0.28359375 0.00859375 0.015625
2 0.73046875 0.28359375 0.00859375 0.015625
2 0.7390625 0.28359375 0.00859375 0.015625
2 0.7140625 0.3171875 0.00859375 0.015625
2 0.721875 0.3171875 0.00859375 0.015625
2 0.7390625 0.3171875 0.00859375 0.015625
2 0.7140625 0.35078125 0.00859375 0.015625
2 0.721875 0.35078125 0.00859375 0.015625
2 0.7390625 0.35078125 0.00859375 0.015625
2 0.25390625 0.0359375 0.0125 0.02265625
6 0.340625 0.0390625 0.0921875 0.01796875
2 0.7140625 0.384375 0.00859375 0.015625
2 0.721875 0.384375 0.00859375 0.015625
2 0.73046875 0.384375 0.00859375 0.015625
2 0.7390625 0.384375 0.00859375 0.015625
2 0.7390625 0.41875 0.00859375 0.015625
2 0.37265625 0.4453125 0.25 0.23515625
2 0.7140625 0.45234375 0.00859375 0.015625
2 0.721875 0.45234375 0.00859375 0.015625
2 0.7390625 0.45234375 0.00859375 0.015625
2 0.73046875 0.4859375 0.00859375 0.015625
2 0.7390625 0.4859375 0.00859375 0.015625
2 0.7140625 0.51953125 0.00859375 0.015625
2 0.73046875 0.51953125 0.00859375 0.015625
2 0.7390625 0.51953125 0.00859375 0.015625
2 0.73046875 0.553125 0.00859375 0.015625
2 0.7390625 0.553125 0.00859375 0.015625
2 0.721875 0.58671875 0.00859375 0.015625
2 0.73046875 0.58671875 0.00859375 0.015625
2 0.7390625 0.58671875 0.00859375 0.015625
2 0.73046875 0.6203125 0.00859375 0.015625
2 0.7390625 0.6203125 0.00859375 0.015625
2 0.7140625 0.65390625 0.00859375 0.015625
2 0.721875 0.65390625 0.00859375 0.015625
2 0.7390625 0.65390625 0.00859375 0.015625
2 0.721875 0.6875 0.00859375 0.015625
2 0.7390625 0.6875 0.00859375 0.015625
2 0.7140625 0.721875 0.00859375 0.015625
2 0.721875 0.721875 0.00859375 0.015625
2 0.73046875 0.721875 0.00859375 0.015625
2 0.7390625 0.721875 0.00859375 0.015625
2 0.7140625 0.75546875 0.00859375 0.015625
2 0.721875 0.75546875 0.00859375 0.015625
2 0.7390625 0.75546875 0.00859375 0.015625
2 0.73046875 0.7890625 0.00859375 0.015625
2 0.7390625 0.7890625 0.00859375 0.015625
2 0.721875 0.82265625 0.00859375 0.015625
2 0.73046875 0.82265625 0.00859375 0.015625
2 0.7390625 0.82265625 0.00859375 0.015625
2 0.7140625 0.85625 0.00859375 0.015625
2 0.73046875 0.85625 0.00859375 0.015625
2 0.7390625 0.85625 0.00859375 0.015625
2 0.7140625 0.890625 0.00859375 0.015625
2 0.721875 0.890625 0.00859375 0.015625
2 0.7390625 0.890625 0.00859375 0.015625
2 0.7140625 0.92421875 0.00859375 0.015625
2 0.721875 0.92421875 0.00859375 0.015625
2 0.7390625 0.92421875 0.00859375 0.015625