2 0.31796875 0.26953125 0.04296875 0.04921875
2 0.359375 0.27109375 0.03984375 0.04921875
2 0.3984375 0.27109375 0.0390625 0.04921875
2 0.44296875 0.27109375 0.0484375 0.04921875
2 0.490625 0.27109375 0.0453125 0.04921875
2 0.5328125 0.27109375 0.0390625 0.04921875
2 0.57734375 0.27109375 0.05078125 0.04921875
2 0.625 0.27109375 0.04609375 0.04921875
2 0.67578125 0.27109375 0.05546875 0.04921875
6 0.665625 0.36796875 0.1078125 0.0421875
2 0.7328125 0.36796875 0.028125 0.0421875
2 0.41015625 0.5140625 0.34375 0.38671875
2 0.6796875 0.58984375 0.1359375 0.24453125
2 0.41015625 0.953125 0.065625 0.03515625
2 0.678125 0.9734375 0.13671875 0.053125
2 0.5 0.11328125 0.32265625 0.16015625