2 0.09296875 0.02734375 0.0828125 0.0546875
2 0.17734375 0.02734375 0.0765625 0.0546875
2 0.4421875 0.02890625 0.428125 0.03359375
2 0.7609375 0.02734375 0.196875 0.0546875
2 0.90546875 0.02734375 0.0828125 0.0546875
6 0.490625 0.203125 0.365625 0.053125
2 0.7546875 0.20703125 0.115625 0.0359375
2 0.5 0.29921875 0.89453125 0.0578125
2 0.92421875 0.60703125 0.0484375 0.03125
2 0.11640625 0.75625 0.12265625 0.03125
2 0.23203125 0.75625 0.10078125 0.03125
2 0.115625 0.93046875 0.12265625 0.01953125