2 0.8015625 0.20859375 0.00859375 0.01953125
2 0.7125 0.28046875 0.0546875 0.028125
2 0.77578125 0.28046875 0.06796875 0.028125
2 0.27421875 0.03359375 0.16796875 0.05625
2 0.790625 0.359375 0.0375 0.025
6 0.72265625 0.36171875 0.0859375 0.03046875
2 0.4140625 0.365625 0.00546875 0.0125
2 0.4234375 0.36640625 0.00703125 0.01328125
2 0.590625 0.36796875 0.00859375 0.0125
2 0.35 0.47578125 0.15546875 0.23125
2 0.51484375 0.478125 0.15703125 0.23671875
2 0.4125 0.5484375 0.01875 0.0359375
2 0.515625 0.57421875 0.05234375 0.025
2 0.690625 0.6875 0.0125 0.02265625
2 0.540625 0.7140625 0.01875 0.03359375
2 0.690625 0.784375 0.01328125 0.02421875
2 0.540625 0.8015625 0.01875 0.03359375
2 0.7859375 0.0859375 0.04765625 0.03515625
2 0.209375 0.0859375 0.03671875 0.03515625
2 0.25 0.0859375 0.04453125 0.03515625
2 0.303125 0.0859375 0.06328125 0.03515625
2 0.36328125 0.0859375 0.05546875 0.03515625
2 0.4078125 0.0859375 0.03125 0.03515625
2 0.7015625 0.0859375 0.03203125 0.03515625
2 0.7375 0.0859375 0.040625 0.03515625
2 0.540625 0.86953125 0.01875 0.03359375
2 0.690625 0.9015625 0.0125 0.02265625