2 0.7390625 0.1984375 0.1125 0.04296875
2 0.33125 0.3796875 0.11328125 0.040625
2 0.54921875 0.0390625 0.1671875 0.078125
2 0.76640625 0.53984375 0.15859375 0.07421875
6 0.76796875 0.6375 0.07265625 0.02109375
2 0.3953125 0.665625 0.09609375 0.02265625
2 0.5890625 0.66796875 0.09921875 0.02265625
6 0.78359375 0.68671875 0.10390625 0.02109375
6 0.7515625 0.7359375 0.040625 0.02421875
2 0.765625 0.784375 0.07421875 0.02265625
2 0.7453125 0.903125 0.121875 0.03515625
2 0.28125 0.9296875 0.0390625 0.0703125
2 0.8421875 0.109375 0.03671875 0.02265625
6 0.7765625 0.11015625 0.090625 0.01953125
2 0.2703125 0.1109375 0.07109375 0.04140625