2 0.175 0.14140625 0.0265625 0.04765625
2 0.175 0.2734375 0.0265625 0.04765625
2 0.175 0.40625 0.0265625 0.04765625
2 0.175 0.5390625 0.0265625 0.04765625
2 0.175 0.67265625 0.0265625 0.04765625
6 0.1875 0.06953125 0.05859375 0.02421875
6 0.1640625 0.07109375 0.00859375 0.015625
6 0.24140625 0.07109375 0.00859375 0.015625
6 0.31015625 0.07109375 0.00859375 0.015625
6 0.3671875 0.07109375 0.00859375 0.015625
6 0.4390625 0.07109375 0.00859375 0.015625
6 0.5171875 0.07109375 0.00859375 0.015625
6 0.26171875 0.071875 0.04921875 0.02421875
6 0.32421875 0.071875 0.03671875 0.02421875
6 0.3890625 0.071875 0.05234375 0.02421875
6 0.4640625 0.071875 0.059375 0.02421875
6 0.53984375 0.071875 0.05390625 0.02421875
2 0.45390625 0.80234375 0.01875 0.0421875
2 0.471875 0.803125 0.01796875 0.0390625
2 0.490625 0.803125 0.01796875 0.0390625
2 0.50859375 0.803125 0.01796875 0.0390625
2 0.5546875 0.803125 0.03046875 0.0390625
2 0.58515625 0.803125 0.03046875 0.0390625
2 0.61640625 0.803125 0.03046875 0.0390625
2 0.64375 0.803125 0.02265625 0.0390625
2 0.528125 0.803125 0.021875 0.03984375