2 0.6546875 0.18984375 0.0765625 0.0421875
2 0.7734375 0.18984375 0.13515625 0.0421875
2 0.821875 0.02265625 0.040625 0.02734375
2 0.5640625 0.02265625 0.071875 0.02734375
2 0.6453125 0.02265625 0.0765625 0.02734375
2 0.71796875 0.02265625 0.0546875 0.02734375
2 0.7734375 0.02265625 0.0421875 0.02734375
2 0.48125 0.025 0.06015625 0.04453125
2 0.42734375 0.02578125 0.0484375 0.04375
2 0.27265625 0.02578125 0.0359375 0.04453125
2 0.37578125 0.0265625 0.0546875 0.0453125
2 0.3203125 0.0265625 0.0578125 0.0453125
2 0.28359375 0.89140625 0.009375 0.02109375
2 0.26328125 0.89140625 0.009375 0.0203125
2 0.3234375 0.8921875 0.009375 0.0203125
2 0.303125 0.8921875 0.009375 0.01953125
2 0.32578125 0.10078125 0.1421875 0.06953125
2 0.83046875 0.11640625 0.0125 0.02421875
6 0.7609375 0.11640625 0.15859375 0.0375