2 0.08515625 0.0359375 0.12734375 0.01953125
2 0.2390625 0.0359375 0.13203125 0.01953125
2 0.38828125 0.0359375 0.11796875 0.01953125
2 0.50703125 0.0359375 0.0796875 0.01953125
2 0.6578125 0.0359375 0.17578125 0.01953125
2 0.83515625 0.0359375 0.13203125 0.01953125
2 0.96171875 0.0359375 0.07421875 0.01953125
2 0.18984375 0.15625 0.09375 0.04296875
2 0.3421875 0.15625 0.16796875 0.04296875
2 0.50234375 0.15625 0.10546875 0.04296875
2 0.61796875 0.15625 0.08203125 0.04296875
2 0.5 0.44453125 1 0.75234375
2 0.12734375 0.8890625 0.21171875 0.21640625
2 0.3765625 0.8890625 0.21171875 0.21640625
2 0.625 0.8890625 0.21171875 0.21640625
2 0.8734375 0.8890625 0.21171875 0.21640625