2 0.4703125 0.22265625 0.0984375 0.11796875
2 0.584375 0.22265625 0.0984375 0.11796875
2 0.728125 0.275 0.15625 0.234375
2 0.79140625 0.346875 0.01953125 0.03671875
2 0.4703125 0.03671875 0.0984375 0.0734375
2 0.584375 0.03671875 0.0984375 0.0734375
2 0.4703125 0.43046875 0.0984375 0.11796875
2 0.5796875 0.7453125 0.0359375 0.02421875
6 0.25703125 0.74921875 0.08359375 0.0296875
6 0.4296875 0.75 0.2390625 0.03359375
2 0.728125 0.92578125 0.084375 0.1484375
2 0.4125 0.9515625 0.13828125 0.096875
2 0.565625 0.95234375 0.1375 0.09453125
2 0.2609375 0.953125 0.1359375 0.09375
2 0.29375 0.11171875 0.20078125 0.2234375