2 0.53828125 0.1859375 0.0078125 0.0140625
2 0.6265625 0.1921875 0.26328125 0.059375
6 0.87421875 0.1984375 0.19921875 0.0234375
2 0.2484375 0.20859375 0.47890625 0.084375
2 0.065625 0.22734375 0.00859375 0.015625
6 0.87421875 0.24765625 0.2 0.025
2 0.5390625 0.2546875 0.00859375 0.015625
2 0.6265625 0.26015625 0.26328125 0.059375
6 0.80234375 0.2796875 0.05390625 0.01484375
2 0.24765625 0.30234375 0.47578125 0.084375
2 0.8765625 0.3078125 0.2015625 0.02890625
2 0.065625 0.3203125 0.00859375 0.015625
2 0.53828125 0.32265625 0.0078125 0.0140625
2 0.62734375 0.32890625 0.2640625 0.059375
2 0.53828125 0.390625 0.0078125 0.0140625
2 0.2484375 0.396875 0.478125 0.084375
2 0.62734375 0.39765625 0.26484375 0.059375
2 0.06484375 0.41328125 0.0078125 0.0140625
2 0.53828125 0.459375 0.0078125 0.0140625
2 0.628125 0.465625 0.265625 0.059375
2 0.06484375 0.4890625 0.0078125 0.0140625
2 0.24921875 0.48984375 0.4796875 0.084375
2 0.3515625 0.0515625 0.03359375 0.028125
2 0.09453125 0.053125 0.03125 0.028125
2 0.1375 0.053125 0.0546875 0.028125
2 0.18125 0.053125 0.03359375 0.028125
2 0.2171875 0.053125 0.03828125 0.028125
2 0.253125 0.053125 0.0328125 0.028125
2 0.2859375 0.053125 0.0328125 0.028125
2 0.31875 0.053125 0.03203125 0.028125
2 0.3828125 0.053125 0.02890625 0.028125
2 0.41875 0.053125 0.04140625 0.028125
2 0.5390625 0.52890625 0.00859375 0.015625
2 0.0390625 0.053125 0.078125 0.03125
2 0.628125 0.534375 0.265625 0.059375
2 0.24921875 0.58359375 0.48046875 0.084375
2 0.06484375 0.6015625 0.0078125 0.0140625
2 0.62734375 0.60234375 0.2640625 0.059375
2 0.5390625 0.60859375 0.00859375 0.015625
2 0.62734375 0.67109375 0.2640625 0.059375
2 0.5390625 0.6765625 0.00859375 0.015625
2 0.87734375 0.69453125 0.215625 0.16953125
2 0.53828125 0.7328125 0.0078125 0.0140625
2 0.62734375 0.73984375 0.2640625 0.059375
2 0.25 0.79453125 0.48046875 0.3390625
2 0.58125 0.084375 0.01328125 0.025
6 0.49921875 0.0859375 0.1890625 0.03125
2 0.87734375 0.88046875 0.215625 0.1703125