2 0.13828125 0.1578125 0.21640625 0.0359375
2 0.13828125 0.19375 0.21640625 0.0359375
2 0.13828125 0.23046875 0.21640625 0.0359375
2 0.13828125 0.2671875 0.21640625 0.0359375
2 0.13828125 0.303125 0.21640625 0.0359375
2 0.13828125 0.33984375 0.21640625 0.0359375
2 0.13828125 0.3765625 0.21640625 0.0359375
2 0.13828125 0.4125 0.21640625 0.0359375
2 0.13828125 0.44921875 0.21640625 0.0359375
2 0.13828125 0.4859375 0.21640625 0.0359375
2 0.13828125 0.521875 0.21640625 0.0359375
2 0.13828125 0.55859375 0.21640625 0.0359375
2 0.13828125 0.5953125 0.21640625 0.0359375
2 0.13828125 0.63125 0.21640625 0.0359375
2 0.13828125 0.66796875 0.21640625 0.0359375
2 0.13828125 0.7046875 0.21640625 0.0359375
2 0.13828125 0.740625 0.21640625 0.0359375
2 0.13828125 0.77734375 0.21640625 0.0359375
2 0.13828125 0.8140625 0.21640625 0.0359375
2 0.13828125 0.85 0.21640625 0.0359375
2 0.13828125 0.88671875 0.21640625 0.0359375
2 0.13828125 0.9234375 0.21640625 0.0359375
2 0.13828125 0.959375 0.21640625 0.0359375
2 0.1390625 0.98828125 0.21640625 0.021875
2 0.3640625 0.7453125 0.23828125 0.24296875
2 0.60703125 0.7453125 0.23828125 0.24296875
2 0.85 0.7453125 0.23828125 0.24296875
2 0.0875 0.0453125 0.11328125 0.06953125
6 0.484375 0.0453125 0.47578125 0.05078125
2 0.775 0.0453125 0.1078125 0.053125
2 0.91953125 0.05625 0.03125 0.021875