6 0.75546875 0.24765625 0.19609375 0.03125
2 0.7984375 0.35 0.0203125 0.03671875
2 0.81875 0.35 0.0203125 0.03671875
2 0.69375 0.35 0.0203125 0.03671875
2 0.71484375 0.35 0.0203125 0.03671875
2 0.7359375 0.35 0.0203125 0.03671875
2 0.75703125 0.35 0.02109375 0.03671875
2 0.77734375 0.35 0.0203125 0.03671875
2 0.6796875 0.4796875 0.04453125 0.08046875
2 0.35859375 0.0578125 0.2265625 0.06484375
2 0.79609375 0.06015625 0.0203125 0.03671875
2 0.8203125 0.06015625 0.02109375 0.03671875
2 0.84453125 0.06015625 0.0203125 0.03671875
2 0.6796875 0.66328125 0.04453125 0.08046875
2 0.753125 0.90234375 0.190625 0.1953125
2 0.2671875 0.1375 0.04375 0.04609375
2 0.31875 0.1375 0.06015625 0.04609375
2 0.403125 0.1375 0.109375 0.04609375
2 0.49375 0.1375 0.071875 0.04609375
2 0.571875 0.1375 0.08359375 0.04609375