2 0.25390625 0.02734375 0.10078125 0.0265625
2 0.66640625 0.028125 0.078125 0.03828125
2 0.72578125 0.028125 0.03984375 0.03828125
2 0.77109375 0.028125 0.05078125 0.03828125
2 0.740625 0.4859375 0.103125 0.034375
2 0.740625 0.5234375 0.10390625 0.03203125
2 0.740625 0.5609375 0.10390625 0.03203125
2 0.50234375 0.578125 0.3390625 0.05078125
2 0.740625 0.5984375 0.10390625 0.03203125
2 0.503125 0.796875 0.34296875 0.34765625
2 0.26171875 0.8265625 0.0625 0.06875
2 0.7828125 0.09375 0.028125 0.03828125
6 0.71875 0.09375 0.10078125 0.03828125
2 0.31640625 0.9609375 0.00703125 0.01328125
2 0.29609375 0.98046875 0.009375 0.015625
2 0.315625 0.98125 0.00625 0.03046875