2 0.35546875 0.01640625 0.0234375 0.03203125
2 0.64453125 0.01640625 0.0234375 0.03203125
6 0.465625 0.35703125 0.1171875 0.025
2 0.56171875 0.35703125 0.06171875 0.02421875
2 0.321875 0.05 0.17265625 0.1
2 0.5 0.05 0.17265625 0.1
2 0.6765625 0.05 0.17265625 0.1
2 0.321875 0.55859375 0.171875 0.20078125
2 0.5 0.55859375 0.171875 0.20078125
2 0.67734375 0.55859375 0.171875 0.20078125
2 0.4765625 0.68515625 0.015625 0.025
2 0.4921875 0.68515625 0.015625 0.025
2 0.5078125 0.68515625 0.015625 0.025
2 0.5234375 0.68515625 0.015625 0.025
2 0.26875 0.90390625 0.065625 0.06640625
2 0.39375 0.91328125 0.009375 0.02265625
2 0.3765625 0.9140625 0.01015625 0.02265625