2 0.3734375 0.20703125 0.01640625 0.03125
2 0.575 0.20703125 0.01640625 0.03125
2 0.7765625 0.20703125 0.01640625 0.03125
2 0.2390625 0.278125 0.03125 0.05625
2 0.440625 0.278125 0.03125 0.05625
2 0.64296875 0.278125 0.03125 0.05625
2 0.41953125 0.33671875 0.00703125 0.0125
2 0.54453125 0.33671875 0.00703125 0.01171875
2 0.4640625 0.33671875 0.00625 0.01171875
2 0.51796875 0.33671875 0.00625 0.01171875
2 0.4109375 0.33671875 0.00703125 0.01328125
2 0.5890625 0.33671875 0.00703125 0.01171875
2 0.5359375 0.33671875 0.00625 0.0125
2 0.5625 0.33671875 0.00625 0.01015625
2 0.45546875 0.33671875 0.00703125 0.01171875
2 0.5265625 0.33671875 0.00625 0.01171875
2 0.5 0.33671875 0.00625 0.0109375
2 0.50859375 0.33671875 0.00703125 0.0109375
2 0.428125 0.3375 0.00703125 0.01171875
2 0.55390625 0.3375 0.00625 0.01015625
2 0.58046875 0.3375 0.00546875 0.01015625
2 0.571875 0.3375 0.00625 0.01015625
2 0.49140625 0.3375 0.00625 0.0109375
2 0.48203125 0.3375 0.00703125 0.0109375
2 0.43828125 0.3375 0.00703125 0.01171875
2 0.4734375 0.3375 0.00703125 0.01171875
2 0.446875 0.3375 0.00625 0.0125
6 0.3515625 0.59921875 0.290625 0.0421875
6 0.6484375 0.59921875 0.290625 0.0421875
6 0.3515625 0.6515625 0.290625 0.0421875
6 0.6484375 0.6515625 0.290625 0.0421875
6 0.209375 0.72734375 0.00703125 0.0125
6 0.34765625 0.72734375 0.00703125 0.0125
6 0.45078125 0.72734375 0.00703125 0.0125
6 0.6078125 0.72734375 0.00703125 0.0125
6 0.209375 0.75 0.00703125 0.0125
6 0.340625 0.75 0.00703125 0.0125
6 0.50546875 0.75 0.00703125 0.0125
6 0.54765625 0.75 0.00703125 0.0125
6 0.634375 0.75 0.00703125 0.0125
6 0.73125 0.75 0.00703125 0.0125
6 0.209375 0.771875 0.00703125 0.0125
6 0.378125 0.771875 0.00703125 0.0125
6 0.47890625 0.771875 0.00703125 0.0125
6 0.5 0.87421875 0.5875 0.08828125
2 0.50078125 0.9484375 0.58671875 0.03671875
2 0.49921875 0.01171875 0.1203125 0.0234375