2 0.79921875 0.1484375 0.05390625 0.05
2 0.471875 0.15 0.05703125 0.0484375
2 0.74609375 0.1515625 0.05625 0.05
2 0.86328125 0.1515625 0.06484375 0.05078125
2 0.41015625 0.153125 0.05390625 0.0484375
2 0.6765625 0.153125 0.07265625 0.0546875
2 0.271875 0.15390625 0.19765625 0.16484375
2 0.53203125 0.15390625 0.05703125 0.05078125
2 0.60234375 0.15390625 0.07578125 0.05078125
2 0.31796875 0.02421875 0.02109375 0.034375
2 0.33984375 0.02421875 0.01953125 0.0359375
2 0.3609375 0.02421875 0.0203125 0.0375
2 0.38359375 0.02421875 0.0203125 0.0375
2 0.2453125 0.025 0.0984375 0.0328125
2 0.40625 0.025 0.02109375 0.034375
6 0.6125 0.025 0.12890625 0.03125
2 0.65859375 0.025 0.01171875 0.0234375
2 0.48515625 0.025 0.09453125 0.0359375
2 0.73828125 0.025 0.10078125 0.03203125
2 0.84453125 0.0265625 0.08515625 0.0328125
2 0.7984375 0.50703125 0.22734375 0.2859375
2 0.796875 0.825 0.22734375 0.28984375
2 0.61640625 0.9125 0.08671875 0.175