2 0.596875 0.03984375 0.0390625 0.03828125
2 0.63984375 0.03984375 0.04296875 0.03828125
2 0.70078125 0.03984375 0.07421875 0.03828125
2 0.7671875 0.03984375 0.05390625 0.03828125
6 0.53828125 0.553125 0.25859375 0.03984375
2 0.64609375 0.553125 0.04375 0.03828125
2 0.29921875 0.0625 0.1875 0.10859375
2 0.6671875 0.7328125 0.01640625 0.05625
2 0.6875 0.7328125 0.01640625 0.05625
6 0.64453125 0.0953125 0.21796875 0.03984375
2 0.77265625 0.0953125 0.04375 0.03828125
2 0.2203125 0.165625 0.00859375 0.021875