2 0.70546875 0.54375 0.05078125 0.03828125
6 0.440625 0.54453125 0.47421875 0.04140625
2 0.6046875 0.05625 0.028125 0.0609375
2 0.69296875 0.05625 0.13828125 0.0609375
2 0.2703125 0.05703125 0.1328125 0.0671875
2 0.5 0.84921875 0.15703125 0.10546875
2 0.79296875 0.97421875 0.00859375 0.02578125
2 0.209375 0.15078125 0.02734375 0.02890625
2 0.2515625 0.15078125 0.05546875 0.02890625
2 0.3171875 0.15078125 0.0765625 0.02890625
2 0.571875 0.15078125 0.1140625 0.02890625
2 0.6484375 0.15078125 0.03828125 0.02890625
2 0.6859375 0.15078125 0.03828125 0.02890625
2 0.7375 0.15078125 0.06328125 0.02890625
2 0.39375 0.15234375 0.07578125 0.02890625
2 0.47421875 0.15234375 0.08359375 0.02890625