2 0.02421875 0.13671875 0.0484375 0.05234375
2 0.02421875 0.1890625 0.0484375 0.05234375
2 0.02421875 0.240625 0.0484375 0.05234375
2 0.02421875 0.02890625 0.0484375 0.05703125
2 0.02421875 0.29296875 0.0484375 0.05234375
2 0.02421875 0.3453125 0.0484375 0.05234375
2 0.02421875 0.40234375 0.03125 0.03671875
6 0.45 0.04453125 0.11953125 0.0453125
2 0.02421875 0.4515625 0.03125 0.03671875
2 0.08359375 0.046875 0.0359375 0.05390625
2 0.7625 0.50625 0.28828125 0.078125
2 0.63203125 0.6703125 0.09765625 0.11875
2 0.7625 0.6703125 0.0984375 0.11875
2 0.8921875 0.6703125 0.09765625 0.11875
2 0.2484375 0.7078125 0.01328125 0.0140625
6 0.4484375 0.7265625 0.12109375 0.046875
2 0.0828125 0.7265625 0.0390625 0.05234375
2 0.02421875 0.084375 0.0484375 0.05234375
2 0.028125 0.91875 0.03984375 0.03359375
2 0.02890625 0.9609375 0.03984375 0.0390625
2 0.7296875 0.97109375 0.146875 0.05703125