2 0.22734375 0.14453125 0.03671875 0.03515625
2 0.78203125 0.14765625 0.02265625 0.03515625
2 0.2953125 0.01796875 0.05078125 0.03203125
2 0.5 0.01796875 0.05078125 0.03203125
2 0.7046875 0.01796875 0.05078125 0.03203125
2 0.503125 0.2015625 0.01640625 0.0296875
2 0.503125 0.20390625 0.01640625 0.0296875
2 0.503125 0.20625 0.01640625 0.0296875
2 0.49375 0.2265625 0.01640625 0.0296875
2 0.521875 0.25625 0.01640625 0.0296875
2 0.4703125 0.265625 0.01640625 0.0296875
2 0.534375 0.27265625 0.01640625 0.0296875
2 0.5125 0.27421875 0.01640625 0.0296875
2 0.49375 0.278125 0.01640625 0.0296875
2 0.465625 0.28359375 0.01640625 0.0296875
2 0.465625 0.284375 0.01640625 0.0296875
2 0.5015625 0.29375 0.01640625 0.0296875
2 0.4828125 0.296875 0.01640625 0.0296875
2 0.4921875 0.3 0.01640625 0.0296875
2 0.5390625 0.30234375 0.01640625 0.0296875
2 0.5125 0.30625 0.01640625 0.0296875
2 0.4765625 0.3078125 0.01640625 0.0296875
2 0.5390625 0.31171875 0.01640625 0.0296875
2 0.540625 0.31484375 0.01640625 0.0296875
2 0.540625 0.31640625 0.01640625 0.0296875
2 0.503125 0.3171875 0.01640625 0.0296875
2 0.5296875 0.31953125 0.01640625 0.0296875
2 0.5375 0.31953125 0.01640625 0.0296875
2 0.5375 0.31953125 0.01640625 0.0296875
2 0.5328125 0.3203125 0.01640625 0.0296875
2 0.5375 0.3203125 0.01640625 0.0296875
2 0.5390625 0.3203125 0.01640625 0.0296875
2 0.5375 0.3203125 0.01640625 0.0296875
2 0.5390625 0.3203125 0.01640625 0.0296875
2 0.5375 0.321875 0.01640625 0.0296875
2 0.5375 0.321875 0.01640625 0.0296875
2 0.5390625 0.321875 0.01640625 0.0296875
2 0.5375 0.32265625 0.01640625 0.0296875
2 0.5390625 0.32265625 0.01640625 0.0296875
2 0.5375 0.3234375 0.01640625 0.0296875
2 0.5390625 0.3234375 0.01640625 0.0296875
2 0.471875 0.325 0.01640625 0.0296875
2 0.528125 0.325 0.01640625 0.0296875
2 0.5328125 0.325 0.01640625 0.0296875
2 0.5375 0.325 0.01640625 0.0296875
2 0.5390625 0.325 0.01640625 0.0296875
2 0.5390625 0.325 0.01640625 0.0296875
2 0.540625 0.325 0.01640625 0.0296875
2 0.540625 0.325 0.01640625 0.0296875
2 0.471875 0.32578125 0.01640625 0.0296875
2 0.509375 0.32578125 0.01640625 0.0296875
2 0.5359375 0.32578125 0.01640625 0.0296875
2 0.5390625 0.32578125 0.01640625 0.0296875
2 0.540625 0.32578125 0.01640625 0.0296875
2 0.475 0.3265625 0.01640625 0.0296875
2 0.528125 0.32890625 0.01640625 0.0296875
2 0.4828125 0.33125 0.01640625 0.0296875
2 0.5421875 0.334375 0.01640625 0.0296875
2 0.5421875 0.334375 0.01640625 0.0296875
2 0.5140625 0.3421875 0.01640625 0.0296875
2 0.54375 0.34609375 0.01640625 0.0296875
2 0.54375 0.34765625 0.01640625 0.0296875
2 0.4921875 0.35546875 0.01640625 0.0296875
2 0.521875 0.35625 0.01640625 0.0296875
2 0.4734375 0.35859375 0.01640625 0.0296875
2 0.540625 0.359375 0.01640625 0.0296875
2 0.5015625 0.36796875 0.01640625 0.0296875
2 0.4828125 0.36875 0.01640625 0.0296875
2 0.5375 0.36875 0.01640625 0.0296875
2 0.5140625 0.36953125 0.01640625 0.0296875
2 0.48125 0.3703125 0.01640625 0.0296875
2 0.5140625 0.3703125 0.01640625 0.0296875
2 0.48125 0.37109375 0.01640625 0.0296875
2 0.5 0.3796875 0.01640625 0.0296875
2 0.49375 0.3828125 0.01640625 0.0296875
2 0.4609375 0.38359375 0.01640625 0.0296875
2 0.5046875 0.390625 0.01640625 0.0296875
2 0.5328125 0.390625 0.01640625 0.0296875
2 0.5328125 0.3921875 0.01640625 0.0296875
2 0.45625 0.39609375 0.01640625 0.0296875
2 0.45625 0.39765625 0.01640625 0.0296875
2 0.5171875 0.39765625 0.01640625 0.0296875
2 0.51875 0.3984375 0.01640625 0.0296875
2 0.490625 0.40390625 0.01640625 0.0296875
2 0.48125 0.40625 0.01640625 0.0296875
2 0.50625 0.409375 0.01640625 0.0296875
2 0.4609375 0.4109375 0.01640625 0.0296875
2 0.5 0.41875 0.01640625 0.0296875
2 0.4875 0.42109375 0.01640625 0.0296875
2 0.4921875 0.42109375 0.01640625 0.0296875
2 0.4734375 0.421875 0.01640625 0.0296875
2 0.4859375 0.421875 0.01640625 0.0296875
2 0.4828125 0.4234375 0.01640625 0.0296875
2 0.4859375 0.4234375 0.01640625 0.0296875
2 0.484375 0.42421875 0.01640625 0.0296875
2 0.484375 0.42421875 0.01640625 0.0296875
2 0.4859375 0.42421875 0.01640625 0.0296875
2 0.4875 0.42890625 0.01640625 0.0296875
2 0.4625 0.4375 0.01640625 0.0296875
2 0.4671875 0.446875 0.01640625 0.0296875
2 0.78125 0.48203125 0.01953125 0.0390625
2 0.78125 0.52109375 0.01953125 0.03359375
2 0.2234375 0.54921875 0.034375 0.02421875
6 0.2296875 0.59375 0.05234375 0.03359375
6 0.2875 0.59375 0.06015625 0.03359375
6 0.35859375 0.59375 0.078125 0.03359375
2 0.41015625 0.59453125 0.0203125 0.0328125
2 0.3515625 0.81953125 0.27421875 0.33046875
2 0.5375 0.92109375 0.05078125 0.03203125