2 0.3140625 0.20625 0.18125 0.184375
2 0.5 0.20625 0.18125 0.184375
2 0.6859375 0.20625 0.18125 0.184375
2 0.5 0.0390625 0.0703125 0.03671875
2 0.37421875 0.5203125 0.01796875 0.03203125
2 0.5046875 0.5203125 0.01796875 0.03203125
2 0.25625 0.64921875 0.065625 0.03515625
2 0.61796875 0.71484375 0.01640625 0.02890625
2 0.61796875 0.76015625 0.01484375 0.0265625
2 0.61796875 0.8421875 0.01484375 0.0265625
2 0.64375 0.8421875 0.01484375 0.0265625
2 0.66875 0.8421875 0.01484375 0.0265625
2 0.6953125 0.8421875 0.01484375 0.0265625
6 0.2828125 0.9546875 0.11796875 0.03359375
2 0.37109375 0.9546875 0.059375 0.03359375