2 0.17421875 0.08203125 0.27421875 0.13203125
2 0.84375 0.03515625 0.12734375 0.0359375
2 0.94375 0.03515625 0.0671875 0.0359375
6 0.8125 0.08046875 0.2015625 0.03828125
6 0.94453125 0.08046875 0.0625 0.03828125
2 0.9515625 0.1296875 0.03828125 0.0171875
2 0.06015625 0.1890625 0.06953125 0.0578125
2 0.1515625 0.1890625 0.11328125 0.0578125
2 0.3109375 0.1890625 0.209375 0.0578125
2 0.48828125 0.1890625 0.146875 0.0578125
2 0.65625 0.1890625 0.18984375 0.0578125
2 0.796875 0.1890625 0.09375 0.0578125
2 0.89296875 0.1890625 0.0984375 0.0578125
2 0.65234375 0.6203125 0.10078125 0.03359375
2 0.6453125 0.66484375 0.1203125 0.0578125
2 0.35546875 0.7234375 0.01171875 0.0140625
2 0.37109375 0.7234375 0.01171875 0.0140625
2 0.38671875 0.7234375 0.01171875 0.0140625
2 0.40234375 0.7234375 0.01171875 0.0140625
2 0.41796875 0.7234375 0.01171875 0.0140625
2 0.43359375 0.7234375 0.01171875 0.0140625
2 0.44921875 0.7234375 0.01171875 0.0140625
2 0.76171875 0.28125 0.03125 0.04296875
2 0.7984375 0.28125 0.03125 0.04296875
2 0.834375 0.28125 0.03125 0.04296875
2 0.8703125 0.28125 0.03125 0.04296875
2 0.90625 0.28125 0.03125 0.04296875
2 0.9421875 0.28125 0.03125 0.04296875
2 0.74765625 0.94609375 0.15859375 0.021875
2 0.7296875 0.9703125 0.125 0.021875
2 0.725 0.990625 0.115625 0.0171875