2 0.3296875 0.1609375 0.0125 0.02265625
6 0.2953125 0.1625 0.053125 0.0140625
2 0.42578125 0.1640625 0.04453125 0.02421875
2 0.040625 0.2265625 0.0171875 0.0171875
2 0.02109375 0.36875 0.0296875 0.0828125
2 0.5640625 0.446875 0.0296875 0.0421875
2 0.1390625 0.046875 0.0203125 0.05625
2 0.371875 0.05234375 0.075 0.02265625
2 0.02109375 0.5375 0.0296875 0.0421875
2 0.5984375 0.56015625 0.0125 0.02265625
6 0.5640625 0.56015625 0.053125 0.0140625
2 0.50546875 0.05703125 0.075 0.0828125
2 0.034375 0.59296875 0.0140625 0.025
2 0.5625 0.65 0.0125 0.04375
2 0.453125 0.0921875 0.03125 0.0421875
2 0.1703125 0.0984375 0.03203125 0.028125
2 0.221875 0.0984375 0.0640625 0.03125
2 0.3 0.0984375 0.0859375 0.03125
2 0.3890625 0.0984375 0.084375 0.03125
2 0.0609375 0.1015625 0.075 0.19375