2 0.08046875 0.0171875 0.09609375 0.03359375
2 0.1671875 0.0171875 0.0796875 0.03359375
2 0.2390625 0.0171875 0.06953125 0.03359375
2 0.93359375 0.0171875 0.0671875 0.03359375
2 0.86328125 0.0171875 0.07421875 0.03359375
2 0.78359375 0.0171875 0.084375 0.03359375
2 0.709375 0.0171875 0.06953125 0.03359375
2 0.6390625 0.0171875 0.07421875 0.03359375
6 0.415625 0.27265625 0.34609375 0.0453125
6 0.60703125 0.275 0.03359375 0.04296875
6 0.6421875 0.275 0.03125 0.04296875
2 0.5359375 0.30859375 0.0890625 0.01953125
6 0.24765625 0.3109375 0.0140625 0.0171875