2 0.8453125 0.2046875 0.05546875 0.04609375
2 0.92421875 0.2046875 0.059375 0.04609375
2 0.2140625 0.2046875 0.13671875 0.04609375
2 0.3453125 0.2046875 0.08125 0.04609375
2 0.446875 0.2046875 0.0796875 0.04609375
2 0.54453125 0.2046875 0.075 0.04609375
2 0.63671875 0.2046875 0.06640625 0.04609375
2 0.74375 0.2046875 0.1046875 0.04609375
2 0.55078125 0.63515625 0.85 0.56640625
2 0.14375 0.63671875 0.02578125 0.04609375
2 0.95625 0.6375 0.025 0.04609375
2 0.20703125 0.08984375 0.16484375 0.13515625
2 0.18203125 0.9796875 0.0625 0.03984375
2 0.63046875 0.98125 0.0828125 0.0375
2 0.70234375 0.98125 0.03359375 0.0375
2 0.24375 0.98203125 0.03984375 0.03515625
2 0.76875 0.98203125 0.08046875 0.03515625
2 0.534375 0.98359375 0.084375 0.0328125
2 0.853125 0.98359375 0.07265625 0.03203125
2 0.9234375 0.984375 0.028125 0.03125
2 0.3296875 0.98515625 0.11640625 0.0296875
2 0.43671875 0.98515625 0.0765625 0.0296875
2 0.9625 0.1375 0.025 0.040625
6 0.89609375 0.13828125 0.159375 0.04140625