6 0.4859375 0.10078125 0.540625 0.0484375
6 0.8140625 0.103125 0.0796875 0.0484375
6 0.8859375 0.10234375 0.02890625 0.03828125
2 0.98046875 0.1140625 0.0359375 0.0890625
2 0.99765625 0.2328125 0.00234375 0.0359375
2 0.99765625 0.2328125 0.00234375 0.0359375
2 0.99765625 0.2328125 0.00234375 0.0359375
2 0.99765625 0.2328125 0.00234375 0.0359375
2 0.99765625 0.2328125 0.00234375 0.0359375
2 0.13828125 0.23671875 0.0796875 0.04296875
2 0.2234375 0.23671875 0.0796875 0.04296875
2 0.30859375 0.23671875 0.0796875 0.04296875
2 0.39296875 0.23671875 0.0796875 0.04296875
2 0.478125 0.23671875 0.0796875 0.04296875
2 0.5640625 0.23671875 0.0796875 0.04296875
2 0.64921875 0.23671875 0.0796875 0.04296875
2 0.7328125 0.23671875 0.0796875 0.04296875
2 0.81875 0.23671875 0.0796875 0.04296875
2 0.90390625 0.23671875 0.0796875 0.04296875
2 0.09375 0.54921875 0.115625 0.021875
2 0.09375 0.58515625 0.115625 0.021875
2 0.09375 0.62265625 0.115625 0.021875
2 0.09375 0.65859375 0.115625 0.021875
2 0.09375 0.69453125 0.115625 0.021875
2 0.09375 0.73203125 0.115625 0.021875
2 0.09375 0.76796875 0.115625 0.021875
2 0.09375 0.80546875 0.115625 0.021875
2 0.09375 0.84140625 0.115625 0.021875
2 0.09375 0.87734375 0.115625 0.021875
2 0.09375 0.91328125 0.115625 0.021875
2 0.09375 0.95078125 0.115625 0.021875
2 0.09375 0.98671875 0.115625 0.021875
2 0.44375 0.5375 0.47578125 0.3921875
2 0.8328125 0.46640625 0.259375 0.22109375
2 0.8328125 0.765625 0.259375 0.22109375
2 0.8328125 0.95078125 0.28359375 0.09609375
2 0.9953125 0.46640625 0.009375 0.22109375
2 0.9953125 0.7671875 0.009375 0.22109375
2 0.9953125 0.97265625 0.009375 0.053125
2 0.9125 0.84375 0.0984375 0.1296875