6 0.9515625 0.01484375 0.0828125 0.02109375
2 0.35078125 0.1640625 0.0828125 0.03828125
2 0.4359375 0.1640625 0.078125 0.03828125
2 0.52109375 0.1640625 0.08125 0.03828125
2 0.596875 0.1640625 0.05859375 0.03828125
2 0.6609375 0.1640625 0.06015625 0.03828125
2 0.26640625 0.203125 0.07890625 0.03515625
2 0.36484375 0.203125 0.10703125 0.03515625
2 0.4671875 0.203125 0.0875 0.03515625
2 0.5640625 0.203125 0.09453125 0.03515625
2 0.6578125 0.203125 0.08359375 0.03515625
2 0.7390625 0.203125 0.06796875 0.03515625
2 0.240625 0.2640625 0.1046875 0.0296875
2 0.240625 0.29375 0.1046875 0.0296875
2 0.240625 0.33515625 0.1046875 0.05234375
2 0.240625 0.3765625 0.1046875 0.0296875
2 0.240625 0.40703125 0.1046875 0.0296875
2 0.240625 0.4375 0.1046875 0.0296875
2 0.240625 0.4671875 0.1046875 0.0296875
2 0.240625 0.496875 0.1046875 0.0296875
2 0.240625 0.5265625 0.1046875 0.0296875
2 0.24140625 0.55625 0.10234375 0.0265625
2 0.24140625 0.584375 0.10234375 0.0265625
2 0.24140625 0.61328125 0.10234375 0.0265625
2 0.7546875 0.6234375 0.11171875 0.05546875
2 0.24140625 0.64140625 0.10234375 0.0265625
2 0.24140625 0.6703125 0.10234375 0.0265625
2 0.24140625 0.6984375 0.10234375 0.0265625
2 0.24140625 0.72734375 0.10234375 0.0265625
2 0.24140625 0.75546875 0.10234375 0.0265625
2 0.24140625 0.784375 0.10234375 0.0265625
2 0.24140625 0.82265625 0.10234375 0.04921875
2 0.5 0.08671875 0.21015625 0.07734375
2 0.240625 0.87734375 0.1046875 0.05234375