2 0.3015625 0.01484375 0.165625 0.0296875
2 0.6890625 0.1703125 0.18359375 0.0390625
2 0.3015625 0.18203125 0.1671875 0.05078125
2 0.7640625 0.02265625 0.034375 0.03359375
2 0.6890625 0.22578125 0.18359375 0.0390625
6 0.57265625 0.02421875 0.346875 0.03359375
2 0.3015625 0.23984375 0.1671875 0.05234375
2 0.6890625 0.28046875 0.18359375 0.0390625
2 0.30234375 0.3 0.16328125 0.05
2 0.30234375 0.359375 0.1671875 0.0515625
2 0.728125 0.53984375 0.103125 0.22890625
2 0.271875 0.540625 0.103125 0.22890625
2 0.3859375 0.540625 0.103125 0.22890625
2 0.5 0.540625 0.103125 0.22890625
2 0.6140625 0.540625 0.103125 0.22890625
2 0.3015625 0.06328125 0.165625 0.05234375
2 0.5 0.828125 0.15 0.07734375
6 0.67734375 0.1078125 0.1609375 0.03359375
2 0.76953125 0.1078125 0.0234375 0.03359375
2 0.3015625 0.12265625 0.165625 0.05