2 0.0875 0.065625 0.175 0.103125
6 0.48203125 0.0640625 0.20703125 0.03828125
6 0.60078125 0.0625 0.02421875 0.03359375
2 0.0375 0.3296875 0.06484375 0.0265625
2 0.10546875 0.3296875 0.0578125 0.0265625
2 0.16328125 0.3296875 0.05078125 0.0265625
2 0.22734375 0.3296875 0.0671875 0.0265625
2 0.30078125 0.3296875 0.06953125 0.0265625
2 0.38125 0.3296875 0.08203125 0.0265625
2 0.46171875 0.3296875 0.06953125 0.0265625
2 0.53359375 0.3296875 0.06015625 0.0265625
2 0.1046875 0.36328125 0.2015625 0.0265625
2 0.24609375 0.36328125 0.071875 0.0265625
2 0.32109375 0.36328125 0.0671875 0.0265625
2 0.38125 0.36328125 0.04296875 0.0265625
2 0.43984375 0.36328125 0.0625 0.0265625
2 0.50625 0.36328125 0.06015625 0.0265625
2 0.56484375 0.36328125 0.05078125 0.0265625
2 0.02890625 0.396875 0.0484375 0.0265625
2 0.0828125 0.396875 0.05078125 0.0265625
2 0.1359375 0.396875 0.0453125 0.0265625
2 0.1875 0.396875 0.0453125 0.0265625
2 0.2359375 0.396875 0.04296875 0.0265625
2 0.31015625 0.396875 0.09609375 0.0265625
2 0.3859375 0.396875 0.0453125 0.0265625
2 0.44921875 0.396875 0.071875 0.0265625
2 0.5265625 0.396875 0.07421875 0.0265625
2 0.03828125 0.43125 0.0671875 0.0265625
2 0.10078125 0.43125 0.0484375 0.0265625
2 0.16328125 0.43125 0.0671875 0.0265625
2 0.2234375 0.43125 0.040625 0.0265625
2 0.2703125 0.43125 0.0453125 0.0265625
2 0.3328125 0.43125 0.06953125 0.0265625
2 0.39921875 0.43125 0.053125 0.0265625
2 0.4546875 0.43125 0.0484375 0.0265625
2 0.51953125 0.43125 0.071875 0.0265625
2 0.03359375 0.46484375 0.0578125 0.0265625
2 0.10234375 0.46484375 0.06953125 0.0265625
2 0.046875 0.553125 0.08671875 0.0265625
2 0.1140625 0.553125 0.03828125 0.0265625
2 0.16484375 0.553125 0.05078125 0.0265625
2 0.225 0.553125 0.06015625 0.0265625
2 0.2828125 0.553125 0.0484375 0.0265625
2 0.35234375 0.553125 0.08203125 0.0265625
2 0.4328125 0.553125 0.06953125 0.0265625
2 0.51328125 0.553125 0.08203125 0.0265625
2 0.03984375 0.5875 0.06953125 0.0265625
2 0.1109375 0.5875 0.06015625 0.0265625
2 0.1765625 0.5875 0.06015625 0.0265625
2 0.2453125 0.5875 0.06484375 0.0265625
2 0.31015625 0.5875 0.05546875 0.0265625
2 0.36328125 0.5875 0.03828125 0.0265625
2 0.4109375 0.5875 0.0453125 0.0265625
2 0.46171875 0.5875 0.0484375 0.0265625
2 0.5265625 0.5875 0.071875 0.0265625
2 0.0265625 0.62109375 0.04296875 0.0265625
2 0.0828125 0.62109375 0.06015625 0.0265625
2 0.1453125 0.62109375 0.05546875 0.0265625
2 0.21171875 0.62109375 0.06484375 0.0265625
2 0.26796875 0.62109375 0.03828125 0.0265625
2 0.3171875 0.62109375 0.05078125 0.0265625
2 0.3703125 0.62109375 0.04296875 0.0265625
2 0.41953125 0.62109375 0.0453125 0.0265625
2 0.48046875 0.62109375 0.0671875 0.0265625
2 0.5515625 0.62109375 0.06015625 0.0265625
2 0.02734375 0.6546875 0.0453125 0.0265625
2 0.0765625 0.6546875 0.040625 0.0265625
2 0.12109375 0.6546875 0.03828125 0.0265625
2 0.16796875 0.6546875 0.0453125 0.0265625
2 0.2296875 0.6546875 0.0671875 0.0265625
2 0.290625 0.6546875 0.0453125 0.0265625
2 0.3546875 0.6546875 0.06953125 0.0265625
2 0.44375 0.6546875 0.0984375 0.0265625
2 0.68359375 0.5421875 0.14453125 0.04296875
2 0.68359375 0.584375 0.14453125 0.04296875
2 0.68359375 0.6265625 0.14453125 0.04296875
2 0.68359375 0.6671875 0.14453125 0.04296875
2 0.68359375 0.709375 0.14453125 0.04296875
2 0.68359375 0.7515625 0.14453125 0.04296875
2 0.68359375 0.7921875 0.14453125 0.04296875
2 0.828125 0.5421875 0.14453125 0.04296875
2 0.828125 0.584375 0.14453125 0.04296875
2 0.828125 0.6265625 0.14453125 0.04296875
2 0.828125 0.6671875 0.14453125 0.04296875
2 0.828125 0.709375 0.14453125 0.04296875
2 0.828125 0.7515625 0.14453125 0.04296875
2 0.828125 0.7921875 0.14453125 0.04296875