2 0.8640625 0.08984375 0.103125 0.0265625
2 0.959375 0.08984375 0.0625 0.0265625
2 0.078125 0.14296875 0.15625 0.10546875
2 0.484375 0.1421875 0.09609375 0.10078125
2 0.55859375 0.1421875 0.05546875 0.10078125
2 0.771875 0.1421875 0.05078125 0.10078125
2 0.82578125 0.1421875 0.06015625 0.10078125
2 0.9265625 0.14296875 0.13203125 0.0453125
2 0.83515625 0.0328125 0.09609375 0.03125
2 0.10078125 0.69453125 0.1703125 0.07421875
2 0.625 0.978125 0.1703125 0.04296875
2 0.82578125 0.978125 0.1703125 0.04296875