2 0.41484375 0.17109375 0.040625 0.0390625
6 0.69765625 0.228125 0.00859375 0.015625
6 0.69765625 0.25703125 0.00859375 0.015625
2 0.41484375 0.284375 0.040625 0.0390625
2 0.7109375 0.2984375 0.03515625 0.0390625
2 0.76640625 0.2984375 0.07109375 0.0390625
2 0.9 0.43046875 0.0109375 0.0171875
2 0.90703125 0.459375 0.00703125 0.01953125
2 0.89140625 0.46875 0.01640625 0.02734375
2 0.69921875 0.4765625 0.01875 0.03515625
2 0.9078125 0.48125 0.0078125 0.03359375
2 0.41484375 0.5078125 0.040625 0.0390625
2 0.28125 0.05703125 0.1875 0.1140625
2 0.41484375 0.0578125 0.040625 0.0390625
2 0.28125 0.5828125 0.1875 0.18984375
2 0.41484375 0.62109375 0.040625 0.0390625
2 0.41484375 0.73515625 0.040625 0.0390625
2 0.80234375 0.7359375 0.18359375 0.2609375
2 0.41484375 0.8484375 0.040625 0.0390625
2 0.7390625 0.8921875 0.0171875 0.03203125
2 0.71640625 0.89296875 0.015625 0.03359375
2 0.89296875 0.9390625 0.01640625 0.0234375
2 0.6984375 0.94453125 0.0171875 0.03359375
2 0.19609375 0.096875 0.0109375 0.015625
2 0.9078125 0.97109375 0.0078125 0.01484375