2 0.94609375 0.02890625 0.0671875 0.0359375
2 0.14296875 0.0921875 0.20703125 0.06484375
2 0.27421875 0.0921875 0.0578125 0.06484375
2 0.34140625 0.0921875 0.08203125 0.06484375
2 0.40859375 0.0921875 0.05546875 0.06484375
2 0.4578125 0.0921875 0.0484375 0.06484375
2 0.52890625 0.0921875 0.09609375 0.06484375
2 0.60234375 0.0921875 0.05546875 0.06484375
2 0.81953125 0.0921875 0.0359375 0.06484375
2 0.90859375 0.0921875 0.13203125 0.06484375
2 0.10078125 0.5375 0.12265625 0.08203125
2 0.2234375 0.5375 0.12265625 0.08203125
2 0.1453125 0.959375 0.209375 0.0796875
2 0.38203125 0.959375 0.209375 0.0796875
2 0.61875 0.959375 0.209375 0.0796875
2 0.85546875 0.959375 0.209375 0.0796875