2 0.803125 0.146875 0.07734375 0.05078125
2 0.9015625 0.146875 0.0875 0.05078125
2 0.103125 0.146875 0.159375 0.06015625
2 0.2265625 0.146875 0.05859375 0.0390625
2 0.33671875 0.146875 0.13203125 0.0390625
2 0.44453125 0.146875 0.0546875 0.0390625
2 0.534375 0.146875 0.096875 0.0390625
6 0.75 0.40234375 0.34375 0.06796875
2 0.93203125 0.05390625 0.0234375 0.0328125
6 0.75 0.53359375 0.34375 0.06796875
2 0.75 0.621875 0.34375 0.06875
2 0.1703125 0.696875 0.3125 0.21640625
2 0.61796875 0.8234375 0.0796875 0.06875
2 0.70625 0.8234375 0.0796875 0.06875
2 0.79375 0.8234375 0.0796875 0.06875
2 0.88203125 0.8234375 0.0796875 0.06875