2 0.92734375 0.29375 0.0171875 0.01953125
2 0.9046875 0.29375 0.01953125 0.021875
2 0.88203125 0.29375 0.01953125 0.0234375
2 0.8296875 0.29453125 0.078125 0.03125
2 0.70078125 0.2953125 0.0078125 0.01171875
2 0.75 0.29609375 0.0796875 0.03125
2 0.58125 0.29609375 0.01796875 0.0234375
2 0.603125 0.29609375 0.0171875 0.0234375
2 0.665625 0.296875 0.08828125 0.03046875
2 0.39140625 0.303125 0.025 0.03515625
6 0.51640625 0.3296875 0.19453125 0.0265625
2 0.3921875 0.3484375 0.02421875 0.03203125
2 0.4328125 0.375 0.03125 0.0421875
2 0.60078125 0.39296875 0.02890625 0.0140625
2 0.3921875 0.39375 0.025 0.03046875
2 0.43359375 0.43359375 0.02578125 0.034375
2 0.3921875 0.4390625 0.025 0.03203125
2 0.6 0.44921875 0.02890625 0.01484375
2 0.39140625 0.48515625 0.02578125 0.03359375
2 0.4328125 0.4890625 0.02578125 0.0359375
2 0.6 0.50703125 0.02734375 0.0140625
2 0.22265625 0.53671875 0.11875 0.08125
2 0.1015625 0.5375 0.12109375 0.08203125
2 0.30625 0.53828125 0.04375 0.08125
2 0.4328125 0.5453125 0.028125 0.03984375
2 0.659375 0.5484375 0.5671875 0.6140625
2 0.6 0.5640625 0.02890625 0.01328125
2 0.43359375 0.603125 0.03125 0.040625
2 0.6 0.6203125 0.028125 0.0125
2 0.4328125 0.66015625 0.0296875 0.0421875
2 0.6 0.67734375 0.02578125 0.01328125
2 0.83828125 0.6984375 0.01640625 0.02109375
2 0.86171875 0.6984375 0.01796875 0.021875
2 0.8828125 0.6984375 0.01796875 0.02421875
2 0.9046875 0.69921875 0.01328125 0.0234375
2 0.76875 0.69921875 0.109375 0.0171875
2 0.92734375 0.69921875 0.01171875 0.0203125
2 0.4328125 0.71640625 0.02734375 0.0375
2 0.6 0.734375 0.02734375 0.01328125
2 0.43359375 0.7734375 0.034375 0.04921875
2 0.6 0.7921875 0.028125 0.0140625
2 0.3921875 0.8109375 0.025 0.03515625
2 0.4328125 0.82109375 0.03125 0.025
2 0.14375 0.0921875 0.2046875 0.06484375
2 0.27421875 0.0921875 0.0578125 0.06484375
2 0.3421875 0.0921875 0.0796875 0.06484375
2 0.4078125 0.0921875 0.0546875 0.06484375
2 0.4578125 0.0921875 0.046875 0.06484375
2 0.528125 0.0921875 0.0953125 0.06484375
2 0.60234375 0.0921875 0.05390625 0.06484375
2 0.8203125 0.0921875 0.03515625 0.06484375
2 0.9078125 0.0921875 0.13125 0.06484375
2 0.1453125 0.96015625 0.2078125 0.0796875
2 0.38125 0.96015625 0.2078125 0.0796875
2 0.61875 0.96015625 0.2078125 0.0796875
2 0.8546875 0.96015625 0.2078125 0.0796875