2 0.09140625 0.2046875 0.15390625 0.04296875
2 0.3265625 0.203125 0.125 0.10546875
2 0.44609375 0.203125 0.11796875 0.10546875
2 0.56875 0.203125 0.1296875 0.10546875
2 0.7125 0.203125 0.1609375 0.10546875
2 0.859375 0.203125 0.0765625 0.03828125
2 0.95546875 0.203125 0.06015625 0.10546875
2 0.11796875 0.396875 0.20703125 0.28125
2 0.34375 0.396875 0.209375 0.28125
2 0.57109375 0.396875 0.209375 0.28125
2 0.796875 0.396875 0.20703125 0.28125
2 0.11796875 0.46171875 0.20703125 0.28359375
2 0.9640625 0.2875 0.02421875 0.03359375
2 0.68359375 0.28828125 0.15859375 0.13671875
2 0.8265625 0.2515625 0.0890625 0.03125
2 0.83046875 0.509375 0.09609375 0.03125
2 0.853125 0.7671875 0.14453125 0.03125