2 0.06953125 0.046875 0.1390625 0.03359375
2 0.1828125 0.0484375 0.04296875 0.01953125
2 0.28125 0.0484375 0.0796875 0.01953125
2 0.39921875 0.0484375 0.08203125 0.01953125
2 0.5171875 0.0484375 0.0796875 0.01953125
2 0.6078125 0.046875 0.10546875 0.03828125
2 0.8546875 0.0484375 0.0453125 0.01953125
2 0.94609375 0.0484375 0.10546875 0.0578125
6 0.42890625 0.3921875 0.30546875 0.0890625
2 0.65625 0.3921875 0.13203125 0.0890625
2 0.9390625 0.63125 0.0578125 0.05546875
2 0.9390625 0.7234375 0.0578125 0.05546875
2 0.9390625 0.81640625 0.0578125 0.05546875
2 0.9390625 0.90859375 0.0578125 0.05546875
2 0.7546875 0.99296875 0.48828125 0.01171875