6 0.42890625 0.3921875 0.30390625 0.08828125
2 0.65625 0.3921875 0.1328125 0.08828125
2 0.946875 0.046875 0.10625 0.0546875
2 0.6171875 0.04765625 0.090625 0.03984375
2 0.85078125 0.0484375 0.07265625 0.04765625
2 0.396875 0.05 0.1046875 0.0484375
2 0.5140625 0.05 0.10234375 0.05
2 0.0609375 0.05078125 0.12109375 0.05859375
2 0.18203125 0.05078125 0.0734375 0.046875
2 0.28125 0.05078125 0.09921875 0.04765625
2 0.5 0.63125 1 0.09453125
2 0.9390625 0.63125 0.0578125 0.0546875
2 0.5 0.72265625 1 0.0921875
2 0.9390625 0.72421875 0.0578125 0.0546875
2 0.5 0.81484375 1 0.08984375
2 0.9390625 0.81640625 0.0578125 0.0546875
2 0.5 0.9078125 1 0.09375
2 0.9390625 0.90859375 0.0578125 0.0546875