2 0.03515625 0.22265625 0.0703125 0.09609375
2 0.875 0.24296875 0.08984375 0.0484375
2 0.9375 0.24296875 0.03515625 0.0484375
2 0.9703125 0.24296875 0.02734375 0.0484375
2 0.03515625 0.31875 0.0703125 0.09609375
6 0.43828125 0.03515625 0.3953125 0.0390625
2 0.21328125 0.36015625 0.08046875 0.10625
2 0.74921875 0.36015625 0.07109375 0.0484375
2 0.84375 0.36015625 0.103125 0.0484375
2 0.109375 0.03671875 0.078125 0.03125
2 0.665625 0.03671875 0.0640625 0.04140625
2 0.76015625 0.03671875 0.02421875 0.03125
2 0.80703125 0.03671875 0.02421875 0.03125
2 0.85390625 0.03671875 0.02421875 0.03125
2 0.9328125 0.03671875 0.103125 0.05234375
2 0.03359375 0.0375 0.05 0.05
2 0.66171875 0.4125 0.075 0.05078125
2 0.03515625 0.415625 0.0703125 0.09609375
2 0.728125 0.44609375 0.0765625 0.05
2 0.97265625 0.446875 0.046875 0.0640625
2 0.84765625 0.4484375 0.0953125 0.04921875
2 0.22578125 0.45078125 0.10625 0.04765625
2 0.33359375 0.45078125 0.08515625 0.05078125
2 0.59375 0.45703125 0.096875 0.0234375
2 0.45546875 0.46015625 0.09375 0.02421875
2 0.03515625 0.51171875 0.0703125 0.09609375
2 0.65 0.52109375 0.190625 0.02109375
2 0.4546875 0.5375 0.03515625 0.0546875
2 0.49609375 0.5375 0.046875 0.0546875
2 0.86171875 0.578125 0.1828125 0.03125
2 0.8140625 0.61953125 0.0875 0.03125
2 0.32265625 0.6640625 0.41484375 0.31328125
2 0.32421875 0.665625 0.06640625 0.0625
2 0.86171875 0.68203125 0.1828125 0.03125
2 0.8140625 0.72421875 0.0875 0.03125
2 0.86171875 0.78671875 0.1828125 0.03125
2 0.1515625 0.796875 0.0453125 0.046875
2 0.19140625 0.796875 0.03515625 0.046875
2 0.43125 0.796875 0.03515625 0.046875
2 0.4671875 0.796875 0.03515625 0.046875
2 0.5015625 0.796875 0.03515625 0.046875
2 0.58984375 0.80546875 0.0703125 0.02734375
2 0.58984375 0.80546875 0.0703125 0.02734375
2 0.8140625 0.828125 0.0875 0.03125
2 0.86171875 0.890625 0.1828125 0.03125
2 0.26328125 0.896875 0.2921875 0.02578125
2 0.8140625 0.93203125 0.0875 0.03125
2 0.21953125 0.9703125 0.2046875 0.05859375
2 0.42890625 0.9703125 0.2046875 0.05859375
2 0.6375 0.9703125 0.2046875 0.05859375
2 0.03515625 0.1265625 0.0703125 0.09609375