2 0.03515625 0.0359375 0.02421875 0.03125
2 0.109375 0.0359375 0.0796875 0.03125
6 0.44140625 0.0359375 0.38203125 0.03359375
2 0.665625 0.0359375 0.06484375 0.04296875
2 0.7609375 0.0359375 0.02421875 0.03125
2 0.8078125 0.0359375 0.02421875 0.03125
2 0.8546875 0.0359375 0.02421875 0.03125
2 0.9328125 0.0359375 0.103125 0.05078125
2 0.03515625 0.1265625 0.06953125 0.09609375
2 0.03515625 0.22265625 0.06953125 0.09609375
2 0.03515625 0.31875 0.06953125 0.09609375
2 0.03515625 0.415625 0.06953125 0.09609375
2 0.03515625 0.51171875 0.06953125 0.09609375
2 0.75 0.3609375 0.071875 0.0484375
2 0.84375 0.3609375 0.103125 0.0484375
2 0.875 0.24296875 0.09140625 0.0484375
2 0.9375 0.24296875 0.0359375 0.0484375
2 0.97109375 0.24296875 0.02890625 0.0484375
2 0.97265625 0.446875 0.0484375 0.0625
2 0.45546875 0.5375 0.0359375 0.05546875
2 0.49609375 0.5375 0.0484375 0.05546875
2 0.32421875 0.665625 0.0671875 0.0625
2 0.1515625 0.796875 0.0453125 0.0484375
2 0.19140625 0.796875 0.03359375 0.0484375
2 0.43125 0.796875 0.0359375 0.0484375
2 0.46640625 0.796875 0.0359375 0.0484375
2 0.50234375 0.796875 0.03359375 0.0484375
2 0.65 0.5203125 0.18984375 0.021875
2 0.6859375 0.85546875 0.26171875 0.02890625
2 0.65234375 0.9390625 0.19453125 0.02890625
2 0.58984375 0.80546875 0.06953125 0.02890625
2 0.58984375 0.80546875 0.06953125 0.02890625
2 0.26328125 0.896875 0.29296875 0.0265625
2 0.2203125 0.9703125 0.20703125 0.0578125
2 0.42890625 0.9703125 0.2046875 0.0578125
2 0.63828125 0.9703125 0.2046875 0.0578125
2 0.84765625 0.9703125 0.2046875 0.0578125
2 0.97578125 0.9703125 0.0453125 0.0578125
2 0.86171875 0.578125 0.1828125 0.03125
2 0.81484375 0.6203125 0.0890625 0.03125
2 0.86171875 0.6828125 0.1828125 0.03125
2 0.81484375 0.7234375 0.0890625 0.03125
2 0.86171875 0.7859375 0.1828125 0.03125
2 0.81484375 0.828125 0.0890625 0.03125
2 0.86171875 0.890625 0.1828125 0.03125
2 0.81484375 0.9328125 0.0890625 0.03125
2 0.6609375 0.4125 0.0765625 0.05078125