2 0.41875 0.14375 0.38203125 0.28671875
2 0.2890625 0.38125 0.121875 0.16328125
2 0.41875 0.38125 0.121875 0.16328125
2 0.5484375 0.38125 0.121875 0.16328125
2 0.41875 0.63515625 0.07421875 0.0390625
6 0.265625 0.7046875 0.06484375 0.02421875
6 0.3359375 0.7046875 0.06484375 0.02421875
6 0.4125 0.7046875 0.0765625 0.02421875
6 0.52265625 0.7046875 0.13359375 0.02421875
2 0.596875 0.7046875 0.0140625 0.02421875
2 0.9125 0.70625 0.01015625 0.02109375
2 0.25625 0.75703125 0.059375 0.059375
2 0.3203125 0.75703125 0.06875 0.059375
2 0.3875 0.75703125 0.065625 0.059375
2 0.94453125 0.83125 0.0953125 0.30390625
2 0.465625 0.85546875 0.08828125 0.11796875
2 0.56015625 0.85546875 0.0890625 0.115625
2 0.371875 0.85703125 0.0890625 0.115625
2 0.2765625 0.89765625 0.090625 0.20390625
2 0.690625 0.9140625 0.0109375 0.01875