2 0.9109375 0.0328125 0.04140625 0.0484375
2 0.9703125 0.0328125 0.0390625 0.04609375
2 0.85234375 0.0328125 0.0359375 0.046875
2 0.53515625 0.3671875 0.06953125 0.11953125
2 0.12578125 0.37265625 0.06953125 0.13515625
2 0.534375 0.49609375 0.07109375 0.12421875
2 0.12734375 0.60078125 0.07109375 0.1375
2 0.534375 0.6265625 0.07265625 0.121875
2 0.1265625 0.7390625 0.07265625 0.12421875
2 0.53359375 0.753125 0.0734375 0.12265625
2 0.12578125 0.88203125 0.0734375 0.12578125
2 0.02421875 0.103125 0.028125 0.07734375
2 0.06328125 0.10390625 0.028125 0.06875
2 0.0921875 0.1046875 0.02421875 0.06953125
2 0.1203125 0.10625 0.0265625 0.0671875
6 0.421875 0.10625 0.57109375 0.07109375
2 0.72890625 0.10625 0.04375 0.06953125
6 0.87578125 0.10703125 0.23515625 0.06875