2 0.8421875 0.28515625 0.1265625 0.075
2 0.69765625 0.03984375 0.11484375 0.07109375
2 0.8515625 0.03984375 0.04375 0.05546875
2 0.91171875 0.040625 0.04609375 0.06171875
2 0.9703125 0.04140625 0.04609375 0.0578125
2 0.28203125 0.63828125 0.4078125 0.55546875
2 0.70390625 0.63828125 0.40625 0.55546875
2 0.9125 0.13828125 0.0328125 0.07109375
2 0.971875 0.13984375 0.0421875 0.0546875
2 0.14375 0.140625 0.0828125 0.06796875
2 0.60390625 0.14140625 0.03125 0.0546875
6 0.45703125 0.1421875 0.35546875 0.07890625
2 0.046875 0.1421875 0.075 0.0671875
2 0.834375 0.1421875 0.09609375 0.06796875
2 0.7234375 0.14296875 0.09140625 0.0671875