2 0.2140625 0.16328125 0.0328125 0.0421875
2 0.24921875 0.1640625 0.03359375 0.0390625
2 0.2984375 0.1640625 0.06015625 0.0390625
2 0.353125 0.1640625 0.0453125 0.0390625
2 0.4078125 0.1640625 0.06015625 0.0390625
2 0.48359375 0.1640625 0.0875 0.0390625
2 0.5484375 0.1640625 0.03984375 0.0390625
6 0.75859375 0.025 0.08828125 0.0296875
2 0.79375 0.025 0.01328125 0.021875
2 0.49921875 0.3296875 0.60546875 0.28828125
2 0.48984375 0.49296875 0.01015625 0.01796875
2 0.50078125 0.49296875 0.01015625 0.01796875
2 0.52109375 0.49296875 0.01015625 0.01796875
2 0.4796875 0.49296875 0.01015625 0.01796875
2 0.51015625 0.49296875 0.01015625 0.01796875
2 0.2203125 0.0515625 0.06484375 0.08203125
2 0.7828125 0.55546875 0.0234375 0.04375
2 0.725 0.63515625 0.1390625 0.03359375
2 0.2921875 0.67421875 0.18828125 0.165625
2 0.496875 0.67421875 0.18828125 0.165625
2 0.49453125 0.878125 0.18828125 0.1671875
2 0.2921875 0.87890625 0.18828125 0.16796875