2 0.2859375 0.034375 0.1234375 0.06875
2 0.4171875 0.034375 0.1234375 0.06875
2 0.5484375 0.034375 0.1234375 0.06875
2 0.271875 0.39453125 0.09609375 0.028125
2 0.5625 0.39453125 0.09609375 0.028125
6 0.41796875 0.62421875 0.36796875 0.128125
6 0.4171875 0.740625 0.36796875 0.03125
6 0.4171875 0.80859375 0.36796875 0.03125
6 0.4171875 0.87734375 0.36796875 0.03125
2 0.2375 0.090625 0.0265625 0.01796875
2 0.36875 0.090625 0.0265625 0.01796875
2 0.4140625 0.090625 0.0515625 0.01796875
2 0.5125 0.090625 0.0515625 0.01796875
2 0.2625 0.92421875 0.059375 0.028125