2 0.9796875 0.03359375 0.03515625 0.053125
2 0.9375 0.03515625 0.03828125 0.05625
2 0.8921875 0.03671875 0.028125 0.05
6 0.1703125 0.48125 0.24609375 0.09453125
2 0.06953125 0.48125 0.0203125 0.05703125
2 0.321875 0.52109375 0.009375 0.6109375
2 0.2546875 0.05859375 0.03359375 0.08828125
2 0.928125 0.60859375 0.0390625 0.05703125
2 0.17109375 0.6109375 0.2421875 0.0875
2 0.12109375 0.0625 0.23046875 0.09140625
2 0.22109375 0.0625 0.015625 0.04140625
2 0.171875 0.7 0.24453125 0.07421875
2 0.928125 0.721875 0.0375 0.05859375
2 0.16953125 0.7875 0.23984375 0.090625
2 0.16953125 0.878125 0.240625 0.08203125
2 0.16796875 0.96484375 0.23828125 0.0703125
2 0.84609375 0.1578125 0.028125 0.065625
2 0.88671875 0.1578125 0.02734375 0.071875
2 0.02578125 0.15859375 0.02421875 0.06640625
2 0.11015625 0.15859375 0.02578125 0.07421875
2 0.93125 0.15859375 0.02109375 0.065625
2 0.06875 0.159375 0.02421875 0.06875
2 0.9765625 0.159375 0.02890625 0.05
2 0.178125 0.1625 0.059375 0.05390625
6 0.478125 0.16328125 0.68125 0.08828125
2 0.79921875 0.16328125 0.021875 0.05703125