2 0.10078125 0.08984375 0.0984375 0.115625
6 0.85 0.0984375 0.196875 0.0453125
6 0.93125 0.10078125 0.03359375 0.03828125
2 0.0890625 0.21640625 0.09609375 0.08203125
2 0.20078125 0.21640625 0.12265625 0.08203125
2 0.3125 0.21640625 0.0984375 0.08203125
2 0.4375 0.21640625 0.14453125 0.08203125
2 0.6 0.21640625 0.17578125 0.08203125
2 0.73046875 0.21640625 0.0796875 0.06015625
2 0.5 0.4796875 0.896875 0.43515625
2 0.1828125 0.84140625 0.196875 0.0671875
2 0.3859375 0.84140625 0.196875 0.0671875
2 0.1828125 0.93515625 0.196875 0.0671875
2 0.3859375 0.93515625 0.196875 0.0671875
2 0.1828125 0.99765625 0.196875 0.00234375
2 0.38671875 0.99765625 0.196875 0.00234375