2 0.6453125 0.20859375 0.0390625 0.0703125
2 0.4078125 0.271875 0.403125 0.41171875
6 0.79296875 0.028125 0.10625 0.03203125
2 0.8359375 0.028125 0.00859375 0.015625
2 0.26640625 0.028125 0.12109375 0.02421875
2 0.6453125 0.28828125 0.0390625 0.0703125
2 0.6453125 0.36796875 0.0390625 0.0703125
2 0.6453125 0.446875 0.0390625 0.0703125
2 0.30625 0.4578125 0.00625 0.01796875
2 0.32109375 0.4578125 0.00625 0.01796875
2 0.2703125 0.584375 0.1296875 0.1546875
2 0.4078125 0.584375 0.12421875 0.1546875
2 0.5453125 0.584375 0.1296875 0.1546875
2 0.7046875 0.6484375 0.15546875 0.2359375
2 0.4078125 0.94765625 0.12421875 0.10390625
2 0.271875 0.94765625 0.12890625 0.10390625
2 0.54453125 0.94921875 0.13125 0.1015625
2 0.6453125 0.12890625 0.0390625 0.0703125