2 0.8375 0.2296875 0.1046875 0.07421875
2 0.2453125 0.0296875 0.1015625 0.059375
2 0.2328125 0.3671875 0.1015625 0.11953125
2 0.83671875 0.41640625 0.13828125 0.06484375
2 0.21328125 0.48125 0.0625 0.03359375
2 0.8359375 0.5578125 0.13828125 0.0703125
2 0.8359375 0.6453125 0.13828125 0.09453125
2 0.51875 0.7546875 0.1015625 0.1375
2 0.2328125 0.79296875 0.1015625 0.13046875
2 0.4984375 0.878125 0.0625 0.03359375
2 0.21328125 0.9125 0.0625 0.03359375
6 0.83515625 0.98046875 0.1390625 0.0390625
2 0.2265625 0.11328125 0.0625 0.03359375