2 0.27265625 0.140625 0.065625 0.06171875
2 0.3296875 0.140625 0.04921875 0.06171875
2 0.39140625 0.140625 0.07265625 0.06171875
2 0.4890625 0.140625 0.12265625 0.06171875
2 0.5890625 0.140625 0.07734375 0.06171875
2 0.6546875 0.140625 0.05546875 0.06171875
2 0.71875 0.140625 0.07265625 0.06171875
2 0.73125 0.20078125 0.046875 0.0265625
2 0.38828125 0.3125 0.1921875 0.03203125
2 0.38828125 0.36328125 0.1921875 0.03203125
2 0.68125 0.396875 0.14609375 0.1875
2 0.38828125 0.4140625 0.1921875 0.03203125
2 0.38828125 0.465625 0.1921875 0.03203125
2 0.38828125 0.51640625 0.1921875 0.03203125
2 0.5 0.5921875 0.0234375 0.0421875
6 0.57421875 0.0609375 0.15859375 0.03125
2 0.665625 0.0609375 0.0234375 0.03125
2 0.265625 0.0671875 0.04140625 0.07421875
2 0.5 0.77890625 0.16484375 0.10546875
2 0.67265625 0.77890625 0.16484375 0.10546875
2 0.32734375 0.7875 0.16484375 0.12265625
2 0.25 0.009375 0.01015625 0.01796875
2 0.50078125 0.90234375 0.16484375 0.08828125
2 0.32734375 0.909375 0.16484375 0.10078125
2 0.67265625 0.9109375 0.16484375 0.08984375