2 0.2 0.2171875 0.12109375 0.08203125
2 0.31328125 0.2171875 0.0984375 0.08203125
2 0.43671875 0.2171875 0.14375 0.08203125
2 0.6 0.2171875 0.1765625 0.08203125
2 0.73125 0.2171875 0.07890625 0.05859375
2 0.0890625 0.2171875 0.0953125 0.08203125
2 0.89140625 0.021875 0.1140625 0.04375
2 0.49921875 0.4796875 0.8953125 0.43359375
2 0.18203125 0.8421875 0.19609375 0.06640625
2 0.3859375 0.8421875 0.19609375 0.06640625
2 0.10078125 0.08984375 0.09765625 0.11484375
2 0.18203125 0.9359375 0.19609375 0.06640625
2 0.3859375 0.9359375 0.19609375 0.06640625
2 0.9296875 0.0984375 0.0328125 0.0375
6 0.85 0.0984375 0.196875 0.0453125