2 0.053125 0.02734375 0.0421875 0.0265625
2 0.8515625 0.028125 0.0125 0.02265625
2 0.89375 0.028125 0.04453125 0.03359375
2 0.94453125 0.028125 0.04609375 0.03359375
2 0.1125 0.55078125 0.171875 0.06328125
2 0.48046875 0.075 0.02734375 0.04375
2 0.0828125 0.07578125 0.0234375 0.0390625
2 0.13125 0.07578125 0.04921875 0.0390625
2 0.18125 0.07578125 0.02421875 0.0390625
2 0.23359375 0.07578125 0.05390625 0.0390625
2 0.2875 0.07578125 0.028125 0.0390625
2 0.3390625 0.07578125 0.0484375 0.0390625
2 0.39375 0.07578125 0.034375 0.0390625
2 0.44140625 0.07578125 0.0359375 0.0390625
2 0.0453125 0.07578125 0.02421875 0.0390625
2 0.95625 0.08125 0.01015625 0.01796875
6 0.8828125 0.08125 0.16796875 0.03203125
2 0.3 0.84375 0.09296875 0.2359375
2 0.18515625 0.84453125 0.09296875 0.23515625
2 0.071875 0.84453125 0.09296875 0.23515625