2 0.6546875 0.178125 0.1484375 0.07890625
2 0.34453125 0.18515625 0.1484375 0.09453125
2 0.5 0.19375 0.1484375 0.1109375
2 0.34453125 0.2953125 0.1484375 0.07890625
2 0.5 0.303125 0.1484375 0.09453125
2 0.6546875 0.3109375 0.1484375 0.10859375
2 0.34453125 0.42109375 0.1484375 0.09453125
2 0.5 0.42109375 0.1484375 0.09453125
2 0.6546875 0.42109375 0.1484375 0.09453125
2 0.5 0.53203125 0.1484375 0.07890625
2 0.34453125 0.5390625 0.1484375 0.09453125
2 0.5 0.06015625 0.1484375 0.07890625
2 0.6546875 0.0671875 0.1484375 0.09453125
2 0.34453125 0.07421875 0.1484375 0.10859375
6 0.6578125 0.77265625 0.146875 0.03671875
2 0.61953125 0.828125 0.06953125 0.03125
2 0.66171875 0.94609375 0.01484375 0.025
2 0.68203125 0.94609375 0.0140625 0.025
2 0.70234375 0.94609375 0.0140625 0.025
2 0.72265625 0.94609375 0.01484375 0.025