2 0.325 0.27734375 0.0625 0.196875
6 0.7109375 0.02890625 0.10546875 0.02421875
2 0.75625 0.3453125 0.08046875 0.01796875
2 0.75625 0.45 0.0921875 0.05078125
2 0.6 0.475 0.15390625 0.03125
2 0.6 0.50546875 0.01015625 0.01796875
2 0.6734375 0.05234375 0.03125 0.02265625
2 0.47578125 0.053125 0.36484375 0.10546875
2 0.75625 0.54140625 0.0984375 0.10703125
2 0.75703125 0.95078125 0.09140625 0.08046875
6 0.5859375 0.96015625 0.115625 0.02421875
2 0.65859375 0.96015625 0.0265625 0.02421875
2 0.3296875 0.115625 0.071875 0.02109375
2 0.4015625 0.115625 0.071875 0.02109375
2 0.4734375 0.115625 0.071875 0.02109375
2 0.5453125 0.115625 0.071875 0.02109375
2 0.61640625 0.115625 0.071875 0.02109375
2 0.68828125 0.115625 0.071875 0.02109375
2 0.76015625 0.115625 0.071875 0.02109375