2 0.20234375 0.19296875 0.01953125 0.03984375
2 0.4703125 0.19375 0.06953125 0.040625
2 0.3359375 0.19375 0.01953125 0.0375
2 0.28125 0.19375 0.021875 0.03515625
2 0.30859375 0.19375 0.0203125 0.03515625
2 0.36171875 0.19375 0.0203125 0.03515625
2 0.25546875 0.19453125 0.01796875 0.03359375
2 0.22890625 0.19453125 0.021875 0.03671875
2 0.8359375 0.1953125 0.0796875 0.04609375
2 0.56875 0.19609375 0.02578125 0.04609375
2 0.721875 0.19609375 0.0859375 0.04609375
2 0.859375 0.02109375 0.0765625 0.0421875
2 0.575 0.025 0.16171875 0.05
2 0.9109375 0.2484375 0.01015625 0.01953125
2 0.9203125 0.25 0.0109375 0.02265625
2 0.371875 0.2734375 0.04296875 0.028125
6 0.25859375 0.2734375 0.16015625 0.03046875
2 0.82109375 0.3703125 0.17265625 0.259375
2 0.8421875 0.3953125 0.06484375 0.03046875
2 0.2734375 0.44453125 0.19375 0.29453125
2 0.4484375 0.48203125 0.09453125 0.1703125
2 0.5546875 0.48203125 0.09453125 0.1703125
2 0.6609375 0.48203125 0.09453125 0.1703125
2 0.29453125 0.55078125 0.10703125 0.02890625
2 0.89375 0.61953125 0.06171875 0.02109375