2 0.37890625 0.23203125 0.0640625 0.11953125
2 0.4484375 0.23203125 0.0640625 0.11953125
2 0.51875 0.23203125 0.0640625 0.11953125
2 0.58828125 0.23203125 0.0640625 0.11953125
2 0.6578125 0.23203125 0.0640625 0.11953125
2 0.728125 0.2328125 0.0640625 0.11796875
2 0.46171875 0.025 0.1515625 0.05
2 0.41328125 0.4109375 0.13359375 0.16015625
6 0.74609375 0.053125 0.17421875 0.03828125
2 0.37890625 0.584375 0.06328125 0.1171875
2 0.378125 0.72578125 0.06171875 0.1171875
2 0.378125 0.87265625 0.06328125 0.11953125
2 0.37890625 0.97578125 0.06484375 0.04765625