6 0.8375 0.109375 0.18515625 0.0359375
2 0.25234375 0.109375 0.08671875 0.06484375
2 0.3265625 0.109375 0.0671875 0.06484375
2 0.42890625 0.109375 0.1390625 0.06484375
2 0.5515625 0.109375 0.1078125 0.06484375
2 0.65390625 0.109375 0.09609375 0.06484375
2 0.18984375 0.32421875 0.2984375 0.26953125
2 0.5 0.32421875 0.2984375 0.26953125
2 0.81015625 0.32421875 0.2984375 0.26953125
2 0.7765625 0.5875 0.19453125 0.02421875
2 0.7765625 0.665625 0.19453125 0.02421875
2 0.7765625 0.7234375 0.19453125 0.02421875
2 0.7765625 0.79296875 0.19453125 0.0453125
2 0.7765625 0.86328125 0.19453125 0.02421875
2 0.7765625 0.9640625 0.19453125 0.0671875