2 0.63515625 0.190625 0.084375 0.1953125
2 0.425 0.23125 0.290625 0.296875
2 0.30234375 0.35078125 0.03359375 0.0421875
2 0.49296875 0.35234375 0.01328125 0.0234375
2 0.54609375 0.35234375 0.0359375 0.025
2 0.521875 0.353125 0.01171875 0.0265625
2 0.50859375 0.35390625 0.01328125 0.025
6 0.671875 0.38203125 0.1015625 0.02421875
6 0.671875 0.41171875 0.1015625 0.02421875
2 0.6546875 0.43828125 0.02890625 0.01953125
2 0.3375 0.6125 0.0875 0.16015625
2 0.55625 0.6125 0.0875 0.16015625
2 0.41171875 0.69453125 0.0484375 0.03515625
2 0.53671875 0.74921875 0.0484375 0.03515625
2 0.3015625 0.9875 0.015625 0.025
2 0.334375 0.9875 0.015625 0.025
2 0.31875 0.98828125 0.01484375 0.0234375
2 0.35234375 0.98828125 0.01484375 0.0234375