2 0.0609375 0.0265625 0.040625 0.02890625
2 0.15859375 0.0265625 0.0453125 0.053125
2 0.26171875 0.0265625 0.05078125 0.053125
2 0.33984375 0.0265625 0.05078125 0.02890625
2 0.4265625 0.0265625 0.06484375 0.02890625
2 0.5265625 0.0265625 0.0796875 0.02890625
2 0.62734375 0.0265625 0.0671875 0.02890625
2 0.709375 0.0265625 0.03828125 0.02890625
2 0.80078125 0.0265625 0.03359375 0.02890625
2 0.89765625 0.0265625 0.05546875 0.02890625
2 0.9890625 0.0265625 0.01953125 0.03125
2 0.5 0.125 0.54296875 0.06484375
2 0.1921875 0.27421875 0.0765625 0.0265625
2 0.4015625 0.27421875 0.16328125 0.0265625
2 0.63828125 0.27421875 0.134375 0.0265625
2 0.86796875 0.27421875 0.1421875 0.0265625
2 0.071875 0.4234375 0.11328125 0.11328125
2 0.31953125 0.4234375 0.11328125 0.11328125
2 0.56953125 0.4234375 0.11328125 0.11328125
2 0.8171875 0.4234375 0.11328125 0.11328125
2 0.2875 0.77890625 0.54296875 0.021875
2 0.8296875 0.74296875 0.3125 0.2359375
2 0.99609375 0.74296875 0.00703125 0.2359375
2 0.9515625 0.07109375 0.053125 0.01953125