2 0.5 0.4875 0.21484375 0.06640625
6 0.60546875 0.6890625 0.015625 0.01875
6 0.27890625 0.6890625 0.01640625 0.02109375
6 0.76640625 0.68984375 0.01484375 0.01953125
2 0.49765625 0.7265625 0.14296875 0.1078125
6 0.27890625 0.72734375 0.015625 0.01953125
2 0.171875 0.728125 0.14375 0.10859375
2 0.6625 0.765625 0.1453125 0.10859375
6 0.27890625 0.7671875 0.0140625 0.0171875
2 0.82421875 0.7796875 0.14375 0.13515625
2 0.82421875 0.9265625 0.14453125 0.0640625
2 0.49765625 0.92734375 0.14453125 0.0640625
2 0.953125 0.9390625 0.0578125 0.078125
2 0.6625 0.946875 0.14296875 0.10546875
2 0.17109375 0.946875 0.14375 0.10546875
2 0.49765625 0.984375 0.1453125 0.03125
2 0.8984375 0.09921875 0.1546875 0.05703125
2 0.10234375 0.10078125 0.2046875 0.0921875
2 0.7609375 0.10546875 0.0921875 0.06640625
2 0.6796875 0.10859375 0.06171875 0.0671875
2 0.553125 0.1140625 0.06328125 0.06796875
2 0.24921875 0.11484375 0.07890625 0.0703125
2 0.35859375 0.11484375 0.13203125 0.0703125
2 0.471875 0.11484375 0.08671875 0.0703125