2 0.24765625 0.0484375 0.1421875 0.07890625
6 0.825 0.053125 0.16484375 0.04765625
2 0.89375 0.053125 0.0265625 0.04765625
2 0.26875 0.5734375 0.16796875 0.10703125
2 0.90234375 0.6015625 0.025 0.04609375
6 0.63046875 0.60234375 0.5171875 0.04609375
2 0.23515625 0.12265625 0.1 0.05078125
2 0.4984375 0.12265625 0.13359375 0.05078125
2 0.62421875 0.12265625 0.11796875 0.05078125
2 0.7421875 0.12265625 0.11640625 0.05078125
2 0.8578125 0.13359375 0.115625 0.0734375
2 0.35859375 0.13359375 0.146875 0.0734375