2 0.15390625 0.1671875 0.0828125 0.0546875
2 0.3078125 0.1671875 0.12265625 0.0546875
2 0.471875 0.1671875 0.10078125 0.0546875
2 0.6234375 0.1671875 0.1 0.0546875
2 0.7515625 0.1671875 0.053125 0.0546875
2 0.875 0.16953125 0.02578125 0.0421875
6 0.8234375 0.1703125 0.07734375 0.0453125
2 0.465625 0.0453125 0.01953125 0.03359375
2 0.51875 0.0453125 0.0171875 0.03359375
2 0.571875 0.0453125 0.01953125 0.03359375
2 0.625 0.0453125 0.021875 0.03359375
2 0.678125 0.0453125 0.01484375 0.03359375
2 0.73125 0.0453125 0.01484375 0.03359375
2 0.83671875 0.0515625 0.103125 0.05078125
2 0.5 0.55234375 0.7453125 0.5625
2 0.184375 0.0609375 0.16484375 0.0953125