2 0.99453125 0.0203125 0.009375 0.040625
6 0.93984375 0.02109375 0.1015625 0.03671875
2 0.85078125 0.021875 0.06484375 0.04375
2 0.128125 0.021875 0.10078125 0.04375
2 0.315625 0.021875 0.15234375 0.04375
2 0.51328125 0.021875 0.12265625 0.04375
2 0.696875 0.021875 0.1234375 0.04375
2 0.071875 0.60234375 0.1140625 0.04609375
2 0.8125 0.74140625 0.0234375 0.04765625
2 0.846875 0.74140625 0.0234375 0.04765625
2 0.884375 0.74140625 0.0296875 0.04765625
2 0.915625 0.74140625 0.0234375 0.04765625
2 0.9515625 0.74140625 0.0265625 0.04765625
2 0.984375 0.7421875 0.0203125 0.0390625
2 0.85703125 0.81328125 0.11171875 0.0453125