2 0.134375 0.01640625 0.04375 0.03203125
2 0.0578125 0.578125 0.09140625 0.0390625
2 0.8 0.69140625 0.01875 0.0390625
2 0.8296875 0.69140625 0.021875 0.0390625
2 0.85625 0.69140625 0.01875 0.0390625
2 0.715625 0.69140625 0.01875 0.0390625
2 0.74375 0.69140625 0.01875 0.0390625
2 0.775 0.69140625 0.02421875 0.0390625
2 0.75234375 0.75 0.0921875 0.03671875
2 0.15390625 0.090625 0.0828125 0.0546875
2 0.3078125 0.090625 0.12265625 0.0546875
2 0.471875 0.090625 0.10078125 0.0546875
2 0.6234375 0.090625 0.1 0.0546875
2 0.7515625 0.090625 0.053125 0.0546875
6 0.8234375 0.09375 0.07734375 0.0453125
2 0.87578125 0.09453125 0.02578125 0.04296875
2 0.96171875 0.95625 0.07578125 0.04140625