2 0.98671875 0.021875 0.0265625 0.04375
2 0.9515625 0.02421875 0.01796875 0.03046875
6 0.1265625 0.56015625 0.1515625 0.03125
2 0.2234375 0.56953125 0.0390625 0.04921875
2 0.08671875 0.8765625 0.028125 0.05078125
2 0.1796875 0.8765625 0.028125 0.05078125
2 0.27265625 0.8765625 0.028125 0.05078125
2 0.41328125 0.1234375 0.084375 0.040625
2 0.3125 0.12421875 0.08515625 0.04453125
2 0.6171875 0.12421875 0.10625 0.04140625
2 0.71640625 0.12421875 0.0734375 0.046875
2 0.2234375 0.12421875 0.06953125 0.04296875
2 0.50859375 0.12421875 0.07578125 0.04296875
2 0.10390625 0.1296875 0.10703125 0.19296875