2 0.85859375 0.03125 0.0375 0.015625
2 0.94609375 0.03125 0.07109375 0.03125
2 0.7828125 0.38828125 0.3875 0.31640625
2 0.53984375 0.4546875 0.25625 0.2359375
2 0.20234375 0.5453125 0.07734375 0.0453125
2 0.2921875 0.5453125 0.0859375 0.0453125
2 0.0875 0.5453125 0.13671875 0.0453125
2 0.3765625 0.91171875 0.225 0.1765625
2 0.621875 0.91171875 0.225 0.1765625
2 0.8671875 0.91171875 0.225 0.1765625
2 0.13203125 0.9125 0.2265625 0.17421875
2 0.06953125 0.09765625 0.10703125 0.0703125
2 0.690625 0.10078125 0.053125 0.04453125
6 0.85 0.10078125 0.2609375 0.04609375