2 0.87890625 0.01953125 0.084375 0.0390625
2 0.94453125 0.01953125 0.04375 0.0390625
2 0.18046875 0.20859375 0.1140625 0.07578125
2 0.25390625 0.20859375 0.01484375 0.07578125
2 0.79140625 0.20859375 0.103125 0.07578125
2 0.08359375 0.20859375 0.06171875 0.07578125
2 0.54375 0.2203125 0.11640625 0.046875
2 0.6609375 0.2203125 0.11328125 0.046875
2 0.109375 0.28359375 0.11328125 0.07578125
2 0.015625 0.51875 0.02890625 0.16171875
2 0.859375 0.8578125 0.215625 0.284375
6 0.83359375 0.10390625 0.19140625 0.0390625
2 0.9484375 0.10390625 0.0375 0.0390625
2 0.12265625 0.1046875 0.17890625 0.053125