2 0.69453125 0.1984375 0.08203125 0.034375
2 0.88515625 0.0234375 0.11015625 0.01953125
2 0.33203125 0.246875 0.009375 0.01875
2 0.32265625 0.246875 0.00703125 0.01484375
6 0.8375 0.271875 0.1625 0.03515625
2 0.93125 0.271875 0.01875 0.03359375
6 0.6171875 0.03046875 0.1265625 0.028125
2 0.7140625 0.03203125 0.06640625 0.0390625
2 0.5140625 0.475 0.11875 0.14375
2 0.6515625 0.475 0.11875 0.14375
2 0.234375 0.0609375 0.1234375 0.0578125
2 0.90859375 0.65546875 0.0078125 0.015625
2 0.9171875 0.65546875 0.00859375 0.015625
2 0.29921875 0.72109375 0.24296875 0.29296875
2 0.5140625 0.72734375 0.11875 0.14375
2 0.6515625 0.72734375 0.11875 0.14375
2 0.653125 0.953125 0.1203125 0.09375
2 0.5140625 0.953125 0.11875 0.09375
2 0.365625 0.09921875 0.0515625 0.06484375
2 0.425 0.09921875 0.059375 0.06484375
2 0.48125 0.09921875 0.04921875 0.06484375
2 0.5625 0.09921875 0.1046875 0.06484375