2 0.2859375 0.15234375 0.12109375 0.10234375
2 0.20078125 0.021875 0.0359375 0.03125
2 0.30390625 0.025 0.01171875 0.02109375
2 0.321875 0.025 0.01171875 0.02109375
2 0.3375 0.025 0.01171875 0.02109375
2 0.35625 0.025 0.01171875 0.02109375
2 0.37421875 0.025 0.01171875 0.02109375
6 0.6859375 0.025 0.0703125 0.03203125
2 0.265625 0.0265625 0.040625 0.0140625
2 0.409375 0.0265625 0.0375 0.0140625
2 0.42890625 0.48828125 0.0046875 0.009375
2 0.4625 0.48828125 0.0046875 0.0078125
2 0.4453125 0.48828125 0.00546875 0.00859375
2 0.4375 0.48828125 0.0046875 0.0078125
2 0.4546875 0.48828125 0.0046875 0.00859375
2 0.47109375 0.48828125 0.00546875 0.00859375
2 0.3625 0.5796875 0.0203125 0.0359375
2 0.63203125 0.58359375 0.02421875 0.05234375
2 0.5890625 0.584375 0.04296875 0.04921875
2 0.196875 0.06796875 0.05078125 0.03671875
2 0.2546875 0.06796875 0.065625 0.03671875
2 0.34375 0.06796875 0.11328125 0.03671875
2 0.45625 0.06796875 0.1109375 0.03671875
2 0.53828125 0.06796875 0.053125 0.03671875
2 0.6375 0.06796875 0.084375 0.03203125
2 0.4984375 0.70546875 0.30703125 0.31171875
2 0.50078125 0.70546875 0.034375 0.04453125
2 0.271875 0.9890625 0.16875 0.021875
2 0.62734375 0.98984375 0.16875 0.01953125
2 0.44921875 0.990625 0.16875 0.01875