2 0.72890625 0.15859375 0.15625 0.0375
2 0.728125 0.20625 0.15859375 0.03671875
2 0.35546875 0.2328125 0.0734375 0.12890625
2 0.6609375 0.025 0.0109375 0.01796875
2 0.3265625 0.025 0.01015625 0.01796875
6 0.73515625 0.025 0.18203125 0.03984375
2 0.728125 0.25625 0.15703125 0.03828125
2 0.596875 0.26640625 0.04375 0.03671875
2 0.18828125 0.0265625 0.0265625 0.028125
2 0.3265625 0.36171875 0.01015625 0.01796875
2 0.3703125 0.36171875 0.01015625 0.01796875
2 0.41484375 0.36171875 0.01015625 0.01796875
2 0.79609375 0.39765625 0.06015625 0.09140625
2 0.6734375 0.39765625 0.0609375 0.0921875
2 0.73515625 0.3984375 0.06015625 0.09296875
2 0.35 0.440625 0.0734375 0.05078125
2 0.4390625 0.440625 0.10546875 0.05078125
2 0.5265625 0.440625 0.06953125 0.05078125
2 0.59375 0.440625 0.065625 0.05078125
2 0.3421875 0.48203125 0.00859375 0.015625
2 0.6734375 0.49140625 0.0609375 0.0921875
2 0.73515625 0.49140625 0.06015625 0.09375
2 0.79609375 0.49140625 0.0609375 0.09453125
2 0.3734375 0.503125 0.009375 0.0171875
2 0.38515625 0.503125 0.01015625 0.01796875
2 0.61328125 0.503125 0.01015625 0.01796875
2 0.3578125 0.5546875 0.01015625 0.01796875
2 0.4265625 0.5546875 0.01015625 0.01796875
2 0.4984375 0.5546875 0.01015625 0.01796875
2 0.5703125 0.5546875 0.01015625 0.01796875
2 0.3421875 0.590625 0.00859375 0.015625
2 0.4109375 0.6125 0.01015625 0.01796875
2 0.61328125 0.6125 0.01015625 0.01796875
2 0.796875 0.634375 0.0421875 0.03203125
2 0.4234375 0.67578125 0.01015625 0.01796875
2 0.79765625 0.703125 0.040625 0.03203125
2 0.79765625 0.7703125 0.04140625 0.03203125
2 0.21640625 0.0828125 0.08828125 0.05390625
2 0.80078125 0.89453125 0.0453125 0.03359375
2 0.7515625 0.89453125 0.03984375 0.03359375
2 0.81796875 0.96328125 0.040625 0.03828125
2 0.21640625 0.140625 0.08671875 0.0546875