2 0.17109375 0.02421875 0.01328125 0.0265625
2 0.1859375 0.02421875 0.01328125 0.0265625
2 0.2015625 0.02421875 0.01328125 0.0265625
2 0.2171875 0.02421875 0.01328125 0.0265625
2 0.2328125 0.02421875 0.01328125 0.0265625
2 0.2484375 0.02421875 0.01328125 0.0265625
2 0.2640625 0.02421875 0.01328125 0.0265625
6 0.48125 0.51640625 0.634375 0.0421875
2 0.7890625 0.51640625 0.01015625 0.03984375
2 0.25 0.1046875 0.11875 0.05703125
2 0.39921875 0.1046875 0.0359375 0.04140625
2 0.446875 0.1046875 0.059375 0.04140625
2 0.5 0.1046875 0.0453125 0.04140625
2 0.54921875 0.1046875 0.05078125 0.04140625
2 0.6 0.1046875 0.0484375 0.04140625