2 0.93828125 0.215625 0.01796875 0.02265625
2 0.09609375 0.03828125 0.14921875 0.0578125
6 0.86484375 0.0390625 0.14140625 0.04453125
2 0.9515625 0.0390625 0.034375 0.04453125
2 0.215625 0.04140625 0.0625 0.04140625
2 0.28046875 0.04140625 0.0625 0.04140625
2 0.340625 0.04140625 0.05390625 0.04140625
2 0.4015625 0.04140625 0.06328125 0.04140625
2 0.46328125 0.04140625 0.05390625 0.04140625
2 0.53046875 0.04140625 0.07734375 0.04140625
2 0.66796875 0.04140625 0.025 0.04921875
2 0.7078125 0.04140625 0.03046875 0.04921875
2 0.753125 0.04140625 0.03828125 0.04921875
2 0.74765625 0.4734375 0.12109375 0.034375
2 0.06875 0.475 0.02578125 0.04765625
2 0.5875 0.478125 0.0234375 0.03984375
2 0.32890625 0.6140625 0.15859375 0.03984375
2 0.80078125 0.61953125 0.296875 0.109375
2 0.2875 0.65859375 0.01015625 0.0140625
2 0.30859375 0.65859375 0.01171875 0.015625
2 0.32890625 0.659375 0.0109375 0.01328125
2 0.34921875 0.659375 0.009375 0.01328125
2 0.3703125 0.659375 0.01171875 0.0140625
2 0.80078125 0.728125 0.296875 0.109375
2 0.4109375 0.7875 0.384375 0.0484375
2 0.4515625 0.8296875 0.065625 0.025
2 0.80078125 0.8359375 0.296875 0.109375
2 0.1296875 0.87109375 0.1578125 0.21640625
2 0.975 0.93828125 0.02109375 0.0359375
2 0.89140625 0.9390625 0.1 0.0421875
2 0.5 0.11796875 1 0.0796875