2 0.8921875 0.93984375 0.06484375 0.01953125
2 0.21640625 0.0421875 0.0625 0.04296875
2 0.2796875 0.0421875 0.0625 0.04296875
2 0.33984375 0.0421875 0.05546875 0.04296875
2 0.4015625 0.0421875 0.06484375 0.04296875
2 0.4640625 0.0421875 0.05546875 0.04296875
2 0.53125 0.0421875 0.0765625 0.04296875
2 0.66796875 0.0421875 0.0265625 0.05078125
2 0.7078125 0.0421875 0.03125 0.05078125
2 0.75390625 0.0421875 0.03828125 0.05078125
6 0.8640625 0.03828125 0.1421875 0.0453125
2 0.9515625 0.03828125 0.03359375 0.0453125
2 0.5 0.11875 1 0.08203125
2 0.1296875 0.87109375 0.15859375 0.21640625
2 0.4109375 0.7875 0.384375 0.0484375
2 0.80078125 0.6203125 0.2984375 0.1109375
2 0.80078125 0.728125 0.2984375 0.1109375
2 0.80078125 0.83671875 0.2984375 0.1109375
2 0.80078125 0.94375 0.2984375 0.1109375
2 0.8015625 0.99765625 0.2984375 0.00234375