2 0.3578125 0.25546875 0.01953125 0.03515625
2 0.2296875 0.2609375 0.19375 0.0546875
2 0.1625 0.02734375 0.08203125 0.0546875
2 0.93515625 0.02734375 0.08515625 0.0515625
2 0.8515625 0.02890625 0.0796875 0.0546875
2 0.271875 0.02890625 0.13359375 0.0546875
2 0.38046875 0.02890625 0.0828125 0.0546875
2 0.4890625 0.02890625 0.134375 0.0546875
2 0.6046875 0.02890625 0.09609375 0.0546875
2 0.7328125 0.02890625 0.1578125 0.0546875
2 0.2296875 0.31640625 0.19296875 0.0546875
2 0.2296875 0.3703125 0.19296875 0.0546875
2 0.64921875 0.42265625 0.6078125 0.37890625
2 0.2296875 0.42578125 0.19296875 0.0546875
2 0.2296875 0.48046875 0.19296875 0.0546875
2 0.2296875 0.53515625 0.19296875 0.0546875
2 0.2296875 0.5890625 0.19296875 0.0546875
2 0.2296875 0.64453125 0.19296875 0.0546875
2 0.2296875 0.69921875 0.19296875 0.0546875
2 0.44375 0.73359375 0.19765625 0.17265625
2 0.65625 0.73515625 0.19765625 0.17421875
2 0.8609375 0.7359375 0.184375 0.17734375
2 0.2296875 0.753125 0.19296875 0.0546875
2 0.15 0.83125 0.025 0.04609375
2 0.18125 0.83125 0.025 0.04609375
2 0.21171875 0.83125 0.025 0.04609375
2 0.2421875 0.83125 0.025 0.04609375
2 0.2734375 0.83125 0.025 0.04609375
2 0.21953125 0.12421875 0.13671875 0.1046875
2 0.934375 0.1390625 0.05859375 0.040625
6 0.8359375 0.13984375 0.1390625 0.03828125