2 0.31171875 0.15625 0.1265625 0.0703125
2 0.5453125 0.01953125 0.01171875 0.01796875
2 0.3578125 0.02109375 0.253125 0.0421875
2 0.546875 0.22890625 0.1109375 0.040625
2 0.8203125 0.2296875 0.08203125 0.040625
2 0.265625 0.2296875 0.05234375 0.040625
2 0.3203125 0.2296875 0.05625 0.040625
2 0.3859375 0.2296875 0.07578125 0.040625
2 0.4578125 0.2296875 0.06796875 0.040625
2 0.62734375 0.2296875 0.04921875 0.040625
2 0.6859375 0.2296875 0.06640625 0.040625
2 0.7484375 0.2296875 0.06015625 0.040625
6 0.7015625 0.02421875 0.109375 0.028125
2 0.765625 0.025 0.015625 0.025
2 0.75 0.38515625 0.19140625 0.1140625
2 0.8390625 0.48125 0.00859375 0.015625
2 0.434375 0.496875 0.37421875 0.33515625
2 0.6703125 0.5546875 0.0328125 0.07578125
2 0.6703125 0.64296875 0.0328125 0.07578125
2 0.56796875 0.6828125 0.009375 0.01640625
2 0.58046875 0.68359375 0.00859375 0.01640625
2 0.59296875 0.68359375 0.009375 0.01640625
2 0.61875 0.68359375 0.009375 0.01484375
2 0.55546875 0.68359375 0.009375 0.01640625
2 0.60546875 0.68359375 0.009375 0.0140625
2 0.6703125 0.73046875 0.0328125 0.07578125
2 0.6703125 0.81875 0.0328125 0.07578125
2 0.6703125 0.90625 0.0328125 0.07578125
2 0.38359375 0.92265625 0.0921875 0.1546875
2 0.29375 0.9234375 0.09140625 0.153125
2 0.47578125 0.9234375 0.09140625 0.153125
2 0.56640625 0.9234375 0.09140625 0.153125
2 0.8390625 0.98828125 0.00859375 0.0109375