6 0.66875 0.1421875 0.07578125 0.01953125
2 0.71484375 0.1421875 0.01484375 0.01953125
6 0.3109375 0.2390625 0.07890625 0.01953125
2 0.55546875 0.378125 0.1046875 0.12109375
2 0.33125 0.3796875 0.1046875 0.12109375
2 0.44375 0.3796875 0.1046875 0.12109375
2 0.33125 0.5140625 0.1046875 0.12109375
2 0.44375 0.5140625 0.1046875 0.12109375
2 0.55546875 0.5140625 0.1046875 0.12109375
2 0.44375 0.64375 0.34453125 0.08125
2 0.6890625 0.07578125 0.0640625 0.09296875
2 0.65703125 0.78359375 0.0515625 0.02265625
2 0.6765625 0.86328125 0.0921875 0.0875
2 0.4984375 0.0109375 0.034375 0.021875