2 0.2140625 0.15703125 0.02109375 0.04375
2 0.253125 0.159375 0.05703125 0.04921875
2 0.3203125 0.159375 0.07734375 0.04921875
2 0.39453125 0.159375 0.07265625 0.04921875
2 0.4609375 0.159375 0.059375 0.04921875
2 0.25234375 0.565625 0.0984375 0.05078125
6 0.76171875 0.078125 0.07109375 0.04609375
2 0.24765625 0.0828125 0.08828125 0.06640625
6 0.4890625 0.8921875 0.18359375 0.03359375
2 0.70546875 0.90546875 0.18359375 0.1890625
6 0.4890625 0.93515625 0.18359375 0.03359375
2 0.48828125 0.978125 0.18359375 0.03125