2 0.2421875 0.16953125 0.07421875 0.03828125
2 0.346875 0.16953125 0.046875 0.03828125
2 0.4453125 0.16953125 0.06328125 0.03828125
2 0.55 0.16953125 0.05859375 0.03828125
2 0.646875 0.16953125 0.046875 0.03828125
2 0.7875 0.1703125 0.01171875 0.01796875
2 0.70703125 0.1703125 0.01171875 0.01796875
2 0.7265625 0.1703125 0.01171875 0.01796875
2 0.746875 0.1703125 0.01171875 0.01796875
2 0.7671875 0.1703125 0.01171875 0.01796875
6 0.73515625 0.0765625 0.0859375 0.02421875
2 0.26484375 0.07734375 0.11796875 0.0703125
2 0.46640625 0.07734375 0.24296875 0.0703125
2 0.78515625 0.078125 0.01484375 0.0265625
2 0.4953125 0.78515625 0.18125 0.07734375
2 0.4953125 0.96796875 0.16640625 0.0640625