2 0.046875 0.14609375 0.0796875 0.03515625
2 0.046875 0.1859375 0.0796875 0.03515625
2 0.046875 0.23359375 0.0796875 0.04921875
2 0.046875 0.28828125 0.0796875 0.04921875
2 0.046875 0.328125 0.0796875 0.01953125
2 0.046875 0.353125 0.0796875 0.01953125
2 0.046875 0.0390625 0.0796875 0.01953125
2 0.046875 0.38515625 0.0796875 0.03515625
2 0.046875 0.41875 0.0796875 0.01953125
2 0.046875 0.46875 0.0796875 0.01953125
2 0.546875 0.496875 0.3328125 0.45
2 0.046875 0.06328125 0.0796875 0.01953125
2 0.04609375 0.74609375 0.0796875 0.0203125
6 0.046875 0.76953125 0.07578125 0.01953125
2 0.0203125 0.78515625 0.02265625 0.0140625
2 0.046875 0.83671875 0.08046875 0.021875
2 0.046875 0.08828125 0.0796875 0.01953125
2 0.4984375 0.94296875 0.21484375 0.0546875
2 0.046875 0.11328125 0.0796875 0.01953125
2 0.046875 0.01328125 0.0796875 0.01953125