2 0.19609375 0.14140625 0.05390625 0.09453125
2 0.91328125 0.14140625 0.01484375 0.02734375
6 0.865625 0.1421875 0.115625 0.0484375
2 0.8578125 0.25234375 0.140625 0.0578125
2 0.20625 0.25234375 0.0734375 0.0578125
2 0.2859375 0.25234375 0.0859375 0.0578125
2 0.38515625 0.25234375 0.11328125 0.0578125
2 0.48515625 0.25234375 0.0859375 0.0578125
2 0.565625 0.25234375 0.075 0.0578125
2 0.6453125 0.25234375 0.0828125 0.0578125
2 0.7375 0.25234375 0.10078125 0.0578125
2 0.2265625 0.02890625 0.1140625 0.0421875
2 0.81015625 0.471875 0.24140625 0.2453125
2 0.28984375 0.471875 0.24140625 0.24296875
2 0.55 0.471875 0.24140625 0.24296875
2 0.21875 0.80078125 0.08515625 0.171875