2 0.7296875 0.01640625 0.02734375 0.03203125
2 0.75703125 0.01640625 0.02734375 0.03203125
2 0.30703125 0.02265625 0.15 0.03671875
2 0.5 0.31953125 0.90078125 0.42421875
2 0.2828125 0.06171875 0.09765625 0.025
6 0.7140625 0.06953125 0.10234375 0.02265625
2 0.759375 0.07109375 0.0140625 0.01796875
2 0.503125 0.8453125 0.0875 0.02890625
2 0.5203125 0.0890625 0.1109375 0.028125
2 0.28984375 0.090625 0.0328125 0.028125
2 0.3265625 0.090625 0.0390625 0.028125
2 0.3609375 0.090625 0.03203125 0.028125
2 0.44921875 0.090625 0.03046875 0.028125
2 0.2515625 0.09140625 0.04453125 0.028125
2 0.40546875 0.09140625 0.05546875 0.028125
2 0.36015625 0.9390625 0.25078125 0.0328125
2 0.64765625 0.93984375 0.25390625 0.03515625
2 0.36015625 0.9734375 0.2515625 0.0359375
2 0.64765625 0.97578125 0.25234375 0.0359375