2 0.49921875 0.1640625 0.5578125 0.328125
2 0.26875 0.228125 0.053125 0.03203125
2 0.4890625 0.3484375 0.00546875 0.01015625
2 0.51015625 0.3484375 0.00625 0.01015625
2 0.478125 0.3484375 0.0046875 0.009375
2 0.521875 0.3484375 0.00625 0.0109375
2 0.5 0.3484375 0.0046875 0.01015625
6 0.69921875 0.40078125 0.1640625 0.03359375
2 0.76953125 0.40078125 0.0234375 0.03359375
2 0.53203125 0.51875 0.1171875 0.271875
2 0.278125 0.5203125 0.11875 0.27109375
2 0.40546875 0.52109375 0.1171875 0.27421875
2 0.30234375 0.615625 0.07109375 0.03203125
2 0.4296875 0.615625 0.07109375 0.03203125
2 0.55625 0.615625 0.07109375 0.03203125
2 0.24921875 0.7953125 0.0609375 0.109375
2 0.24921875 0.95625 0.0609375 0.0875