6 0.53671875 0.36328125 0.33515625 0.05078125
2 0.7171875 0.36328125 0.0265625 0.05078125
2 0.2453125 0.040625 0.1265625 0.08125
6 0.8171875 0.04140625 0.14765625 0.05078125
2 0.9046875 0.04140625 0.02734375 0.05078125
2 0.55 0.48671875 0.1078125 0.04609375
2 0.79140625 0.94609375 0.02890625 0.04375
2 0.825 0.94609375 0.02890625 0.04375
2 0.8546875 0.94609375 0.02890625 0.04375
2 0.7578125 0.946875 0.02890625 0.0421875
2 0.88828125 0.12734375 0.059375 0.04375
2 0.19609375 0.12734375 0.05234375 0.04375
2 0.25703125 0.12734375 0.06875 0.04375
2 0.325 0.12734375 0.06640625 0.04375
2 0.3859375 0.12734375 0.05390625 0.04375
2 0.4421875 0.12734375 0.05546875 0.04375
2 0.496875 0.12734375 0.05234375 0.04375
2 0.5515625 0.12734375 0.05625 0.04375