6 0.69375 0.6375 0.09453125 0.02890625
2 0.75 0.63828125 0.01953125 0.028125
6 0.69375 0.065625 0.09453125 0.02890625
2 0.75 0.0671875 0.01875 0.02890625
2 0.2734375 0.6703125 0.08125 0.10859375
2 0.64296875 0.67265625 0.0125 0.025
2 0.65703125 0.67265625 0.01171875 0.025
2 0.67109375 0.67265625 0.01328125 0.02578125
2 0.6984375 0.67265625 0.01171875 0.025
2 0.68515625 0.67265625 0.01015625 0.025
2 0.71328125 0.67265625 0.0125 0.02578125
2 0.7421875 0.67265625 0.0125 0.025
2 0.72734375 0.6734375 0.0125 0.025
2 0.7578125 0.6734375 0.0140625 0.025
2 0.2828125 0.0703125 0.090625 0.12109375
2 0.64296875 0.1 0.00859375 0.02265625
2 0.6578125 0.1 0.0078125 0.02265625
2 0.671875 0.1 0.009375 0.02265625
2 0.68515625 0.1 0.00546875 0.02265625
2 0.6984375 0.1 0.00859375 0.02265625
2 0.71328125 0.1 0.0078125 0.02265625
2 0.72734375 0.1 0.0078125 0.02265625
2 0.7578125 0.1 0.009375 0.02265625
2 0.7421875 0.1015625 0.009375 0.02265625
2 0.3984375 0.13359375 0.03359375 0.04296875
2 0.4375 0.13359375 0.0453125 0.04296875
2 0.48359375 0.13359375 0.0484375 0.04296875
2 0.53125 0.13359375 0.04765625 0.04296875
2 0.57421875 0.13359375 0.03671875 0.04296875
2 0.6125 0.13359375 0.040625 0.04296875
2 0.6515625 0.13359375 0.0375 0.04296875
2 0.6921875 0.13359375 0.04296875 0.04296875
2 0.73671875 0.13359375 0.046875 0.04296875