2 0.06875 0.03828125 0.13671875 0.06484375
6 0.68984375 0.03828125 0.27421875 0.05078125
2 0.8078125 0.0375 0.0171875 0.07421875
2 0.91015625 0.0375 0.13203125 0.05078125
2 0.8328125 0.12734375 0.30546875 0.103125
2 0.1671875 0.36796875 0.30546875 0.053125
2 0.1671875 0.41953125 0.30546875 0.053125
2 0.1671875 0.47265625 0.30546875 0.053125
2 0.1671875 0.52421875 0.30546875 0.053125
2 0.1671875 0.57578125 0.30546875 0.053125
2 0.1671875 0.62890625 0.30546875 0.053125
2 0.1671875 0.68046875 0.30546875 0.053125