2 0.20546875 0.184375 0.0984375 0.03203125
2 0.30390625 0.184375 0.0984375 0.03203125
2 0.4015625 0.184375 0.0984375 0.03203125
2 0.5 0.184375 0.0984375 0.03203125
2 0.5984375 0.184375 0.0984375 0.03203125
2 0.69609375 0.184375 0.0984375 0.03203125
2 0.17578125 0.34375 0.01640625 0.02890625
2 0.825 0.34375 0.01640625 0.03125
2 0.50078125 0.34453125 0.68828125 0.28203125
2 0.17578125 0.44921875 0.0171875 0.0296875
2 0.7390625 0.72109375 0.209375 0.23515625
2 0.8171875 0.075 0.03828125 0.03359375
6 0.721875 0.075 0.153125 0.03359375
2 0.23046875 0.07578125 0.125 0.06015625
2 0.35 0.07734375 0.1 0.0453125
2 0.4671875 0.07734375 0.1 0.0453125
2 0.5875 0.97578125 0.1609375 0.04765625
2 0.23671875 0.9765625 0.16171875 0.046875
2 0.4125 0.9765625 0.1625 0.046875
2 0.7625 0.9765625 0.1625 0.046875