2 0.26796875 0.18828125 0.05 0.03125
2 0.3296875 0.18828125 0.075 0.03125
2 0.40625 0.18828125 0.07734375 0.03125
2 0.4796875 0.18828125 0.06875 0.03125
2 0.5640625 0.18828125 0.1015625 0.03125
2 0.66171875 0.18828125 0.09296875 0.03125
2 0.7328125 0.18828125 0.0484375 0.03125
2 0.6890625 0.02265625 0.075 0.01796875
6 0.68828125 0.30390625 0.11484375 0.0265625
6 0.68828125 0.3359375 0.11484375 0.0265625
6 0.68828125 0.36875 0.11484375 0.0265625
6 0.68828125 0.4484375 0.11328125 0.1234375
2 0.43125 0.4890625 0.378125 0.38515625
2 0.559375 0.05078125 0.13984375 0.07578125
2 0.7296875 0.53125 0.03125 0.028125
2 0.3578125 0.08828125 0.21640625 0.08984375
2 0.6734375 0.13359375 0.0203125 0.03671875
2 0.7046875 0.13671875 0.021875 0.0546875