2 0.4390625 0.15859375 0.03828125 0.02421875
2 0.75625 0.15859375 0.046875 0.02421875
2 0.5875 0.15859375 0.06015625 0.02421875
2 0.2703125 0.159375 0.03828125 0.02421875
2 0.35390625 0.159375 0.0640625 0.02421875
2 0.50703125 0.159375 0.03359375 0.02421875
2 0.675 0.159375 0.04921875 0.02421875
2 0.82890625 0.19765625 0.05078125 0.02890625
2 0.5234375 0.4640625 0.34921875 0.334375
2 0.36796875 0.084375 0.2453125 0.10234375
6 0.7828125 0.0953125 0.14453125 0.028125
2 0.84609375 0.0953125 0.009375 0.0171875
2 0.25 0.0125 0.01015625 0.0125