2 0.978125 0.021875 0.01015625 0.015625
2 0.196875 0.21953125 0.10390625 0.140625
2 0.3171875 0.21953125 0.10390625 0.128125
2 0.4375 0.21953125 0.10390625 0.15625
2 0.5578125 0.21953125 0.10390625 0.14765625
2 0.67734375 0.21953125 0.10390625 0.140625
2 0.0765625 0.21953125 0.09765625 0.18671875
6 0.92421875 0.0234375 0.096875 0.01484375
2 0.09375 0.04453125 0.03046875 0.0296875
2 0.196875 0.44921875 0.10390625 0.15078125
2 0.3171875 0.44921875 0.10390625 0.140625
2 0.4375 0.44921875 0.10390625 0.125
2 0.0765625 0.44921875 0.10390625 0.140625
2 0.79375 0.60625 0.03515625 0.025
2 0.8328125 0.60625 0.034375 0.025
2 0.928125 0.70625 0.1046875 0.12734375
2 0.88125 0.08515625 0.02265625 0.0265625