2 0.6140625 0.0171875 0.01328125 0.02578125
2 0.6328125 0.0171875 0.01328125 0.02578125
2 0.65078125 0.0171875 0.01328125 0.02578125
2 0.66875 0.0171875 0.01328125 0.02578125
2 0.6875 0.0171875 0.01328125 0.02578125
2 0.70625 0.0171875 0.01328125 0.02578125
2 0.72421875 0.0171875 0.01328125 0.02578125
2 0.7421875 0.0171875 0.01328125 0.02578125
6 0.7015625 0.23828125 0.08359375 0.02109375
6 0.7015625 0.26328125 0.08359375 0.02109375
6 0.7015625 0.28828125 0.08359375 0.02109375
6 0.6796875 0.3140625 0.0390625 0.02109375
6 0.72265625 0.3140625 0.0390625 0.02109375
2 0.434375 0.334375 0.3765625 0.29375
6 0.7015625 0.34140625 0.08359375 0.02109375
6 0.7015625 0.36640625 0.08359375 0.02109375
6 0.70078125 0.39140625 0.0828125 0.02109375
2 0.67265625 0.41953125 0.0265625 0.02578125
6 0.69921875 0.41953125 0.02421875 0.02109375
2 0.728125 0.41953125 0.02890625 0.02578125
2 0.5984375 0.44765625 0.009375 0.01953125
2 0.6078125 0.44765625 0.009375 0.01953125
2 0.6171875 0.44765625 0.009375 0.01953125
2 0.6265625 0.44765625 0.009375 0.01953125
6 0.30078125 0.621875 0.1 0.02890625
2 0.3671875 0.6234375 0.0296875 0.02890625
2 0.2875 0.0765625 0.0828125 0.05859375
2 0.35390625 0.0765625 0.0296875 0.034375
2 0.4046875 0.0765625 0.0609375 0.034375
2 0.4703125 0.0765625 0.06015625 0.034375
2 0.54140625 0.0765625 0.07265625 0.034375