6 0.8265625 0.20078125 0.19453125 0.02890625
6 0.9578125 0.20078125 0.06015625 0.02890625
2 0.196875 0.28984375 0.06484375 0.0171875
2 0.196875 0.31640625 0.06953125 0.0171875
2 0.196875 0.3328125 0.06953125 0.0171875
2 0.196875 0.35 0.06953125 0.0171875
2 0.196875 0.36640625 0.06953125 0.0171875
2 0.196875 0.38359375 0.06953125 0.0171875
2 0.196875 0.4 0.06953125 0.0171875
2 0.196875 0.4171875 0.06953125 0.0171875
2 0.196875 0.43359375 0.06953125 0.0171875
2 0.196875 0.45078125 0.06953125 0.0171875
2 0.196875 0.4671875 0.06953125 0.0171875
2 0.2796875 0.2875 0.06953125 0.0171875
2 0.2796875 0.30390625 0.06953125 0.0171875
2 0.2796875 0.32109375 0.06953125 0.0171875
2 0.2796875 0.3375 0.06953125 0.0171875
2 0.2796875 0.3546875 0.06953125 0.0171875
2 0.2796875 0.37109375 0.06953125 0.0171875
2 0.2796875 0.38828125 0.06953125 0.0171875
2 0.2796875 0.4046875 0.06953125 0.0171875
2 0.3640625 0.28984375 0.06484375 0.0171875
2 0.3640625 0.31640625 0.06953125 0.0171875
2 0.3640625 0.3328125 0.06953125 0.0171875
2 0.3640625 0.35 0.06953125 0.0171875
2 0.3640625 0.375 0.06953125 0.03359375
2 0.3640625 0.4 0.06953125 0.0171875
2 0.3640625 0.4171875 0.06953125 0.0171875
2 0.446875 0.28984375 0.06484375 0.0171875
2 0.446875 0.31640625 0.06953125 0.0171875
2 0.446875 0.3328125 0.06953125 0.0171875
2 0.446875 0.35 0.06953125 0.0171875
2 0.446875 0.36640625 0.06953125 0.0171875
2 0.446875 0.40390625 0.06484375 0.0171875
2 0.446875 0.43046875 0.06953125 0.0171875
2 0.5296875 0.28984375 0.06484375 0.0171875
2 0.5296875 0.31640625 0.06953125 0.0171875
2 0.5296875 0.3328125 0.06953125 0.0171875
2 0.5296875 0.35 0.06953125 0.0171875
2 0.5296875 0.36640625 0.06953125 0.0171875
2 0.5296875 0.38359375 0.06953125 0.0171875
2 0.61328125 0.28984375 0.06484375 0.0171875
2 0.61328125 0.31640625 0.0671875 0.0171875
2 0.61328125 0.3328125 0.0671875 0.0171875
2 0.61328125 0.35 0.0671875 0.0171875
2 0.61328125 0.36640625 0.0671875 0.0171875
2 0.69453125 0.28984375 0.06484375 0.0171875
2 0.69453125 0.31640625 0.0671875 0.0171875
2 0.69453125 0.3328125 0.0671875 0.0171875
2 0.69453125 0.35 0.0671875 0.0171875
2 0.69453125 0.36640625 0.0671875 0.0171875
2 0.69453125 0.38359375 0.0671875 0.0171875
2 0.69453125 0.4 0.0671875 0.0171875
2 0.69453125 0.4171875 0.0671875 0.0171875
2 0.69453125 0.43359375 0.0671875 0.0171875
2 0.7765625 0.28984375 0.06484375 0.0171875
2 0.7765625 0.31640625 0.0671875 0.0171875
2 0.7765625 0.3328125 0.0671875 0.0171875
2 0.7765625 0.35 0.0671875 0.0171875
2 0.7765625 0.36640625 0.0671875 0.0171875
2 0.7765625 0.38359375 0.0671875 0.0171875
2 0.7765625 0.4 0.0671875 0.0171875
2 0.7765625 0.4171875 0.0671875 0.0171875
2 0.7765625 0.43359375 0.0671875 0.0171875
2 0.7765625 0.45078125 0.0671875 0.0171875
2 0.7765625 0.4671875 0.0671875 0.0171875
2 0.859375 0.2875 0.0671875 0.0171875
2 0.859375 0.30390625 0.0671875 0.0171875
2 0.859375 0.32109375 0.0671875 0.0171875
2 0.859375 0.3375 0.0671875 0.0171875
2 0.859375 0.3546875 0.0671875 0.0171875
2 0.859375 0.37109375 0.0671875 0.0171875
2 0.859375 0.38828125 0.0671875 0.0171875
2 0.859375 0.4046875 0.0671875 0.0171875
2 0.859375 0.4234375 0.0671875 0.0171875
2 0.859375 0.43984375 0.0671875 0.0171875
2 0.859375 0.45703125 0.0671875 0.0171875
2 0.94140625 0.28984375 0.06484375 0.0171875
2 0.94140625 0.31640625 0.0671875 0.0171875
2 0.94140625 0.3328125 0.0671875 0.0171875
2 0.94140625 0.35 0.0671875 0.0171875
2 0.94140625 0.36640625 0.0671875 0.0171875
2 0.94140625 0.38359375 0.0671875 0.0171875
2 0.56875 0.65234375 0.83671875 0.02890625
2 0.9359375 0.75390625 0.10078125 0.04296875
2 0.9359375 0.94140625 0.10078125 0.04296875
2 0.9359375 0.98203125 0.10078125 0.03125