2 0.59609375 0.015625 0.07421875 0.0296875
2 0.66953125 0.015625 0.07109375 0.03125
2 0.74140625 0.015625 0.0671875 0.0296875
2 0.8109375 0.01640625 0.0671875 0.0296875
2 0.878125 0.0171875 0.06953125 0.03359375
2 0.95390625 0.0171875 0.08515625 0.03359375
6 0.8265625 0.2015625 0.19609375 0.02734375
2 0.9578125 0.2015625 0.05859375 0.02734375
2 0.12421875 0.2484375 0.01484375 0.025
2 0.10703125 0.24921875 0.01640625 0.02421875
2 0.28046875 0.2875 0.06875 0.0171875
2 0.85859375 0.2875 0.0671875 0.0171875
2 0.196875 0.28984375 0.065625 0.0171875
2 0.3640625 0.28984375 0.065625 0.0171875
2 0.446875 0.28984375 0.0640625 0.0171875
2 0.53046875 0.28984375 0.0640625 0.0171875
2 0.6125 0.28984375 0.06328125 0.0171875
2 0.69453125 0.28984375 0.06328125 0.0171875
2 0.7765625 0.28984375 0.06328125 0.0171875
2 0.940625 0.28984375 0.06328125 0.0171875
2 0.28046875 0.30390625 0.06875 0.0171875
2 0.85859375 0.30390625 0.0671875 0.0171875
2 0.196875 0.315625 0.06953125 0.0171875
2 0.3640625 0.315625 0.06953125 0.0171875
2 0.446875 0.315625 0.06875 0.0171875
2 0.53046875 0.315625 0.06875 0.0171875
2 0.6125 0.315625 0.0671875 0.0171875
2 0.69453125 0.315625 0.0671875 0.0171875
2 0.7765625 0.315625 0.0671875 0.0171875
2 0.940625 0.315625 0.0671875 0.0171875
2 0.28046875 0.32109375 0.06875 0.0171875
2 0.85859375 0.32109375 0.0671875 0.0171875
2 0.196875 0.3328125 0.06953125 0.0171875
2 0.3640625 0.3328125 0.06953125 0.0171875
2 0.446875 0.3328125 0.06875 0.0171875
2 0.53046875 0.3328125 0.06875 0.0171875
2 0.6125 0.3328125 0.0671875 0.0171875
2 0.69453125 0.3328125 0.0671875 0.0171875
2 0.7765625 0.3328125 0.0671875 0.0171875
2 0.940625 0.3328125 0.0671875 0.0171875
2 0.28046875 0.3375 0.06875 0.0171875
2 0.85859375 0.3375 0.0671875 0.0171875
2 0.196875 0.35 0.06953125 0.0171875
2 0.3640625 0.35 0.06953125 0.0171875
2 0.446875 0.35 0.06875 0.0171875
2 0.53046875 0.35 0.06875 0.0171875
2 0.6125 0.35 0.0671875 0.0171875
2 0.69453125 0.35 0.0671875 0.0171875
2 0.7765625 0.35 0.0671875 0.0171875
2 0.940625 0.35 0.0671875 0.0171875
2 0.28046875 0.3546875 0.06875 0.0171875
2 0.85859375 0.3546875 0.0671875 0.0171875
2 0.196875 0.36640625 0.06953125 0.0171875
2 0.446875 0.36640625 0.06875 0.0171875
2 0.53046875 0.36640625 0.06875 0.0171875
2 0.6125 0.36640625 0.0671875 0.0171875
2 0.69453125 0.36640625 0.0671875 0.0171875
2 0.7765625 0.36640625 0.0671875 0.0171875
2 0.940625 0.36640625 0.0671875 0.0171875
2 0.28046875 0.371875 0.06875 0.0171875
2 0.85859375 0.371875 0.0671875 0.0171875
2 0.3640625 0.375 0.06953125 0.03359375
2 0.196875 0.38359375 0.06953125 0.0171875
2 0.53046875 0.38359375 0.06875 0.0171875
2 0.69453125 0.38359375 0.0671875 0.0171875
2 0.7765625 0.38359375 0.0671875 0.0171875
2 0.940625 0.38359375 0.0671875 0.0171875
2 0.28046875 0.3890625 0.06875 0.0171875
2 0.85859375 0.3890625 0.0671875 0.0171875
2 0.196875 0.4 0.06953125 0.0171875
2 0.3640625 0.4 0.06953125 0.0171875
2 0.69453125 0.4 0.0671875 0.0171875
2 0.7765625 0.4 0.0671875 0.0171875
2 0.446875 0.4046875 0.0640625 0.0171875
2 0.28046875 0.40546875 0.06875 0.0171875
2 0.85859375 0.40546875 0.0671875 0.0171875
2 0.071875 0.41015625 0.10234375 0.0875
2 0.196875 0.4171875 0.06953125 0.0171875
2 0.3640625 0.4171875 0.06953125 0.0171875
2 0.69453125 0.4171875 0.0671875 0.0171875
2 0.7765625 0.4171875 0.0671875 0.0171875
2 0.85859375 0.42265625 0.0671875 0.0171875
2 0.446875 0.43046875 0.06875 0.0171875
2 0.196875 0.434375 0.06953125 0.0171875
2 0.69453125 0.434375 0.0671875 0.0171875
2 0.7765625 0.434375 0.0671875 0.0171875
2 0.85859375 0.4390625 0.0671875 0.0171875
2 0.196875 0.4515625 0.06953125 0.0171875
2 0.7765625 0.4515625 0.0671875 0.0171875
2 0.85859375 0.45625 0.0671875 0.0171875
2 0.196875 0.46796875 0.06953125 0.0171875
2 0.7765625 0.46796875 0.0671875 0.0171875
2 0.07265625 0.509375 0.103125 0.084375
2 0.07265625 0.609375 0.103125 0.09140625
2 0.97734375 0.6546875 0.015625 0.021875
2 0.85390625 0.0671875 0.01484375 0.01953125
2 0.83828125 0.0671875 0.015625 0.02109375
2 0.071875 0.71171875 0.1015625 0.0890625
2 0.93671875 0.75390625 0.1 0.04140625
2 0.0734375 0.8125 0.103125 0.08828125
2 0.0734375 0.915625 0.10234375 0.08671875
2 0.93671875 0.94140625 0.1 0.04140625
2 0.93671875 0.9828125 0.1 0.0296875
2 0.07265625 0.98984375 0.1015625 0.01953125
2 0.07265625 0.10625 0.1171875 0.2125
2 0.81015625 0.1171875 0.0453125 0.06328125