2 0.2546875 0.215625 0.134375 0.16171875
2 0.6171875 0.2671875 0.03671875 0.06640625
2 0.6171875 0.34765625 0.03671875 0.06640625
2 0.6171875 0.4265625 0.03671875 0.06640625
2 0.72890625 0.5171875 0.15625 0.23515625
2 0.48359375 0.05859375 0.303125 0.11640625
2 0.35703125 0.584375 0.0203125 0.0375
2 0.603125 0.5875 0.02890625 0.059375
2 0.56171875 0.58828125 0.03671875 0.06015625
2 0.484375 0.69765625 0.03515625 0.04453125
2 0.48359375 0.6984375 0.2875 0.28984375
6 0.72890625 0.76953125 0.15625 0.03515625
2 0.25546875 0.77734375 0.0453125 0.03515625
2 0.671875 0.82109375 0.04140625 0.03515625
6 0.21171875 0.8859375 0.00703125 0.0125
6 0.21171875 0.921875 0.00703125 0.0125
2 0.7296875 0.9609375 0.15703125 0.078125
2 0.2546875 0.9671875 0.02578125 0.015625
2 0.72890625 0.98359375 0.115625 0.0328125