2 0.7609375 0.2390625 0.0984375 0.04296875
2 0.9265625 0.0296875 0.06953125 0.040625
2 0.0828125 0.0890625 0.0890625 0.053125
2 0.2640625 0.0890625 0.0796875 0.053125
2 0.4640625 0.0890625 0.125 0.053125
2 0.66328125 0.0890625 0.0796875 0.053125
2 0.83984375 0.0890625 0.0796875 0.053125
2 0.2078125 0.41015625 0.33671875 0.25234375
2 0.40390625 0.396875 0.03359375 0.021875
2 0.2078125 0.71484375 0.33671875 0.25234375
2 0.4078125 0.7328125 0.04296875 0.021875
2 0.2078125 0.94609375 0.3390625 0.10546875
2 0.73203125 0.334375 0.1390625 0.10078125
2 0.83671875 0.35234375 0.05078125 0.021875
2 0.73203125 0.48203125 0.1390625 0.103125
2 0.8609375 0.4984375 0.0984375 0.021875
2 0.73203125 0.6296875 0.1390625 0.103125
2 0.8453125 0.646875 0.0671875 0.021875
2 0.73203125 0.9671875 0.1390625 0.06015625
2 0.85703125 0.99609375 0.09140625 0.00234375