2 0.72890625 0.5171875 0.16640625 0.28515625
2 0.79765625 0.73046875 0.01640625 0.03046875
2 0.72421875 0.73125 0.0171875 0.0296875
2 0.7421875 0.73125 0.01640625 0.0296875
2 0.77890625 0.73125 0.0171875 0.03203125
2 0.7609375 0.73203125 0.01640625 0.028125
2 0.7953125 0.78515625 0.01015625 0.0265625
6 0.684375 0.78515625 0.23203125 0.03203125
2 0.26953125 0.846875 0.14296875 0.03671875
2 0.4234375 0.846875 0.14296875 0.03671875
2 0.5765625 0.846875 0.14296875 0.03671875
2 0.73046875 0.846875 0.14296875 0.03671875