2 0.5359375 0.19453125 0.0578125 0.10390625
2 0.5359375 0.31875 0.0578125 0.10390625
2 0.5359375 0.4421875 0.0578125 0.10390625
2 0.73359375 0.578125 0.01484375 0.0265625
2 0.71796875 0.578125 0.01484375 0.02578125
2 0.75078125 0.57890625 0.015625 0.025
2 0.76796875 0.57890625 0.01484375 0.02734375
2 0.7015625 0.5796875 0.015625 0.0265625
6 0.66640625 0.628125 0.20859375 0.028125
2 0.765625 0.628125 0.01015625 0.02421875
2 0.29296875 0.68359375 0.1296875 0.03359375
2 0.43125 0.68359375 0.1296875 0.03359375
2 0.56953125 0.68359375 0.1296875 0.03359375
2 0.7078125 0.68359375 0.1296875 0.03359375
2 0.5359375 0.07109375 0.0578125 0.10390625
2 0.359375 0.11640625 0.28125 0.23203125