2 0.5 0.1484375 0.1515625 0.06875
2 0.6546875 0.16796875 0.03125 0.05625
2 0.6171875 0.16875 0.03046875 0.05546875
2 0.69296875 0.16875 0.0296875 0.05625
2 0.73125 0.1703125 0.0296875 0.05703125
2 0.32578125 0.2125 0.1515625 0.196875
2 0.5 0.22890625 0.15078125 0.0578125
2 0.25859375 0.30390625 0.01796875 0.0140625
2 0.5 0.31328125 0.1515625 0.06875
6 0.67421875 0.3359375 0.1515625 0.028125
2 0.61953125 0.3625 0.04140625 0.0265625
2 0.39765625 0.37578125 0.0078125 0.0140625
2 0.49921875 0.39375 0.15078125 0.0578125
2 0.3546875 0.72578125 0.26796875 0.253125
2 0.6453125 0.72578125 0.26796875 0.253125
2 0.27265625 0.0796875 0.046875 0.02890625
2 0.3546875 0.865625 0.26796875 0.0265625
2 0.6453125 0.865625 0.26796875 0.0265625