2 0.890625 0.0609375 0.12734375 0.0484375
2 0.12890625 0.25625 0.19453125 0.0796875
6 0.6625 0.25625 0.07421875 0.0796875
2 0.71875 0.25625 0.040625 0.0796875
2 0.76171875 0.25625 0.0265625 0.03125
2 0.88359375 0.25625 0.1734375 0.0484375
2 0.125 0.34765625 0.1109375 0.053125
2 0.29921875 0.34765625 0.146875 0.053125
2 0.4734375 0.34765625 0.10546875 0.053125
2 0.61796875 0.34765625 0.09140625 0.053125
2 0.7546875 0.34765625 0.09140625 0.053125
2 0.8890625 0.34765625 0.084375 0.053125
2 0.1421875 0.16328125 0.28359375 0.08203125
2 0.4375 0.16328125 0.31015625 0.0796875
2 0.74765625 0.16328125 0.31015625 0.0796875
2 0.95078125 0.16484375 0.09609375 0.0796875
2 0.5 0.41015625 0.9375 0.0625
2 0.30546875 0.6078125 0.51953125 0.271875
2 0.13359375 0.77421875 0.17578125 0.021875
2 0.30546875 0.82109375 0.51953125 0.06953125
2 0.30546875 0.9046875 0.51953125 0.06953125
2 0.30546875 0.97578125 0.51953125 0.04296875