2 0.884375 0.01796875 0.12890625 0.03515625
2 0.8078125 0.24921875 0.06953125 0.125
2 0.8828125 0.24921875 0.06953125 0.125
2 0.9578125 0.25 0.06953125 0.12734375
2 0.8078125 0.38515625 0.06953125 0.125
2 0.8828125 0.38515625 0.06953125 0.125
2 0.9578125 0.38671875 0.06953125 0.125
2 0.9578125 0.5203125 0.0703125 0.1234375
2 0.8078125 0.52109375 0.06953125 0.125
2 0.88359375 0.52109375 0.06953125 0.125
2 0.8828125 0.63203125 0.0984375 0.0390625
2 0.84140625 0.78125 0.05859375 0.0578125
2 0.91015625 0.91640625 0.0234375 0.03359375
2 0.81796875 0.91640625 0.0234375 0.0328125
2 0.8484375 0.9171875 0.0234375 0.03359375
2 0.8796875 0.9171875 0.0234375 0.03515625
2 0.82734375 0.97109375 0.07265625 0.03984375
6 0.71328125 0.97109375 0.153125 0.040625