2 0.5 0.16484375 0.51953125 0.3296875
6 0.715625 0.425 0.08828125 0.0265625
6 0.715625 0.46015625 0.08828125 0.0265625
2 0.734375 0.4890625 0.02109375 0.02109375
6 0.715625 0.609375 0.08828125 0.0265625
6 0.715625 0.64453125 0.08828125 0.0265625
2 0.734375 0.67421875 0.02109375 0.02109375
2 0.30390625 0.82578125 0.11484375 0.15078125
2 0.43125 0.82578125 0.11484375 0.15078125
2 0.559375 0.82578125 0.11484375 0.15078125
2 0.6875 0.82578125 0.11484375 0.15078125
2 0.67734375 0.98203125 0.02578125 0.01796875
6 0.590625 0.98671875 0.128125 0.0265625