2 0.27265625 0.18671875 0.13046875 0.19375
2 0.68828125 0.2046875 0.2234375 0.17890625
2 0.7828125 0.0234375 0.00859375 0.0140625
6 0.746875 0.025 0.0859375 0.0359375
6 0.271875 0.31875 0.1171875 0.04140625
2 0.425 0.45390625 0.13125 0.12109375
2 0.575 0.45390625 0.13125 0.12109375
2 0.725 0.45390625 0.13125 0.12109375
2 0.27578125 0.49140625 0.13125 0.06015625
2 0.7234375 0.75703125 0.115625 0.0453125
2 0.7234375 0.809375 0.115625 0.03359375
2 0.784375 0.08359375 0.0078125 0.0140625
2 0.584375 0.9609375 0.0078125 0.0140625