2 0.27578125 0.15625 0.0421875 0.021875
2 0.2234375 0.15703125 0.0453125 0.02109375
6 0.3421875 0.1578125 0.02421875 0.02265625
2 0.31171875 0.1578125 0.03359375 0.0234375
2 0.27578125 0.55703125 0.0421875 0.021875
2 0.22421875 0.55703125 0.0453125 0.02109375
6 0.3421875 0.5578125 0.02421875 0.02265625
2 0.31171875 0.5578125 0.034375 0.02421875
6 0.35 0.91328125 0.02421875 0.02265625
2 0.22734375 0.9140625 0.0515625 0.021875
2 0.2828125 0.9140625 0.04296875 0.021875
2 0.31953125 0.9140625 0.0359375 0.02421875