2 0.1 0.184375 0.07265625 0.18828125
2 0.78828125 0.2171875 0.109375 0.2359375
2 0.9171875 0.26640625 0.025 0.06640625
2 0.9375 0.26640625 0.01484375 0.06640625
2 0.1 0.45390625 0.08125 0.18828125
2 0.525 0.52578125 0.01796875 0.03203125
2 0.525 0.5359375 0.2234375 0.31796875
2 0.4171875 0.684375 0.00625 0.01484375
2 0.628125 0.6859375 0.01484375 0.015625
2 0.1 0.71953125 0.07265625 0.18828125
2 0.2453125 0.88203125 0.0828125 0.11796875
2 0.1 0.940625 0.06796875 0.11875
6 0.925 0.11171875 0.05546875 0.01953125
2 0.925 0.13125 0.03125 0.01953125