2 0.5 0.2921875 0.43984375 0.25390625
6 0.68125 0.03359375 0.07890625 0.0265625
2 0.71328125 0.03359375 0.0125 0.0203125
2 0.2890625 0.4390625 0.01015625 0.01953125
2 0.303125 0.4390625 0.01015625 0.01953125
2 0.3171875 0.4390625 0.01015625 0.01953125
2 0.33125 0.4390625 0.01015625 0.01953125
2 0.42109375 0.0484375 0.28203125 0.09609375
2 0.7140625 0.8609375 0.0109375 0.01953125
2 0.4203125 0.115625 0.04140625 0.02578125
2 0.47109375 0.115625 0.06015625 0.02578125
2 0.534375 0.115625 0.06875 0.02578125
2 0.59375 0.115625 0.05 0.02578125
2 0.64375 0.115625 0.05 0.02578125
2 0.69375 0.115625 0.05234375 0.02578125