2 0.84453125 0.0140625 0.0203125 0.02421875
2 0.86875 0.0140625 0.02109375 0.02421875
2 0.890625 0.0140625 0.0203125 0.02421875
2 0.9140625 0.0140625 0.0203125 0.02421875
2 0.209375 0.01796875 0.06875 0.0359375
2 0.27578125 0.01796875 0.0609375 0.0359375
2 0.33125 0.01796875 0.046875 0.0359375
2 0.7875 0.19375 0.14609375 0.05234375
2 0.2125 0.19375 0.07265625 0.05234375
2 0.28515625 0.19375 0.07265625 0.05234375
2 0.34765625 0.19375 0.05078125 0.05234375
2 0.4375 0.19375 0.12890625 0.05234375
2 0.57109375 0.19375 0.13671875 0.05234375
2 0.6765625 0.19375 0.0734375 0.05234375
2 0.21640625 0.24921875 0.06875 0.0375
6 0.8546875 0.25078125 0.1265625 0.0390625
2 0.7828125 0.43671875 0.190625 0.240625
2 0.42109375 0.565625 0.4921875 0.5
2 0.7234375 0.85234375 0.0734375 0.06171875
2 0.72421875 0.9671875 0.0765625 0.065625
2 0.21015625 0.99453125 0.0734375 0.0109375