6 0.6609375 0.21796875 0.26953125 0.0296875
6 0.52890625 0.28984375 0.00546875 0.0109375
6 0.52890625 0.3140625 0.00625 0.01171875
2 0.28828125 0.32734375 0.0125 0.01796875
2 0.3140625 0.32734375 0.01328125 0.02421875
2 0.3390625 0.32734375 0.01328125 0.02421875
2 0.36484375 0.32734375 0.01328125 0.02421875
2 0.390625 0.32734375 0.01171875 0.02265625
2 0.36484375 0.36953125 0.01015625 0.02421875
2 0.28828125 0.3734375 0.01328125 0.0171875
2 0.3140625 0.3734375 0.01328125 0.02421875
2 0.3390625 0.3734375 0.0125 0.02265625
2 0.390625 0.3734375 0.01015625 0.01953125
6 0.52890625 0.396875 0.00546875 0.01015625
2 0.6609375 0.1109375 0.01953125 0.0171875