2 0.0765625 0.26328125 0.0828125 0.14921875
2 0.07265625 0.028125 0.084375 0.0421875
2 0.825 0.284375 0.08671875 0.08046875
2 0.9109375 0.284375 0.08515625 0.08046875
2 0.190625 0.284375 0.08828125 0.08046875
2 0.29921875 0.284375 0.12734375 0.1140625
2 0.409375 0.284375 0.09296875 0.08046875
2 0.50078125 0.284375 0.0875 0.08046875
2 0.6 0.284375 0.1109375 0.08046875
2 0.71875 0.284375 0.1234375 0.1140625
2 0.16796875 0.03046875 0.0796875 0.03671875
6 0.925 0.03359375 0.13828125 0.0234375
2 0.7984375 0.06875 0.00859375 0.01484375
2 0.54921875 0.91796875 0.2203125 0.1390625
2 0.7828125 0.91875 0.22109375 0.13828125
2 0.3171875 0.91875 0.2203125 0.13828125
2 0.90546875 0.9203125 0.0171875 0.0296875
2 0.19375 0.92109375 0.0171875 0.03125
2 0.52265625 0.10625 0.55859375 0.09140625
2 0.75078125 0.11875 0.08125 0.0359375