2 0.3265625 0.040625 0.01171875 0.02109375
2 0.34375 0.040625 0.01171875 0.02109375
2 0.3609375 0.040625 0.01171875 0.02109375
2 0.37734375 0.040625 0.01171875 0.02109375
2 0.39375 0.040625 0.01171875 0.02109375
2 0.465625 0.040625 0.01171875 0.02109375
2 0.4828125 0.040625 0.01171875 0.02109375
2 0.49921875 0.040625 0.01171875 0.02109375
2 0.51640625 0.040625 0.01171875 0.02109375
2 0.5328125 0.040625 0.01171875 0.02109375
2 0.603125 0.040625 0.01171875 0.02109375
2 0.62109375 0.040625 0.01171875 0.02109375
2 0.6375 0.040625 0.01171875 0.02109375
2 0.6546875 0.040625 0.01171875 0.02109375
2 0.671875 0.040625 0.01171875 0.02109375
6 0.5015625 0.528125 0.30546875 0.0265625
6 0.5015625 0.56015625 0.30546875 0.0265625
6 0.5015625 0.5921875 0.30546875 0.0265625
6 0.5015625 0.671875 0.30625 0.12578125
2 0.6421875 0.75703125 0.02421875 0.03125