2 0.1046875 0.0765625 0.165625 0.021875
6 0.61796875 0.05859375 0.146875 0.03125
6 0.81953125 0.05859375 0.146875 0.03125
6 0.9421875 0.06015625 0.0578125 0.02421875
6 0.6828125 0.2875 0.18984375 0.05078125
6 0.88203125 0.2875 0.18984375 0.05078125
6 0.7828125 0.35078125 0.3890625 0.05078125
6 0.7828125 0.41484375 0.3890625 0.05078125
6 0.6140625 0.51953125 0.053125 0.03828125
6 0.6734375 0.51953125 0.0671875 0.03828125
6 0.73671875 0.51953125 0.06015625 0.03828125
2 0.78359375 0.5203125 0.0171875 0.0265625
6 0.603125 0.6046875 0.01171875 0.0171875
6 0.71015625 0.6046875 0.01171875 0.0171875
6 0.8171875 0.6046875 0.0140625 0.0171875
2 0.90625 0.609375 0.0171875 0.0265625
2 0.6828125 0.7671875 0.18984375 0.053125
2 0.7140625 0.96484375 0.03125 0.0265625