6 0.6828125 0.2875 0.1890625 0.05078125
6 0.8828125 0.2875 0.1890625 0.05078125
6 0.7828125 0.35078125 0.38984375 0.05078125
6 0.7828125 0.41484375 0.38984375 0.05078125
6 0.6140625 0.51953125 0.0515625 0.0390625
6 0.6734375 0.51953125 0.0671875 0.0390625
6 0.73671875 0.51953125 0.059375 0.0390625
2 0.784375 0.52109375 0.015625 0.02578125
2 0.10625 0.05859375 0.16953125 0.05703125
6 0.61796875 0.059375 0.146875 0.0296875
6 0.8203125 0.059375 0.146875 0.0296875
2 0.9421875 0.06015625 0.0703125 0.0296875
6 0.603125 0.6046875 0.0125 0.0171875
6 0.71015625 0.6046875 0.0140625 0.0171875
6 0.8171875 0.6046875 0.0140625 0.0171875
2 0.90703125 0.609375 0.01640625 0.02578125
2 0.6828125 0.7671875 0.1890625 0.05234375
2 0.71328125 0.96484375 0.03046875 0.02578125