6 0.84375 0.27890625 0.28125 0.0625
6 0.7921875 0.35703125 0.17890625 0.0625
2 0.9328125 0.3578125 0.1046875 0.06484375
2 0.171875 0.04140625 0.0859375 0.05234375
6 0.315625 0.04140625 0.203125 0.05234375
6 0.55 0.04140625 0.203125 0.05234375
2 0.05625 0.04140625 0.08203125 0.02890625
2 0.70234375 0.04140625 0.03984375 0.05234375
2 0.81484375 0.04140625 0.12421875 0.04140625
2 0.934375 0.04140625 0.10078125 0.04140625
2 0.91953125 0.44296875 0.1296875 0.0625
6 0.21484375 0.48203125 0.3984375 0.0625
2 0.21484375 0.48203125 0.3984375 0.0625
6 0.21484375 0.56015625 0.3984375 0.0625
2 0.21484375 0.56015625 0.3984375 0.0625
2 0.21484375 0.7328125 0.3984375 0.07265625
2 0.97265625 0.125 0.046875 0.0625