2 0.05625 0.0421875 0.08203125 0.02890625
2 0.171875 0.0421875 0.08671875 0.053125
6 0.31484375 0.0421875 0.2046875 0.053125
6 0.54921875 0.0421875 0.2046875 0.053125
2 0.703125 0.0421875 0.040625 0.053125
2 0.81484375 0.0421875 0.125 0.04296875
2 0.93359375 0.0421875 0.10078125 0.04296875
6 0.84375 0.27890625 0.28125 0.0625
6 0.7921875 0.35703125 0.18046875 0.0625
2 0.9328125 0.3578125 0.10546875 0.06484375
2 0.775 0.4421875 0.14453125 0.053125
2 0.91953125 0.4421875 0.1296875 0.0625
2 0.97265625 0.125 0.0484375 0.0625
6 0.21484375 0.48203125 0.39921875 0.0625
6 0.21484375 0.56015625 0.39921875 0.0625
2 0.21484375 0.7328125 0.39921875 0.07421875