2 0.66796875 0.02109375 0.01015625 0.021875
2 0.6796875 0.02109375 0.0109375 0.021875
2 0.6921875 0.02109375 0.0109375 0.021875
6 0.6421875 0.05234375 0.07890625 0.021875
2 0.690625 0.053125 0.01484375 0.02421875
2 0.40546875 0.65078125 0.18515625 0.275
2 0.59375 0.6515625 0.1828125 0.2765625
2 0.3171875 0.09375 0.03046875 0.0390625
2 0.35 0.09375 0.034375 0.0390625
2 0.39140625 0.09375 0.046875 0.0390625
2 0.4453125 0.09375 0.0609375 0.0390625
2 0.496875 0.09375 0.0421875 0.0390625
2 0.54375 0.09375 0.0515625 0.0390625
2 0.58515625 0.09375 0.03046875 0.0390625
2 0.61875 0.09375 0.03671875 0.0390625