6 0.57109375 0.18125 0.15859375 0.04765625
6 0.74921875 0.18125 0.15859375 0.04765625
2 0.1546875 0.24453125 0.0265625 0.04765625
6 0.659375 0.2625 0.33515625 0.05078125
6 0.571875 0.3421875 0.15859375 0.04765625
6 0.74921875 0.3421875 0.15859375 0.04765625
2 0.1546875 0.36875 0.0265625 0.04765625
6 0.57265625 0.4234375 0.15859375 0.04765625
6 0.74765625 0.425 0.15859375 0.04765625
2 0.66015625 0.5171875 0.11484375 0.04765625
2 0.4703125 0.95546875 0.23125 0.0890625
2 0.71328125 0.95546875 0.2296875 0.0890625
2 0.22734375 0.95546875 0.2296875 0.0890625
6 0.57109375 0.10078125 0.15859375 0.04765625
6 0.74921875 0.10078125 0.15859375 0.04765625
2 0.15703125 0.1234375 0.0265625 0.04765625
2 0.15703125 0.0125 0.0265625 0.025