2 0.08046875 0.04453125 0.03828125 0.0578125
6 0.40390625 0.04296875 0.5890625 0.0359375
2 0.6609375 0.04296875 0.06953125 0.03359375
2 0.7671875 0.04296875 0.084375 0.0859375
2 0.846875 0.04296875 0.075 0.0859375
2 0.0890625 0.1078125 0.09609375 0.03828125
2 0.18515625 0.1078125 0.09609375 0.03828125
2 0.2796875 0.1078125 0.09140625 0.03828125
2 0.37109375 0.1078125 0.09140625 0.03828125
2 0.453125 0.1078125 0.07421875 0.03828125
2 0.53828125 0.1078125 0.0984375 0.03828125
2 0.2328125 0.3171875 0.375 0.21640625
2 0.1765625 0.4625 0.15859375 0.05078125
2 0.3171875 0.4625 0.103125 0.05078125
2 0.25 0.603125 0.5 0.05546875
2 0.75 0.603125 0.5 0.0578125
2 0.10546875 0.83984375 0.12734375 0.18046875
2 0.26328125 0.83984375 0.1296875 0.18046875
2 0.421875 0.84609375 0.15859375 0.1921875
2 0.5796875 0.83984375 0.12734375 0.18046875
2 0.73671875 0.83984375 0.1296875 0.18046875
2 0.8953125 0.84609375 0.15859375 0.1921875
2 0.9859375 0.3109375 0.0265625 0.03828125