2 0.83671875 0.025 0.009375 0.0171875
2 0.8703125 0.025 0.009375 0.0171875
2 0.8859375 0.025 0.01015625 0.0171875
2 0.90390625 0.025 0.0109375 0.01953125
2 0.81328125 0.025 0.009375 0.0171875
2 0.8546875 0.025 0.01015625 0.01796875
2 0.9546875 0.02578125 0.078125 0.03203125
2 0.221875 0.4875 0.078125 0.04375
2 0.03984375 0.05 0.065625 0.0875
2 0.45 0.73046875 0.07578125 0.04375
2 0.1953125 0.89609375 0.01171875 0.02109375
6 0.253125 0.89609375 0.140625 0.0453125
2 0.540625 0.90390625 0.3453125 0.19140625
2 0.26640625 0.96875 0.1703125 0.0578125