2 0.49609375 0.2765625 0.3625 0.08828125
2 0.9703125 0.03359375 0.028125 0.05390625
2 0.9125 0.0375 0.025 0.04921875
2 0.49609375 0.3671875 0.36171875 0.090625
6 0.41015625 0.83359375 0.484375 0.0359375
6 0.409375 0.88984375 0.48359375 0.0359375
2 0.725 0.890625 0.10703125 0.0484375
2 0.8328125 0.9578125 0.0953125 0.053125
2 0.9359375 0.96015625 0.09375 0.04921875
6 0.475 0.10625 0.2015625 0.03828125
2 0.984375 0.10625 0.0140625 0.040625
6 0.8375 0.10703125 0.3109375 0.0453125
2 0.965625 0.10703125 0.021875 0.0390625
2 0.59765625 0.1078125 0.02578125 0.05234375
2 0.62890625 0.1078125 0.0265625 0.0484375
2 0.49609375 0.1890625 0.3640625 0.0828125