2 0.30859375 0.03046875 0.1015625 0.0609375
2 0.1140625 0.03125 0.18046875 0.04140625
2 0.40078125 0.03125 0.0609375 0.0625
2 0.48203125 0.03125 0.06953125 0.0625
6 0.68671875 0.03125 0.1953125 0.046875
2 0.8546875 0.03125 0.11015625 0.046875
2 0.9546875 0.03125 0.05859375 0.046875
2 0.1 0.4625 0.121875 0.046875
2 0.1453125 0.740625 0.0625 0.05703125
2 0.38203125 0.740625 0.0625 0.09375
2 0.61796875 0.740625 0.0625 0.09375
2 0.8546875 0.740625 0.0625 0.09375
2 0.1453125 0.94921875 0.0625 0.09375
2 0.38203125 0.94921875 0.0625 0.09375
2 0.61796875 0.94921875 0.0625 0.09375
2 0.8546875 0.94921875 0.0625 0.09375