2 0.94921875 0.0421875 0.07890625 0.05078125
2 0.228125 0.428125 0.21484375 0.0640625
2 0.509375 0.428125 0.2703125 0.0640625
2 0.78046875 0.428125 0.19609375 0.0640625
2 0.11328125 0.04453125 0.1953125 0.05703125
2 0.3109375 0.04453125 0.11875 0.06796875
2 0.44609375 0.04453125 0.153125 0.06796875
2 0.5671875 0.04453125 0.0921875 0.06796875
6 0.7546875 0.04453125 0.24375 0.05078125
6 0.83671875 0.759375 0.16328125 0.0453125
2 0.17265625 0.77265625 0.296875 0.32421875
2 0.83671875 0.834375 0.16328125 0.05234375
2 0.21015625 0.89375 0.1984375 0.05078125