2 0.1140625 0.03125 0.18046875 0.04296875
6 0.6859375 0.03125 0.19453125 0.0484375
2 0.8546875 0.03125 0.1109375 0.0484375
2 0.95546875 0.03125 0.06015625 0.0484375
2 0.1 0.4625 0.12265625 0.0484375
2 0.1453125 0.740625 0.0625 0.0578125
2 0.38203125 0.740625 0.0625 0.09375
2 0.61796875 0.740625 0.0625 0.09375
2 0.8546875 0.740625 0.0625 0.09375
2 0.1453125 0.94921875 0.0625 0.09375
2 0.38203125 0.94921875 0.0625 0.09375
2 0.61796875 0.94921875 0.0625 0.09375
2 0.8546875 0.94921875 0.0625 0.09375