2 0.11328125 0.04453125 0.19453125 0.0578125
2 0.31015625 0.04453125 0.11796875 0.0671875
2 0.44609375 0.04453125 0.15390625 0.0671875
2 0.5671875 0.04453125 0.09140625 0.0671875
6 0.7671875 0.04453125 0.19921875 0.0359375
2 0.228125 0.428125 0.21640625 0.0625
2 0.509375 0.428125 0.271875 0.0625
2 0.78125 0.428125 0.196875 0.0625
2 0.1734375 0.77265625 0.2984375 0.32421875
2 0.21015625 0.89453125 0.19921875 0.05078125
6 0.83671875 0.759375 0.16328125 0.0453125
2 0.83671875 0.834375 0.16328125 0.053125