2 0.0828125 0.03828125 0.146875 0.06484375
2 0.89765625 0.0265625 0.02421875 0.040625
2 0.9375 0.0265625 0.02421875 0.040625
2 0.978125 0.0265625 0.02421875 0.040625
6 0.9578125 0.1046875 0.06484375 0.03828125
2 0.0328125 0.63203125 0.0265625 0.02890625
2 0.05859375 0.63203125 0.0265625 0.02890625
2 0.08515625 0.63203125 0.0265625 0.02890625
2 0.11171875 0.63203125 0.0265625 0.02890625
2 0.13828125 0.63203125 0.0265625 0.02890625
2 0.16484375 0.63203125 0.0265625 0.02890625
2 0.19140625 0.63203125 0.0265625 0.02890625
2 0.2171875 0.63203125 0.0265625 0.02890625
2 0.24375 0.63203125 0.0265625 0.02890625
2 0.2703125 0.63203125 0.0265625 0.02890625
2 0.296875 0.63203125 0.0265625 0.02890625
2 0.3234375 0.63203125 0.0265625 0.02890625