2 0.978125 0.02265625 0.02421875 0.0328125
2 0.8984375 0.02265625 0.02578125 0.0328125
2 0.93828125 0.0234375 0.025 0.03359375
2 0.0828125 0.0390625 0.146875 0.06484375
2 0.11171875 0.6328125 0.0265625 0.02890625
2 0.13828125 0.6328125 0.0265625 0.02890625
2 0.16484375 0.6328125 0.0265625 0.02890625
2 0.190625 0.6328125 0.0265625 0.02890625
2 0.2171875 0.6328125 0.0265625 0.02890625
2 0.24375 0.6328125 0.0265625 0.02890625
2 0.2703125 0.6328125 0.0265625 0.02890625
2 0.29609375 0.6328125 0.0265625 0.02890625
2 0.0328125 0.6328125 0.0265625 0.02890625
2 0.32265625 0.6328125 0.0265625 0.02890625
2 0.059375 0.6328125 0.0265625 0.02890625
2 0.08515625 0.6328125 0.0265625 0.02890625
2 0.040625 0.10390625 0.07265625 0.04921875
6 0.9578125 0.10390625 0.0640625 0.0390625