2 0.76328125 0.2234375 0.0875 0.03671875
2 0.7859375 0.03359375 0.04296875 0.028125
2 0.2890625 0.03359375 0.1921875 0.0671875
2 0.6953125 0.3375 0.01875 0.03359375
2 0.6953125 0.42734375 0.01875 0.03359375
2 0.6953125 0.509375 0.01875 0.03359375
2 0.6953125 0.5875 0.01875 0.03359375
2 0.6953125 0.6921875 0.01875 0.03359375
2 0.6953125 0.8453125 0.01875 0.03359375
2 0.796875 0.0890625 0.0203125 0.0265625
2 0.2109375 0.0890625 0.0359375 0.04375
2 0.2609375 0.0890625 0.0625 0.04375
2 0.31171875 0.0890625 0.0390625 0.04375
2 0.34765625 0.0890625 0.03203125 0.04375
6 0.7359375 0.0890625 0.1015625 0.0265625
2 0.6953125 0.9265625 0.01875 0.03359375
2 0.20625 0.13125 0.0390625 0.0421875
2 0.25 0.13125 0.04765625 0.0421875
2 0.2890625 0.13125 0.03125 0.0421875
2 0.33125 0.13125 0.053125 0.0421875