2 0.13359375 0.1875 0.03203125 0.04140625
2 0.20859375 0.1875 0.1203125 0.04140625
2 0.3859375 0.18828125 0.190625 0.04140625
2 0.60234375 0.18828125 0.20390625 0.04140625
2 0.06484375 0.1890625 0.10078125 0.04296875
2 0.8546875 0.1890625 0.25703125 0.04296875
2 0.01796875 0.021875 0.0359375 0.04375
2 0.1328125 0.0234375 0.1953125 0.046875
2 0.32734375 0.0234375 0.19453125 0.046875
2 0.80625 0.0703125 0.08203125 0.12578125
6 0.590625 0.09609375 0.29375 0.05625
2 0.3796875 0.09609375 0.125 0.05859375
2 0.1890625 0.95234375 0.2578125 0.0953125
2 0.4703125 0.95234375 0.2578125 0.0953125
2 0.221875 0.09609375 0.19140625 0.05703125
2 0.71171875 0.096875 0.03828125 0.04453125