2 0.13203125 0.02421875 0.19453125 0.0484375
2 0.328125 0.02421875 0.19453125 0.0484375
2 0.22109375 0.09609375 0.18984375 0.0578125
6 0.5671875 0.09609375 0.2328125 0.0359375
2 0.80546875 0.05859375 0.0671875 0.084375
2 0.13359375 0.1875 0.03359375 0.04296875
2 0.02734375 0.18671875 0.0546875 0.0421875
2 0.1828125 0.1875 0.21640625 0.04296875
2 0.40625 0.1875 0.18984375 0.04296875
2 0.6234375 0.1875 0.20703125 0.04296875
2 0.87265625 0.1890625 0.25234375 0.04296875
2 0.640625 0.6734375 0.2546875 0.02421875
2 0.18984375 0.9515625 0.259375 0.09375
2 0.47109375 0.9515625 0.25703125 0.09375