2 0.5140625 0.178125 0.0078125 0.0140625
2 0.30859375 0.2015625 0.2109375 0.28515625
2 0.4640625 0.26171875 0.06953125 0.09453125
2 0.5140625 0.334375 0.0078125 0.0140625
2 0.4640625 0.41796875 0.06953125 0.09453125
2 0.5140625 0.48984375 0.0078125 0.0140625
2 0.20625 0.490625 0.0078125 0.0140625
2 0.68125 0.6765625 0.01875 0.03984375
6 0.7375 0.6765625 0.09453125 0.0390625
2 0.728125 0.7234375 0.1140625 0.0390625
2 0.2546875 0.9015625 0.10390625 0.196875
2 0.365625 0.9015625 0.10234375 0.196875
2 0.4765625 0.9015625 0.103125 0.196875
2 0.5890625 0.90234375 0.10234375 0.1953125
2 0.4640625 0.10625 0.06953125 0.09453125
2 0.728125 0.1390625 0.0578125 0.0390625