2 0.11640625 0.30546875 0.215625 0.059375
2 0.81484375 0.0328125 0.075 0.0625
2 0.8875 0.03359375 0.06875 0.06328125
2 0.1140625 0.03359375 0.03515625 0.06640625
2 0.025 0.034375 0.0484375 0.0625
2 0.07578125 0.034375 0.04609375 0.06640625
2 0.9625 0.034375 0.075 0.06640625
2 0.146875 0.034375 0.0296875 0.0625
2 0.36484375 0.33984375 0.16796875 0.21328125
2 0.54140625 0.33984375 0.16875 0.22109375
2 0.7203125 0.340625 0.17421875 0.22265625
2 0.1140625 0.3671875 0.21015625 0.05625
2 0.11328125 0.44921875 0.2078125 0.05859375
2 0.11484375 0.521875 0.2125 0.0546875
2 0.11484375 0.584375 0.21171875 0.05
2 0.23828125 0.60703125 0.0234375 0.3671875
2 0.115625 0.64140625 0.2109375 0.05703125
2 0.115625 0.6984375 0.20859375 0.05390625
2 0.11484375 0.75859375 0.21015625 0.05625
2 0.11484375 0.8203125 0.2109375 0.05703125
2 0.11484375 0.8796875 0.21328125 0.053125
2 0.2390625 0.93046875 0.025 0.0390625
2 0.1140625 0.93203125 0.20546875 0.04140625
2 0.93984375 0.975 0.03359375 0.04921875
2 0.975 0.975 0.03359375 0.04921875
2 0.134375 0.1015625 0.0890625 0.05625
2 0.0453125 0.10234375 0.0890625 0.05703125
2 0.94765625 0.10234375 0.02578125 0.04765625
2 0.22890625 0.103125 0.096875 0.05625
2 0.3234375 0.103125 0.08828125 0.05625
2 0.43203125 0.103125 0.1234375 0.05390625
2 0.98125 0.103125 0.03359375 0.04765625
2 0.0296875 0.1734375 0.03359375 0.0546875
6 0.4109375 0.1734375 0.48046875 0.053125
2 0.115625 0.17421875 0.02421875 0.05
2 0.6671875 0.17421875 0.03359375 0.053125
2 0.078125 0.17421875 0.034375 0.0546875
2 0.95703125 0.17421875 0.03125 0.03984375
2 0.15 0.17421875 0.03203125 0.0546875
2 0.6359375 0.175 0.02109375 0.03125
6 0.84296875 0.175 0.27578125 0.05390625
2 0.23828125 0.240625 0.02578125 0.034375
2 0.115625 0.24609375 0.21640625 0.05