2 0.896875 0.1765625 0.11875 0.0484375
2 0.85234375 0.265625 0.02890625 0.0140625
2 0.7234375 0.29140625 0.06875 0.18828125
2 0.70625 0.490625 0.10234375 0.11640625
2 0.609375 0.6734375 0.071875 0.23515625
2 0.9046875 0.70859375 0.06015625 0.1078125
2 0.37890625 0.77890625 0.07265625 0.17890625
2 0.49453125 0.80234375 0.13828125 0.2296875
2 0.8953125 0.890625 0.140625 0.21875
2 0.2625 0.93046875 0.14140625 0.1390625
2 0.9859375 0.01015625 0.01796875 0.01953125
2 0.884375 0.0109375 0.01875 0.021875
2 0.91015625 0.0109375 0.0171875 0.021875
2 0.934375 0.0109375 0.01875 0.021875
2 0.9609375 0.0109375 0.01875 0.021875
6 0.27734375 0.01171875 0.19609375 0.0234375
2 0.39921875 0.01171875 0.0328125 0.0234375