2 0.4734375 0.1484375 0.04375 0.05078125
2 0.2 0.14921875 0.021875 0.05078125
2 0.234375 0.14921875 0.0390625 0.05078125
2 0.278125 0.14921875 0.0421875 0.05078125
2 0.3296875 0.14921875 0.05390625 0.05078125
2 0.403125 0.14921875 0.08671875 0.05078125
2 0.553125 0.14921875 0.109375 0.05078125
2 0.63203125 0.14921875 0.04140625 0.05078125
2 0.6875 0.14921875 0.0625 0.05078125
2 0.7671875 0.14921875 0.0890625 0.05078125
2 0.6 0.22265625 0.015625 0.0265625
2 0.61796875 0.22265625 0.01484375 0.0265625
2 0.58203125 0.2234375 0.015625 0.0265625
2 0.63515625 0.2234375 0.0171875 0.0265625
2 0.7703125 0.03125 0.0578125 0.01796875
2 0.265625 0.06171875 0.14296875 0.06484375
2 0.9875 0.6375 0.025 0.04375
2 0.2296875 0.71328125 0.01328125 0.02421875
2 0.25390625 0.71328125 0.01328125 0.02421875
2 0.2765625 0.71328125 0.01328125 0.02421875
6 0.78203125 0.07734375 0.01171875 0.02109375
6 0.696875 0.07734375 0.2046875 0.04765625