2 0.584375 0.0359375 0.05234375 0.0453125
2 0.528125 0.0359375 0.0515625 0.04609375
6 0.7203125 0.0359375 0.096875 0.03515625
2 0.77890625 0.0359375 0.01953125 0.03515625
2 0.2515625 0.56640625 0.08125 0.04375
2 0.5 0.81796875 0.18203125 0.21875
2 0.69765625 0.81796875 0.18203125 0.21875
2 0.3015625 0.81875 0.18203125 0.21640625
2 0.26328125 0.11953125 0.10390625 0.07734375
2 0.525 0.11953125 0.05 0.08125
2 0.5859375 0.11953125 0.06953125 0.08125
2 0.659375 0.11953125 0.07890625 0.08125
2 0.7203125 0.11953125 0.04375 0.08125
2 0.765625 0.11953125 0.04609375 0.08125