2 0.86796875 0.04453125 0.103125 0.05078125
2 0.86796875 0.0453125 0.103125 0.053125
2 0.86875 0.09609375 0.08203125 0.0484375
6 0.6828125 0.3921875 0.24296875 0.03828125
6 0.6828125 0.4734375 0.24296875 0.03828125
2 0.77421875 0.52265625 0.0625 0.03359375
2 0.77421875 0.525 0.0625 0.0359375
2 0.6 0.5796875 0.08203125 0.021875
2 0.77421875 0.5796875 0.0625 0.021875
2 0.05390625 0.9328125 0.053125 0.021875
2 0.11171875 0.9328125 0.05078125 0.021875
2 0.165625 0.9328125 0.0453125 0.021875
2 0.2171875 0.9328125 0.0484375 0.021875
2 0.28359375 0.9328125 0.071875 0.021875
2 0.3640625 0.9328125 0.07421875 0.021875
2 0.42421875 0.9328125 0.03359375 0.021875
2 0.5015625 0.9328125 0.05546875 0.021875
2 0.20703125 0.9640625 0.0453125 0.021875
2 0.259375 0.9640625 0.040625 0.021875