2 0.05625 0.078125 0.1125 0.053125
2 0.15390625 0.078125 0.084375 0.053125
2 0.25 0.078125 0.1078125 0.053125
2 0.33984375 0.078125 0.07421875 0.053125
2 0.4109375 0.078125 0.0671875 0.053125
2 0.49765625 0.078125 0.10546875 0.053125
2 0.58046875 0.078125 0.06015625 0.053125
2 0.671875 0.0265625 0.1078125 0.02890625
2 0.78359375 0.0265625 0.05546875 0.02890625
2 0.91328125 0.0265625 0.1734375 0.053125
6 0.43359375 0.29296875 0.52421875 0.09140625
2 0.7609375 0.29296875 0.13203125 0.09140625
2 0.1515625 0.3578125 0.09375 0.03828125
2 0.24609375 0.3578125 0.10078125 0.03828125
2 0.34140625 0.3578125 0.09140625 0.03828125
2 0.93984375 0.5453125 0.08203125 0.03828125
2 0.8546875 0.775 0.21640625 0.03828125
2 0.18515625 0.91796875 0.2984375 0.15859375
2 0.5 0.91796875 0.2984375 0.15859375
2 0.81640625 0.91796875 0.2984375 0.15859375