2 0.3765625 0.02578125 0.0515625 0.0265625
2 0.503125 0.340625 0.4890625 0.37265625
2 0.734375 0.35234375 0.028125 0.04609375
2 0.2734375 0.353125 0.028125 0.04609375
2 0.696875 0.50390625 0.09140625 0.028125
6 0.68125 0.0671875 0.1265625 0.02421875
2 0.3375 0.68203125 0.15546875 0.2671875
2 0.503125 0.68203125 0.15546875 0.2671875
2 0.6703125 0.68203125 0.15546875 0.2671875
2 0.3953125 0.93359375 0.015625 0.028125
2 0.4140625 0.93359375 0.015625 0.028125
2 0.434375 0.93359375 0.015625 0.028125
2 0.4546875 0.93359375 0.015625 0.028125
2 0.4734375 0.93359375 0.015625 0.028125
2 0.71875 0.934375 0.06328125 0.03828125
2 0.2921875 0.0984375 0.06484375 0.04609375
2 0.384375 0.11171875 0.08515625 0.0296875
2 0.453125 0.11171875 0.03125 0.0296875
2 0.528125 0.11171875 0.09765625 0.0296875
2 0.6046875 0.11171875 0.03515625 0.0296875
2 0.6671875 0.11171875 0.0671875 0.0296875