2 0.96484375 0.02890625 0.03125 0.04296875
2 0.06640625 0.11171875 0.07421875 0.10546875
2 0.1546875 0.11171875 0.06484375 0.03125
2 0.25703125 0.11171875 0.103125 0.03125
2 0.390625 0.11171875 0.12734375 0.03125
2 0.8453125 0.11171875 0.05078125 0.03125
2 0.928125 0.11171875 0.08203125 0.053125
2 0.07109375 0.578125 0.08203125 0.053125
2 0.0875 0.85703125 0.11328125 0.053125
2 0.75390625 0.85703125 0.03828125 0.053125
2 0.2046875 0.85703125 0.03828125 0.053125
2 0.2703125 0.85703125 0.08671875 0.053125
2 0.359375 0.85703125 0.08203125 0.053125
2 0.44921875 0.85703125 0.09140625 0.053125
2 0.53125 0.85703125 0.06484375 0.053125
2 0.59375 0.85703125 0.05546875 0.053125
2 0.6859375 0.85703125 0.12265625 0.053125
2 0.8015625 0.85703125 0.10078125 0.053125
2 0.90625 0.85703125 0.10078125 0.053125
2 0.92421875 0.85703125 0.09140625 0.053125
2 0.1765625 0.96171875 0.290625 0.07421875
2 0.5 0.96171875 0.290625 0.07421875
2 0.82421875 0.96171875 0.28828125 0.07421875