2 0.38125 0.015625 0.0515625 0.03125
2 0.45 0.20078125 0.028125 0.05078125
2 0.4015625 0.23359375 0.0125 0.02265625
2 0.45 0.26953125 0.028125 0.05078125
2 0.44921875 0.31875 0.03046875 0.01875
2 0.45 0.36875 0.028125 0.05078125
2 0.45 0.43671875 0.028125 0.05078125
2 0.64765625 0.44609375 0.14140625 0.5078125
2 0.38125 0.5015625 0.0515625 0.09296875
2 0.45 0.0640625 0.028125 0.05078125
2 0.3421875 0.71328125 0.05390625 0.0484375
2 0.4671875 0.7140625 0.053125 0.04921875
2 0.40390625 0.71484375 0.05390625 0.04609375
2 0.51640625 0.71640625 0.0265625 0.0453125
2 0.62734375 0.82890625 0.0078125 0.0140625
2 0.6359375 0.82890625 0.0078125 0.0140625
2 0.6453125 0.82890625 0.0078125 0.0140625
2 0.6546875 0.82890625 0.0078125 0.0140625
2 0.6640625 0.82890625 0.0078125 0.0140625
2 0.6171875 0.084375 0.0734375 0.13203125
2 0.696875 0.084375 0.0734375 0.13203125
6 0.53828125 0.84765625 0.071875 0.025
2 0.59296875 0.84765625 0.03125 0.01953125
2 0.27890625 0.8578125 0.0375 0.13515625
2 0.45 0.01171875 0.028125 0.0234375
2 0.45 0.13203125 0.028125 0.05078125