9 0.03984375 0.01484375 0.06328125 0.0234375
12 0.4109375 0.01640625 0.6640625 0.025
12 0.221875 0.09921875 0.2125 0.01953125
9 0.1296875 0.37734375 0.03203125 0.01875
9 0.13046875 0.415625 0.0265625 0.02265625
9 0.1296875 0.45546875 0.03359375 0.01953125
9 0.13203125 0.49453125 0.0359375 0.0125
9 0.1296875 0.5328125 0.03203125 0.01640625
9 0.284375 0.378125 0.03125 0.01875
9 0.28515625 0.41640625 0.03203125 0.01484375
9 0.284375 0.45546875 0.0296875 0.0171875
9 0.284375 0.49453125 0.0296875 0.021875
9 0.28515625 0.5328125 0.028125 0.02265625
9 0.43671875 0.37734375 0.025 0.0234375
9 0.43828125 0.4171875 0.02890625 0.02734375
9 0.4375 0.45546875 0.02890625 0.0234375
9 0.43671875 0.49375 0.0171875 0.0265625
9 0.43671875 0.534375 0.021875 0.0234375
9 0.59140625 0.378125 0.02890625 0.021875
9 0.59140625 0.41640625 0.02734375 0.0234375
9 0.59140625 0.45546875 0.0234375 0.02421875
9 0.590625 0.49375 0.0328125 0.01875