2 0.5421875 0.54375 0.0171875 0.0375
2 0.6984375 0.58671875 0.046875 0.084375
2 0.43046875 0.6453125 0.03515625 0.04453125
2 0.4296875 0.64609375 0.2625 0.26640625
6 0.6984375 0.6984375 0.1203125 0.02265625
6 0.6984375 0.74453125 0.1203125 0.02265625
6 0.6984375 0.7921875 0.1203125 0.02265625
6 0.6984375 0.8390625 0.1203125 0.02265625
2 0.66171875 0.91015625 0.04609375 0.0265625
2 0.29375 0.13828125 0.0703125 0.0390625
2 0.38203125 0.1390625 0.0890625 0.0390625
2 0.4703125 0.1390625 0.07109375 0.0390625
2 0.5484375 0.1390625 0.0703125 0.0390625
2 0.62734375 0.1390625 0.0703125 0.0390625
2 0.70625 0.1390625 0.0703125 0.0390625