2 0.4671875 0.1515625 0.0078125 0.0140625
2 0.3 0.15546875 0.0421875 0.0671875
2 0.490625 0.2390625 0.059375 0.0140625
2 0.5515625 0.2390625 0.059375 0.0140625
6 0.5046875 0.0484375 0.09375 0.02421875
2 0.56640625 0.04921875 0.0265625 0.025
2 0.4359375 0.5953125 0.0125 0.03671875
2 0.2953125 0.59921875 0.028125 0.0453125
2 0.32421875 0.87265625 0.08046875 0.02265625
2 0.2984375 0.08828125 0.02265625 0.0171875
2 0.325 0.08828125 0.03125 0.0171875
2 0.35546875 0.08828125 0.0296875 0.0171875
2 0.3859375 0.08828125 0.03203125 0.0171875
2 0.4125 0.08828125 0.0203125 0.0171875
2 0.4421875 0.08828125 0.0390625 0.0171875
2 0.475 0.08828125 0.0265625 0.0171875
2 0.5 0.08828125 0.025 0.0171875
2 0.5671875 0.08828125 0.03125 0.0171875
2 0.5984375 0.08828125 0.03203125 0.0171875
2 0.27890625 0.0890625 0.0171875 0.01796875
2 0.53203125 0.08984375 0.03828125 0.0171875
2 0.628125 0.9046875 0.00625 0.015625