2 0.1296875 0.1921875 0.15703125 0.05859375
2 0.2953125 0.1921875 0.17578125 0.05859375
2 0.4046875 0.1921875 0.04609375 0.05859375
2 0.4703125 0.1921875 0.08671875 0.05859375
2 0.60703125 0.1921875 0.18828125 0.05859375
2 0.10546875 0.2453125 0.08984375 0.0453125
2 0.21015625 0.2453125 0.121875 0.0453125
2 0.30625 0.2453125 0.071875 0.0453125
2 0.38671875 0.2453125 0.08984375 0.0453125
2 0.471875 0.2453125 0.08125 0.0453125
2 0.571875 0.2453125 0.12109375 0.0453125
2 0.67421875 0.2453125 0.08515625 0.0453125
2 0.7546875 0.2453125 0.07734375 0.0453125
2 0.5 0.62109375 0.9171875 0.53359375
2 0.178125 0.09453125 0.2734375 0.1109375
2 0.8625 0.94921875 0.08515625 0.04453125
2 0.9359375 0.94921875 0.04609375 0.04453125
2 0.94375 0.096875 0.01875 0.02109375
6 0.8515625 0.096875 0.21484375 0.0296875