2 0.86328125 0.94921875 0.08671875 0.04296875
2 0.9359375 0.94921875 0.0453125 0.04296875
2 0.178125 0.0953125 0.27421875 0.1109375
6 0.85078125 0.09765625 0.21640625 0.03125
2 0.1296875 0.1921875 0.15859375 0.06015625
2 0.29453125 0.1921875 0.17578125 0.06015625
2 0.4046875 0.1921875 0.0453125 0.06015625
2 0.4703125 0.1921875 0.08671875 0.06015625
2 0.60703125 0.1921875 0.18984375 0.06015625
2 0.10546875 0.2453125 0.09140625 0.0453125
2 0.21015625 0.2453125 0.12265625 0.0453125
2 0.30625 0.2453125 0.071875 0.0453125
2 0.38671875 0.2453125 0.09140625 0.0453125
2 0.47265625 0.2453125 0.08203125 0.0453125
2 0.571875 0.2453125 0.12265625 0.0453125
2 0.67421875 0.2453125 0.08671875 0.0453125
2 0.7546875 0.2453125 0.0765625 0.0453125
2 0.5 0.81875 0.8890625 0.09609375