2 0.5 0.14765625 0.421875 0.1234375
2 0.30078125 0.228125 0.02265625 0.03515625
2 0.325 0.228125 0.02734375 0.03515625
2 0.353125 0.228125 0.0296875 0.03515625
2 0.3859375 0.228125 0.034375 0.03515625
2 0.43046875 0.228125 0.05546875 0.03515625
2 0.4765625 0.228125 0.03671875 0.03515625
2 0.50703125 0.228125 0.025 0.03515625
2 0.540625 0.228125 0.04296875 0.03515625
2 0.359375 0.03046875 0.13125 0.04375
2 0.5 0.38671875 0.421875 0.2703125
6 0.6609375 0.60546875 0.0921875 0.028125
6 0.6609375 0.64296875 0.0921875 0.028125
2 0.51171875 0.6609375 0.178125 0.1546875
2 0.3515625 0.6890625 0.115625 0.11640625
2 0.6296875 0.69375 0.02890625 0.0265625
2 0.63203125 0.8875 0.034375 0.0265625