6 0.33046875 0.21640625 0.084375 0.025
2 0.55625 0.30625 0.3109375 0.2515625
2 0.38203125 0.04140625 0.20625 0.0671875
2 0.33046875 0.41484375 0.084375 0.1125
2 0.38671875 0.09296875 0.0625 0.03515625
2 0.33125 0.09296875 0.046875 0.0359375
2 0.57421875 0.09296875 0.04375 0.03515625
2 0.53671875 0.09375 0.03046875 0.0359375
2 0.6171875 0.09375 0.0421875 0.0359375
2 0.4515625 0.09375 0.065625 0.03515625
2 0.50234375 0.09375 0.0359375 0.0359375
2 0.29375 0.09375 0.02890625 0.03515625
2 0.70703125 0.13125 0.0078125 0.0140625