2 0.0890625 0.0890625 0.115625 0.0625
2 0.19453125 0.08515625 0.0890625 0.05546875
6 0.40859375 0.0890625 0.321875 0.0484375
6 0.65234375 0.0890625 0.15625 0.0484375
6 0.81953125 0.0890625 0.16328125 0.05546875
2 0.93515625 0.0890625 0.0671875 0.053125
2 0.7484375 0.01796875 0.0796875 0.03359375
2 0.828125 0.01796875 0.0671875 0.03359375
2 0.89296875 0.01796875 0.05078125 0.03359375
2 0.94375 0.01796875 0.04296875 0.03359375
2 0.5 0.40234375 1 0.4328125
2 0.4375 0.94609375 0.16328125 0.10546875
2 0.61796875 0.94609375 0.165625 0.10546875
2 0.796875 0.94609375 0.165625 0.10546875
2 0.94609375 0.94609375 0.10546875 0.10546875
2 0.9734375 0.71484375 0.05078125 0.06484375
2 0.9734375 0.7796875 0.05078125 0.06484375