2 0.30859375 0.1640625 0.084375 0.03515625
2 0.2078125 0.1640625 0.1109375 0.03359375
2 0.3890625 0.1640625 0.06796875 0.0359375
2 0.684375 0.1640625 0.0484375 0.0359375
2 0.04296875 0.16484375 0.06015625 0.0390625
2 0.1140625 0.16484375 0.06875 0.0328125
2 0.74453125 0.16484375 0.06328125 0.0328125
2 0.48828125 0.165625 0.109375 0.0359375
2 0.6015625 0.165625 0.1078125 0.03359375
2 0.8484375 0.16640625 0.1375 0.0328125
2 0.953125 0.1671875 0.06484375 0.034375
2 0.74453125 0.01796875 0.08671875 0.03359375
2 0.82734375 0.01796875 0.0671875 0.03359375
2 0.8921875 0.01796875 0.05078125 0.03359375
2 0.94375 0.01796875 0.04375 0.03359375
2 0.21328125 0.01875 0.07890625 0.0328125
2 0.27265625 0.01875 0.03828125 0.0296875
2 0.34375 0.01953125 0.1 0.03125
2 0.67109375 0.40234375 0.21640625 0.43046875
2 0.890625 0.40234375 0.21875 0.43046875
2 0.453125 0.40234375 0.2171875 0.428125
2 0.0234375 0.4125 0.034375 0.04375
2 0.9765625 0.41328125 0.03203125 0.046875
2 0.146875 0.45625 0.23046875 0.0609375
2 0.9609375 0.56796875 0.040625 0.0546875
2 0.975 0.66796875 0.05 0.02890625
2 0.9734375 0.71484375 0.0484375 0.06484375
2 0.1859375 0.73046875 0.30859375 0.09296875
2 0.79609375 0.73203125 0.1640625 0.09140625
2 0.946875 0.73203125 0.10625 0.0921875
2 0.6109375 0.7328125 0.153125 0.09375
2 0.43828125 0.73359375 0.165625 0.09453125
2 0.9734375 0.7640625 0.0484375 0.03359375
2 0.19453125 0.08515625 0.0875 0.05625
6 0.409375 0.08828125 0.321875 0.04921875
6 0.65234375 0.08828125 0.15625 0.04921875
2 0.81953125 0.08828125 0.1640625 0.0546875
2 0.08828125 0.08828125 0.1140625 0.0625
2 0.93515625 0.08828125 0.0671875 0.05234375
2 0.76328125 0.946875 0.175 0.04453125
2 0.92109375 0.946875 0.11015625 0.04453125