2 0.0890625 0.0890625 0.115625 0.0625
2 0.19453125 0.08515625 0.0890625 0.05546875
6 0.4109375 0.0890625 0.3265625 0.0484375
6 0.6578125 0.0890625 0.15625 0.0484375
6 0.82421875 0.0890625 0.16328125 0.05546875
2 0.9375 0.0890625 0.0625 0.053125
2 0.7140625 0.01796875 0.12734375 0.03359375
2 0.8234375 0.01796875 0.0765625 0.03359375
2 0.89296875 0.01796875 0.05078125 0.03359375
2 0.94375 0.01796875 0.04296875 0.03359375
2 0.7546875 0.946875 0.14921875 0.04296875
2 0.9109375 0.946875 0.134375 0.04296875
2 0.11328125 0.4578125 0.16328125 0.06015625
2 0.23203125 0.5875 0.06953125 0.01953125
2 0.1109375 0.865625 0.115625 0.21640625
2 0.240625 0.865625 0.115625 0.21640625
2 0.3703125 0.865625 0.115625 0.21640625
2 0.5 0.865625 0.11328125 0.21640625
2 0.6296875 0.865625 0.115625 0.21640625
2 0.759375 0.865625 0.115625 0.21640625
2 0.8890625 0.865625 0.115625 0.21640625
2 0.9734375 0.71484375 0.05078125 0.06484375
2 0.9734375 0.7796875 0.05078125 0.06484375