2 0.24375 0.0203125 0.0203125 0.03671875
2 0.553125 0.02109375 0.071875 0.0421875
2 0.615625 0.02109375 0.053125 0.0421875
6 0.6984375 0.02109375 0.096875 0.028125
2 0.7578125 0.02109375 0.01875 0.028125
2 0.25703125 0.28671875 0.0484375 0.03515625
2 0.29921875 0.28671875 0.03359375 0.03515625
2 0.3453125 0.28671875 0.05703125 0.03515625
2 0.66796875 0.421875 0.06328125 0.2046875
2 0.73203125 0.42265625 0.05703125 0.20546875
2 0.6984375 0.6515625 0.14296875 0.21328125
2 0.2765625 0.665625 0.03671875 0.1265625
2 0.36484375 0.665625 0.046875 0.084375
2 0.453125 0.665625 0.021875 0.1265625
2 0.540625 0.665625 0.046875 0.06875
2 0.7625 0.78515625 0.00703125 0.01328125
2 0.7546875 0.78671875 0.00703125 0.01484375
2 0.69765625 0.88828125 0.13984375 0.22265625
2 0.703125 0.98125 0.08203125 0.0375
2 0.5 0.13046875 0.534375 0.153125