2 0.10234375 0.18984375 0.0359375 0.0171875
2 0.1609375 0.18984375 0.0671875 0.0171875
2 0.23046875 0.18984375 0.05546875 0.0171875
2 0.2875 0.18984375 0.040625 0.0171875
2 0.3609375 0.18984375 0.09140625 0.0171875
2 0.42890625 0.18984375 0.03125 0.0171875
2 0.47109375 0.18984375 0.03828125 0.0171875
2 0.51796875 0.18984375 0.04296875 0.0171875
2 0.56875 0.18984375 0.04296875 0.0171875
2 0.71640625 0.19140625 0.0671875 0.0265625
2 0.8015625 0.19140625 0.0578125 0.01953125
2 0.9125 0.19375 0.02421875 0.04296875
2 0.0671875 0.2546875 0.11796875 0.02421875
2 0.20546875 0.2546875 0.15859375 0.02421875
2 0.34765625 0.2546875 0.125 0.02421875
2 0.44609375 0.2546875 0.071875 0.02421875
2 0.5265625 0.2546875 0.0890625 0.02421875
2 0.61171875 0.2546875 0.08203125 0.02421875
2 0.7171875 0.2546875 0.13203125 0.02421875
2 0.890625 0.25625 0.21640625 0.0265625
2 0.18125 0.4703125 0.34375 0.0265625
2 0.18125 0.62734375 0.34375 0.25703125
2 0.18125 0.81484375 0.34375 0.10078125
2 0.18125 0.90859375 0.34375 0.05078125
2 0.18125 0.96484375 0.34375 0.0265625
2 0.18125 0.99765625 0.34375 0.00234375
2 0.521875 0.5015625 0.30078125 0.0265625
2 0.521875 0.553125 0.30078125 0.06484375
2 0.51953125 0.615625 0.2953125 0.05078125
2 0.5015625 0.65234375 0.259375 0.0265625
2 0.521875 0.80625 0.30078125 0.22578125
2 0.521875 0.9625 0.30078125 0.071875
2 0.83984375 0.3953125 0.2984375 0.22578125
2 0.84140625 0.5640625 0.30078125 0.09609375
2 0.84140625 0.6421875 0.30078125 0.0265625
2 0.84140625 0.6859375 0.30078125 0.0265625
2 0.84140625 0.74296875 0.30078125 0.05078125
2 0.84140625 0.8109375 0.30078125 0.05078125
2 0.84140625 0.88125 0.30078125 0.05078125
2 0.84140625 0.94921875 0.30078125 0.05078125
2 0.84140625 0.99609375 0.303125 0.0046875