6 0.459375 0.22265625 0.46328125 0.028125
2 0.2375 0.22421875 0.01796875 0.02109375
2 0.22109375 0.034375 0.03671875 0.0578125
2 0.278125 0.034375 0.07734375 0.0578125
2 0.3609375 0.034375 0.08671875 0.0578125
2 0.44140625 0.034375 0.07265625 0.0578125
2 0.51796875 0.034375 0.08203125 0.0578125
2 0.5953125 0.034375 0.07265625 0.0578125
2 0.66875 0.034375 0.07421875 0.0578125
2 0.7390625 0.034375 0.06640625 0.0578125
2 0.409375 0.590625 0.00859375 0.0171875
6 0.27109375 0.63046875 0.06640625 0.02109375
6 0.803125 0.77578125 0.15390625 0.02265625
6 0.803125 0.83984375 0.15390625 0.02265625
6 0.803125 0.90390625 0.15390625 0.02265625
6 0.8015625 0.96796875 0.14921875 0.02109375