6 0.4484375 0.30625 0.0390625 0.02109375
6 0.253125 0.3078125 0.0828125 0.0171875
2 0.3140625 0.309375 0.03984375 0.028125
2 0.796875 0.35625 0.06640625 0.025
2 0.275 0.4875 0.1265625 0.028125
2 0.275 0.51953125 0.1265625 0.028125
6 0.0140625 0.05546875 0.00859375 0.015625
2 0.275 0.55234375 0.1265625 0.028125
2 0.1421875 0.0578125 0.0359375 0.02109375
2 0.275 0.58515625 0.1265625 0.028125
2 0.684375 0.61484375 0.0875 0.10703125
2 0.275 0.6171875 0.1265625 0.028125
2 0.4125 0.640625 0.065625 0.1578125
2 0.5484375 0.640625 0.05859375 0.1578125
2 0.275 0.65078125 0.1265625 0.028125
2 0.275 0.6828125 0.1265625 0.028125
2 0.275 0.71484375 0.1265625 0.028125
2 0.275 0.7484375 0.1265625 0.028125
2 0.275 0.78046875 0.1265625 0.028125
2 0.43359375 0.8 0.06640625 0.025
2 0.56953125 0.8 0.06640625 0.025
2 0.7046875 0.8 0.06640625 0.025
2 0.275 0.81328125 0.1265625 0.028125
2 0.275 0.84609375 0.1265625 0.028125
2 0.275 0.878125 0.1265625 0.028125
2 0.275 0.91171875 0.1265625 0.028125
2 0.275 0.94375 0.1265625 0.028125
2 0.41171875 0.94375 0.115625 0.10546875
2 0.6828125 0.94375 0.1171875 0.1125
2 0.54609375 0.94453125 0.1171875 0.1109375
2 0.825 0.96328125 0.12578125 0.0734375
2 0.275 0.9765625 0.1265625 0.02421875
2 0.421875 0.1328125 0.453125 0.14375