6 0.671875 0.18203125 0.00703125 0.0125
2 0.6890625 0.28046875 0.0421875 0.02109375
2 0.421875 0.31796875 0.36796875 0.47421875
2 0.2578125 0.8734375 0.13359375 0.028125
2 0.7296875 0.8734375 0.13359375 0.028125
2 0.7296875 0.9 0.13359375 0.028125
2 0.2578125 0.9015625 0.13359375 0.028125
2 0.2578125 0.93046875 0.13359375 0.028125
2 0.7296875 0.93046875 0.13359375 0.028125
2 0.2578125 0.95859375 0.13359375 0.028125
2 0.7296875 0.95859375 0.13359375 0.028125
2 0.2578125 0.9859375 0.13359375 0.02734375
2 0.72890625 0.98828125 0.13359375 0.0234375
6 0.73671875 0.10859375 0.13671875 0.02109375