2 0.365625 0.48203125 0.2328125 0.03359375
2 0.8609375 0.61171875 0.19921875 0.053125
2 0.04921875 0.0515625 0.06015625 0.03125
2 0.46640625 0.053125 0.09609375 0.053125
2 0.55859375 0.053125 0.02890625 0.053125
2 0.63203125 0.053125 0.0578125 0.053125
2 0.725 0.053125 0.06953125 0.053125
2 0.79921875 0.053125 0.01953125 0.053125
2 0.8546875 0.0515625 0.03828125 0.053125
2 0.94140625 0.0515625 0.0796875 0.053125
2 0.86328125 0.49609375 0.07421875 0.021875
2 0.765625 0.58984375 0.375 0.0796875
2 0.04921875 0.96640625 0.06015625 0.02890625
2 0.1046875 0.96640625 0.05078125 0.02890625
2 0.1546875 0.96640625 0.05078125 0.02890625
2 0.20703125 0.96640625 0.05546875 0.02890625
2 0.2609375 0.96640625 0.053125 0.02890625
2 0.3171875 0.96640625 0.06015625 0.02890625
2 0.3796875 0.96640625 0.06484375 0.02890625
6 0.640625 0.96484375 0.26171875 0.03828125
2 0.83203125 0.96484375 0.0984375 0.040625
2 0.9203125 0.96484375 0.03125 0.03125
2 0.96875 0.96484375 0.02421875 0.0265625