2 0.7859375 0.0234375 0.02578125 0.028125
2 0.81796875 0.0234375 0.03046875 0.028125
6 0.7109375 0.0234375 0.10390625 0.028125
2 0.75234375 0.0234375 0.02109375 0.028125
2 0.2375 0.05859375 0.140625 0.0671875
2 0.2421875 0.71484375 0.15078125 0.0703125
2 0.4140625 0.71484375 0.15078125 0.0703125
2 0.5859375 0.71484375 0.15078125 0.0703125
2 0.7578125 0.71484375 0.15078125 0.0703125
2 0.23828125 0.8421875 0.14296875 0.04609375
2 0.7609375 0.84296875 0.1421875 0.046875
2 0.23828125 0.88984375 0.14296875 0.04609375
2 0.7609375 0.89140625 0.14296875 0.04921875
2 0.23828125 0.93671875 0.14296875 0.04609375
2 0.7609375 0.9390625 0.1421875 0.046875
2 0.2375 0.98046875 0.1421875 0.03828125