2 0.2671875 0.221875 0.03984375 0.09453125
2 0.325 0.221875 0.03984375 0.09453125
2 0.3828125 0.221875 0.03984375 0.09453125
2 0.4421875 0.221875 0.03984375 0.09453125
2 0.5 0.221875 0.03984375 0.09453125
2 0.5578125 0.221875 0.03984375 0.09453125
2 0.6171875 0.221875 0.03984375 0.09453125
2 0.675 0.221875 0.03984375 0.09453125
2 0.7328125 0.221875 0.03984375 0.09453125
2 0.425 0.36875 0.05703125 0.16328125
2 0.48359375 0.36875 0.05703125 0.16328125
2 0.5421875 0.36875 0.05703125 0.16328125
2 0.6015625 0.36875 0.05703125 0.16328125
2 0.659375 0.36875 0.05703125 0.16328125
2 0.55625 0.4921875 0.2359375 0.02421875
2 0.259375 0.05390625 0.04296875 0.1
6 0.44375 0.54921875 0.00703125 0.0125
6 0.48359375 0.54921875 0.00703125 0.0125
2 0.55625 0.6125 0.2359375 0.02421875
6 0.48359375 0.66953125 0.00703125 0.0125
6 0.5234375 0.66953125 0.00703125 0.0125
6 0.5625 0.66953125 0.00703125 0.0125
6 0.6015625 0.66953125 0.00703125 0.0125
6 0.640625 0.66953125 0.00703125 0.0125
2 0.55625 0.73203125 0.2359375 0.02421875
6 0.44375 0.78984375 0.00703125 0.0125
6 0.48359375 0.78984375 0.00703125 0.0125
6 0.5234375 0.78984375 0.00703125 0.0125
6 0.5625 0.78984375 0.00703125 0.0125
6 0.6015625 0.78984375 0.00703125 0.0125
6 0.640625 0.78984375 0.00703125 0.0125
2 0.3296875 0.8125 0.04296875 0.01953125
2 0.55625 0.85234375 0.2359375 0.02421875
6 0.44375 0.909375 0.00703125 0.0125
6 0.48359375 0.909375 0.00703125 0.0125
6 0.5234375 0.909375 0.00703125 0.0125
6 0.5625 0.909375 0.00703125 0.0125
6 0.6015625 0.909375 0.00703125 0.0125
6 0.640625 0.909375 0.00703125 0.0125
2 0.55625 0.97265625 0.2359375 0.02421875