2 0.16484375 0.13671875 0.26875 0.06328125
2 0.1 0.02890625 0.1796875 0.05703125
2 0.5703125 0.0296875 0.078125 0.059375
2 0.64609375 0.0296875 0.0734375 0.059375
2 0.71015625 0.0296875 0.0578125 0.059375
2 0.7625 0.0296875 0.05 0.059375
2 0.821875 0.0296875 0.071875 0.059375
2 0.89296875 0.0296875 0.0734375 0.059375
2 0.959375 0.0296875 0.0625 0.059375
2 0.9515625 0.8546875 0.0484375 0.0390625
2 0.865625 0.8546875 0.1203125 0.040625
2 0.1140625 0.8640625 0.18203125 0.075
2 0.91328125 0.9640625 0.0765625 0.04296875
2 0.97109375 0.9640625 0.0375 0.04453125
6 0.12890625 0.9875 0.1953125 0.025