2 0.703125 0.02421875 0.0921875 0.034375
2 0.2828125 0.42421875 0.15703125 0.1390625
2 0.89140625 0.521875 0.1578125 0.140625
2 0.21171875 0.078125 0.07734375 0.05234375
2 0.26875 0.078125 0.0390625 0.05234375
2 0.58515625 0.078125 0.046875 0.05234375
2 0.65 0.078125 0.0859375 0.05234375
2 0.73515625 0.078125 0.08515625 0.05234375
6 0.884375 0.08046875 0.2015625 0.03671875
6 0.971875 0.08046875 0.0234375 0.03359375
2 0.971875 0.08046875 0.0234375 0.03359375
2 0.08828125 0.11796875 0.13671875 0.2125