6 0.953125 0.0171875 0.04765625 0.01796875
2 0.9859375 0.01796875 0.01328125 0.015625
2 0.215625 0.02578125 0.43046875 0.0515625
6 0.93203125 0.03359375 0.00625 0.0109375
6 0.95703125 0.03359375 0.00546875 0.01171875
2 0.3578125 0.6 0.02890625 0.065625
2 0.5296875 0.6 0.02890625 0.065625
2 0.090625 0.065625 0.04296875 0.02734375
2 0.134375 0.065625 0.0421875 0.02734375
2 0.0171875 0.065625 0.03359375 0.02734375
2 0.17890625 0.065625 0.04609375 0.02734375
2 0.234375 0.065625 0.06484375 0.02734375
2 0.2953125 0.065625 0.05703125 0.02734375
2 0.340625 0.065625 0.03125 0.02734375
2 0.375 0.065625 0.0375 0.02734375
2 0.40546875 0.065625 0.02109375 0.02734375
2 0.4359375 0.065625 0.03828125 0.02734375
2 0.0515625 0.065625 0.034375 0.02734375
2 0.028125 0.85390625 0.0515625 0.0140625