2 0.2734375 0.2546875 0.11171875 0.08359375
2 0.6515625 0.2546875 0.04609375 0.08359375
2 0.196875 0.25625 0.04140625 0.08359375
2 0.353125 0.25625 0.04609375 0.08359375
2 0.4046875 0.25625 0.05859375 0.08359375
2 0.4640625 0.25625 0.059375 0.08359375
2 0.5296875 0.25625 0.0703125 0.08359375
2 0.59609375 0.25625 0.0640625 0.08359375
2 0.6953125 0.25625 0.04375 0.08359375
2 0.2421875 0.78125 0.125 0.1109375
2 0.29375 0.09921875 0.234375 0.046875
6 0.79921875 0.13671875 0.2515625 0.06875
2 0.9046875 0.13671875 0.015625 0.06875