2 0.28203125 0.14765625 0.0609375 0.03046875
2 0.38046875 0.14765625 0.0515625 0.0296875
2 0.3328125 0.1484375 0.03984375 0.0328125
2 0.68984375 0.1484375 0.071875 0.0328125
2 0.6140625 0.14921875 0.08046875 0.03203125
2 0.43515625 0.14921875 0.05625 0.03125
2 0.490625 0.15 0.05703125 0.03203125
2 0.54609375 0.15078125 0.05390625 0.03125
2 0.984375 0.0265625 0.01171875 0.02109375
6 0.51015625 0.29140625 0.95078125 0.028125
2 0.02265625 0.29296875 0.01484375 0.0265625
2 0.02890625 0.33984375 0.02734375 0.02109375
2 0.25859375 0.0921875 0.01953125 0.053125