2 0.33359375 0.37109375 0.16640625 0.09453125
2 0.5203125 0.4046875 0.16640625 0.09140625
2 0.340625 0.065625 0.18046875 0.0453125
6 0.66875 0.065625 0.11484375 0.0296875
2 0.73828125 0.065625 0.0234375 0.0296875
2 0.33359375 0.71015625 0.16640625 0.09140625
2 0.5203125 0.71015625 0.16640625 0.09140625
2 0.71484375 0.8609375 0.0484375 0.0390625
2 0.65546875 0.94375 0.01015625 0.028125
2 0.66796875 0.94375 0.01015625 0.028125
2 0.68046875 0.94375 0.01015625 0.028125
2 0.69296875 0.94375 0.01015625 0.028125
2 0.70625 0.94375 0.01015625 0.028125
2 0.2546875 0.0109375 0.00859375 0.01015625
2 0.4390625 0.0109375 0.06015625 0.015625
2 0.315625 0.1328125 0.13203125 0.0453125
2 0.44140625 0.1328125 0.11953125 0.0453125
2 0.5578125 0.1328125 0.11484375 0.0453125
2 0.65625 0.1328125 0.08203125 0.0453125