2 0.4390625 0.0109375 0.06015625 0.015625
2 0.73828125 0.065625 0.0234375 0.0296875
2 0.315625 0.1328125 0.13203125 0.0453125
2 0.44140625 0.1328125 0.11953125 0.0453125
2 0.5578125 0.1328125 0.11484375 0.0453125
2 0.65625 0.1328125 0.08203125 0.0453125
2 0.7375 0.496875 0.02421875 0.0296875
2 0.2546875 0.0109375 0.00859375 0.01015625
2 0.2765625 0.6265625 0.05234375 0.09453125
2 0.340625 0.065625 0.18046875 0.0453125
2 0.634375 0.8859375 0.02109375 0.03828125
2 0.659375 0.8859375 0.02109375 0.03828125
2 0.684375 0.8859375 0.02109375 0.03828125
2 0.709375 0.8859375 0.02109375 0.03828125
2 0.734375 0.8859375 0.02109375 0.03828125
6 0.66875 0.065625 0.11484375 0.0296875
6 0.4875 0.496875 0.475 0.0296875