2 0.12578125 0.2109375 0.21484375 0.06796875
2 0.33125 0.2109375 0.1953125 0.06796875
2 0.4921875 0.2109375 0.1265625 0.06796875
2 0.89921875 0.278125 0.03125 0.040625
2 0.8578125 0.27890625 0.02890625 0.0375
2 0.81484375 0.2796875 0.03203125 0.0421875
2 0.946875 0.3046875 0.06875 0.09921875
2 0.86484375 0.45234375 0.19765625 0.13125
2 0.96015625 0.05859375 0.04296875 0.0234375
2 0.86640625 0.65859375 0.196875 0.13203125
2 0.12734375 0.784375 0.03046875 0.040625
2 0.05 0.784375 0.0296875 0.040625
2 0.08828125 0.784375 0.03046875 0.040625
2 0.0640625 0.975 0.04453125 0.03046875
6 0.84453125 0.1265625 0.27421875 0.0375
2 0.96015625 0.1265625 0.04296875 0.0375