2 0.3765625 0.1421875 0.11328125 0.12734375
2 0.25234375 0.1421875 0.115625 0.1265625
2 0.62265625 0.14296875 0.1140625 0.12578125
2 0.74609375 0.14296875 0.115625 0.128125
2 0.4984375 0.14375 0.11484375 0.125
6 0.72265625 0.3921875 0.00625 0.01015625
6 0.2296875 0.3921875 0.00625 0.01015625
6 0.4765625 0.3921875 0.00625 0.0109375
6 0.353125 0.3921875 0.00625 0.01015625
6 0.59921875 0.39765625 0.00546875 0.01171875
2 0.25234375 0.478125 0.11328125 0.35078125
2 0.74609375 0.478125 0.11484375 0.34453125
2 0.49921875 0.478125 0.1140625 0.35
2 0.375 0.47890625 0.115625 0.3484375
2 0.6234375 0.48046875 0.115625 0.35078125
2 0.24609375 0.528125 0.04765625 0.02421875
2 0.36875 0.528125 0.04765625 0.02421875
2 0.4921875 0.528125 0.04765625 0.02421875
2 0.7390625 0.528125 0.04765625 0.02421875
2 0.278125 0.52890625 0.0125 0.02265625
2 0.4015625 0.52890625 0.0125 0.02265625
2 0.525 0.52890625 0.0125 0.02265625
2 0.77109375 0.52890625 0.0125 0.02265625
2 0.615625 0.53359375 0.03671875 0.02421875
2 0.6421875 0.53359375 0.0109375 0.02265625
2 0.253125 0.6234375 0.0515625 0.03203125
2 0.3765625 0.6234375 0.0515625 0.03203125
2 0.5 0.6234375 0.0515625 0.03203125
2 0.62265625 0.6234375 0.0515625 0.03203125
2 0.74609375 0.6234375 0.0515625 0.03203125
6 0.72265625 0.83203125 0.00625 0.0109375
6 0.59921875 0.8328125 0.00546875 0.0109375
6 0.4765625 0.8328125 0.00625 0.0109375
6 0.353125 0.8375 0.00625 0.0109375
6 0.2296875 0.83828125 0.00546875 0.0109375
2 0.6234375 0.8734375 0.11640625 0.25234375
2 0.375 0.87421875 0.115625 0.25078125
2 0.25234375 0.875 0.11640625 0.25
2 0.74609375 0.875 0.1171875 0.25
2 0.5 0.87578125 0.1171875 0.2484375