2 0.9625 0.115625 0.0171875 0.021875
6 0.2984375 0.07421875 0.3484375 0.04296875
6 0.2984375 0.07421875 0.3484375 0.04296875
2 0.45546875 0.07421875 0.03125 0.04296875
2 0.7953125 0.025 0.0625 0.01953125
2 0.859375 0.025 0.0625 0.01953125
2 0.93359375 0.025 0.08671875 0.01953125
2 0.53828125 0.0734375 0.09609375 0.04296875
2 0.6578125 0.0734375 0.09609375 0.04296875
2 0.7953125 0.0734375 0.134375 0.04296875
2 0.93125 0.0734375 0.09140625 0.04296875
2 0.08046875 0.13671875 0.115625 0.03828125
2 0.17890625 0.13671875 0.05078125 0.03828125
2 0.2453125 0.13671875 0.05078125 0.03828125
2 0.34375 0.13671875 0.115625 0.03828125
2 0.4484375 0.13671875 0.06484375 0.03828125
2 0.51328125 0.13671875 0.03828125 0.03828125
2 0.5921875 0.13671875 0.0890625 0.03828125
2 0.66484375 0.13671875 0.0265625 0.03828125
2 0.09140625 0.17578125 0.13671875 0.03828125
2 0.8921875 0.13671875 0.16796875 0.03828125
2 0.040625 0.56953125 0.0359375 0.0484375
2 0.07421875 0.56875 0.1484375 0.409375
2 0.5 0.56953125 0.68515625 0.40859375
2 0.925 0.56875 0.15 0.409375
2 0.959375 0.56953125 0.0359375 0.0484375
2 0.140625 0.94140625 0.2328125 0.115625
2 0.3796875 0.94140625 0.2328125 0.115625
2 0.6203125 0.94140625 0.2328125 0.115625
2 0.8609375 0.94140625 0.2328125 0.115625