2 0.17890625 0.13671875 0.05078125 0.0390625
2 0.2453125 0.13671875 0.05078125 0.0390625
2 0.34296875 0.13671875 0.1140625 0.0390625
2 0.44765625 0.13671875 0.06328125 0.0390625
2 0.5140625 0.13671875 0.0375 0.0390625
2 0.5921875 0.13671875 0.0890625 0.0390625
2 0.66484375 0.13671875 0.025 0.0390625
2 0.08046875 0.13671875 0.1140625 0.0390625
2 0.8328125 0.13671875 0.2828125 0.07109375
2 0.09140625 0.17578125 0.1359375 0.0390625
2 0.79609375 0.025 0.0625 0.01796875
2 0.859375 0.025 0.0625 0.01796875
2 0.93359375 0.025 0.0859375 0.01796875
2 0.05859375 0.05390625 0.0890625 0.1078125
2 0.0359375 0.56953125 0.071875 0.4078125
2 0.040625 0.56953125 0.03515625 0.0484375
2 0.421875 0.56953125 0.68359375 0.4078125
2 0.959375 0.56953125 0.03515625 0.0484375
2 0.88671875 0.57109375 0.2265625 0.4078125
2 0.53828125 0.07265625 0.0953125 0.04140625
2 0.65703125 0.07265625 0.0953125 0.04140625
2 0.79609375 0.07265625 0.134375 0.04140625
2 0.93125 0.07265625 0.08984375 0.04140625
6 0.29765625 0.07421875 0.34765625 0.04140625
6 0.29765625 0.07421875 0.34765625 0.04140625
2 0.45625 0.07421875 0.03125 0.04140625
2 0.13984375 0.9421875 0.2328125 0.115625
2 0.3796875 0.9421875 0.2328125 0.115625
2 0.6203125 0.9421875 0.2328125 0.115625
2 0.86015625 0.9421875 0.2328125 0.115625
2 0.9625 0.115625 0.015625 0.02109375