2 0.61484375 0.59921875 0.07421875 0.0671875
2 0.6953125 0.59921875 0.07421875 0.0671875
2 0.65546875 0.08046875 0.0109375 0.0203125
6 0.71328125 0.08125 0.084375 0.01796875
2 0.6265625 0.08203125 0.00625 0.015625
2 0.6421875 0.08203125 0.00625 0.015625
2 0.2984375 0.1125 0.1125 0.10703125
2 0.3859375 0.1375 0.0453125 0.040625
2 0.4296875 0.1375 0.0390625 0.040625
2 0.478125 0.1375 0.05546875 0.040625
2 0.540625 0.1375 0.06640625 0.040625
2 0.6046875 0.1375 0.05703125 0.040625
2 0.6609375 0.1375 0.053125 0.040625
2 0.71875 0.1375 0.05703125 0.040625