2 0.1 0.021875 0.134375 0.0421875
6 0.6140625 0.31015625 0.0125 0.028125
2 0.225 0.34609375 0.03359375 0.06015625
6 0.61484375 0.38203125 0.01171875 0.021875
2 0.69375 0.47265625 0.1703125 0.05390625
6 0.6140625 0.55859375 0.0125 0.02265625
2 0.49140625 0.5640625 0.1046875 0.23203125
2 0.2484375 0.56484375 0.103125 0.2140625
2 0.371875 0.56640625 0.09921875 0.23203125
6 0.6140625 0.58203125 0.0125 0.02265625
6 0.6140625 0.60703125 0.0125 0.02265625
2 0.621875 0.6515625 0.028125 0.03515625
2 0.7625 0.65234375 0.0296875 0.03515625
2 0.6578125 0.653125 0.03203125 0.034375
2 0.69296875 0.65390625 0.02890625 0.0359375
2 0.72890625 0.65390625 0.02890625 0.0359375
2 0.29765625 0.84453125 0.0125 0.02265625
2 0.97421875 0.953125 0.03046875 0.05859375