2 0.0359375 0.146875 0.06796875 0.01328125
6 0.0375 0.165625 0.07109375 0.0203125
2 0.0359375 0.2 0.06796875 0.01328125
2 0.23046875 0.203125 0.20234375 0.09921875
2 0.0375 0.2171875 0.06953125 0.01328125
2 0.0375 0.234375 0.06953125 0.01328125
2 0.0375 0.25234375 0.06953125 0.01328125
2 0.23046875 0.2625 0.028125 0.01875
2 0.0375 0.26875 0.06953125 0.01328125
2 0.0375 0.28671875 0.06953125 0.01328125
2 0.23046875 0.2875 0.2171875 0.03203125
2 0.0375 0.30390625 0.06953125 0.01328125
2 0.0375 0.32109375 0.06953125 0.01328125
2 0.0375 0.33828125 0.06953125 0.01328125
2 0.0375 0.35625 0.06953125 0.01328125
2 0.0359375 0.37890625 0.06796875 0.01328125
2 0.0359375 0.4015625 0.06796875 0.01328125
2 0.23046875 0.4140625 0.13671875 0.22109375
2 0.0359375 0.425 0.06796875 0.01328125
2 0.0359375 0.4484375 0.06796875 0.01328125
2 0.0359375 0.47109375 0.06796875 0.01328125
2 0.1203125 0.04921875 0.240625 0.05625
2 0.0359375 0.49453125 0.06796875 0.01328125
2 0.0359375 0.5171875 0.06796875 0.01328125
2 0.0359375 0.540625 0.06796875 0.01328125
2 0.0359375 0.56328125 0.06796875 0.01328125
2 0.7953125 0.08984375 0.040625 0.021875
2 0.828125 0.08984375 0.02578125 0.021875
2 0.8578125 0.08984375 0.03359375 0.021875
2 0.890625 0.08984375 0.03203125 0.021875
2 0.92734375 0.08984375 0.040625 0.021875
2 0.959375 0.08984375 0.021875 0.021875
2 0.69375 0.08984375 0.059375 0.021875
2 0.7546875 0.08984375 0.040625 0.021875
2 0.98515625 0.09140625 0.02890625 0.0203125
2 0.23046875 0.13515625 0.1015625 0.0375