2 0.18359375 0.05 0.290625 0.075
2 0.13984375 0.8859375 0.01328125 0.015625
6 0.48359375 0.8859375 0.62734375 0.015625
2 0.12578125 0.88671875 0.01171875 0.01640625
2 0.8515625 0.9078125 0.0140625 0.015625
2 0.1359375 0.92578125 0.11640625 0.02265625
2 0.2078125 0.92578125 0.02578125 0.02421875
2 0.24140625 0.9265625 0.03984375 0.02421875
2 0.834375 0.928125 0.04296875 0.01796875
2 0.825 0.95 0.0390625 0.01953125
2 0.11875 0.95703125 0.0828125 0.03359375
2 0.2765625 0.9625 0.0390625 0.01640625
6 0.38671875 0.96328125 0.15078125 0.0203125
2 0.1203125 0.98671875 0.08359375 0.0265625
2 0.8765625 0.11875 0.15625 0.046875
2 0.121875 0.125 0.05546875 0.06015625
2 0.18671875 0.125 0.059375 0.06015625
2 0.25859375 0.125 0.06875 0.06015625
2 0.32734375 0.125 0.05390625 0.06015625
2 0.39375 0.125 0.06328125 0.06015625
2 0.4671875 0.125 0.0671875 0.06015625
2 0.528125 0.125 0.0390625 0.06015625
2 0.0609375 0.125 0.05078125 0.06015625