2 0.63515625 0.02421875 0.10859375 0.03359375
2 0.55390625 0.2703125 0.0734375 0.021875
2 0.61875 0.2703125 0.05546875 0.021875
2 0.7046875 0.2703125 0.11796875 0.021875
2 0.8296875 0.2703125 0.1359375 0.021875
2 0.925 0.2703125 0.0546875 0.021875
2 0.52265625 0.53828125 0.14765625 0.1484375
2 0.203125 0.078125 0.0609375 0.05234375
2 0.26796875 0.078125 0.07109375 0.05234375
2 0.5984375 0.078125 0.0421875 0.05234375
2 0.65703125 0.078125 0.07734375 0.05234375
2 0.7359375 0.078125 0.0828125 0.05234375
6 0.884375 0.08046875 0.2015625 0.03671875
6 0.971875 0.08046875 0.0234375 0.03359375
2 0.971875 0.08046875 0.0234375 0.03359375
2 0.9015625 0.90625 0.11875 0.1875
2 0.08359375 0.11484375 0.13671875 0.20390625