2 0.92421875 0.2703125 0.05546875 0.021875
2 0.8296875 0.2703125 0.13671875 0.021875
2 0.7046875 0.2703125 0.11796875 0.021875
2 0.61875 0.2703125 0.05546875 0.021875
2 0.55390625 0.2703125 0.07421875 0.021875
2 0.203125 0.078125 0.06015625 0.053125
2 0.26796875 0.078125 0.071875 0.053125
2 0.5984375 0.078125 0.04296875 0.053125
2 0.65625 0.078125 0.0765625 0.053125
2 0.7359375 0.078125 0.084375 0.053125
6 0.884375 0.08046875 0.19921875 0.0359375
6 0.97109375 0.08046875 0.02421875 0.03359375
6 0.97109375 0.08046875 0.02421875 0.03359375