2 0.06484375 0.04296875 0.11328125 0.03828125
2 0.30546875 0.0421875 0.22578125 0.084375
2 0.57578125 0.0421875 0.19921875 0.084375
2 0.775 0.0421875 0.19921875 0.084375
2 0.9359375 0.04296875 0.125 0.0859375
2 0.978125 0.1140625 0.04296875 0.0578125
2 0.14765625 0.11328125 0.0453125 0.0578125
2 0.19453125 0.11328125 0.05078125 0.0578125
2 0.24296875 0.11328125 0.05078125 0.0578125
2 0.296875 0.11328125 0.0625 0.0578125
2 0.3546875 0.11328125 0.05546875 0.0578125
2 0.89296875 0.11328125 0.04296875 0.0578125
2 0.83671875 0.11328125 0.06953125 0.0578125
2 0.775 0.11328125 0.0578125 0.0578125
2 0.7171875 0.11328125 0.06015625 0.0578125
2 0.6453125 0.11328125 0.0890625 0.0578125
2 0.34375 0.75234375 0.646875 0.4953125
2 0.83515625 0.5921875 0.2640625 0.03828125
2 0.83515625 0.63125 0.2640625 0.03828125
2 0.83515625 0.6703125 0.2640625 0.03828125
2 0.83515625 0.709375 0.2640625 0.03828125
2 0.83515625 0.7484375 0.2640625 0.03828125
2 0.83515625 0.7875 0.2640625 0.03828125
2 0.83515625 0.8265625 0.2640625 0.03828125
2 0.8328125 0.978125 0.271875 0.040625