2 0.784375 0.175 0.0890625 0.0171875
2 0.8859375 0.175 0.09453125 0.0171875
2 0.115625 0.22734375 0.1140625 0.0609375
6 0.51953125 0.22734375 0.696875 0.0609375
2 0.9046875 0.22734375 0.07421875 0.0609375
2 0.87578125 0.03359375 0.0828125 0.053125
2 0.11640625 0.034375 0.15703125 0.05625
2 0.4390625 0.034375 0.05078125 0.05859375
2 0.5171875 0.034375 0.10625 0.05859375
2 0.61171875 0.034375 0.08515625 0.05859375
2 0.70625 0.034375 0.10546875 0.05859375
2 0.7953125 0.034375 0.07421875 0.05859375
2 0.94765625 0.034375 0.0265625 0.03515625
2 0.9390625 0.35 0.0203125 0.02734375
2 0.8484375 0.56328125 0.01640625 0.01875
2 0.50078125 0.61015625 0.709375 0.1171875
2 0.76640625 0.94453125 0.0640625 0.03515625