2 0.11640625 0.03515625 0.15859375 0.0578125
2 0.43984375 0.03515625 0.05078125 0.0578125
2 0.5171875 0.03515625 0.10546875 0.0578125
2 0.61171875 0.03515625 0.08671875 0.0578125
2 0.70546875 0.03515625 0.10546875 0.0578125
2 0.79453125 0.03515625 0.07421875 0.0578125
2 0.9484375 0.03515625 0.0265625 0.0359375
2 0.78515625 0.17578125 0.0890625 0.0171875
2 0.8859375 0.17578125 0.09609375 0.0171875
6 0.115625 0.22734375 0.115625 0.0625
6 0.51953125 0.22734375 0.696875 0.0625
2 0.90390625 0.22734375 0.07421875 0.0625
2 0.9390625 0.35 0.021875 0.0265625
2 0.2546875 0.7828125 0.04296875 0.0265625
2 0.26328125 0.86796875 0.06015625 0.0265625
2 0.26328125 0.953125 0.06015625 0.0265625
2 0.61640625 0.7859375 0.0984375 0.0265625
2 0.765625 0.7828125 0.1296875 0.0265625
2 0.75 0.8078125 0.1296875 0.0265625
2 0.61640625 0.87109375 0.0984375 0.0265625
2 0.765625 0.86796875 0.1296875 0.0265625
2 0.75 0.8921875 0.1296875 0.0265625
2 0.61640625 0.95703125 0.0984375 0.0265625
2 0.765625 0.953125 0.1296875 0.0265625
2 0.75 0.978125 0.1296875 0.0265625
2 0.7671875 0.94453125 0.06484375 0.0359375