2 0.3484375 0.21484375 0.0640625 0.03828125
2 0.4046875 0.21484375 0.046875 0.03828125
2 0.46171875 0.21484375 0.0640625 0.03828125
2 0.5171875 0.21484375 0.04453125 0.03828125
2 0.5765625 0.21484375 0.07109375 0.03828125
2 0.6421875 0.21484375 0.0578125 0.03828125
2 0.69375 0.21484375 0.04140625 0.03828125
2 0.7375 0.21484375 0.01640625 0.03125
2 0.2796875 0.215625 0.06953125 0.03828125
2 0.2734375 0.25234375 0.05703125 0.03828125
6 0.675 0.40859375 0.12265625 0.025
2 0.65 0.4625 0.071875 0.040625
2 0.403125 0.64375 0.24140625 0.4390625
6 0.675 0.715625 0.12265625 0.025
2 0.53359375 0.09609375 0.57265625 0.19140625