2 0.665625 0.27265625 0.06484375 0.04609375
2 0.2578125 0.0296875 0.12421875 0.03203125
6 0.61875 0.0296875 0.13671875 0.03203125
2 0.71171875 0.0296875 0.046875 0.03203125
2 0.690625 0.38828125 0.11484375 0.04609375
2 0.2328125 0.5578125 0.02890625 0.06640625
2 0.3453125 0.5578125 0.03671875 0.06640625
2 0.459375 0.5578125 0.03125 0.06640625
2 0.2421875 0.7921875 0.0515625 0.09453125
2 0.2140625 0.08515625 0.03671875 0.03359375
2 0.253125 0.08515625 0.04296875 0.03359375
2 0.30546875 0.08515625 0.06015625 0.03359375
2 0.36796875 0.08515625 0.0671875 0.03359375
2 0.4375 0.08515625 0.07109375 0.03359375
2 0.7859375 0.0875 0.01328125 0.02109375
2 0.40234375 0.95625 0.25078125 0.08671875