6 0.4640625 0.240625 0.31953125 0.05078125
6 0.6625 0.240625 0.0671875 0.05078125
2 0.06953125 0.38125 0.021875 0.02890625
2 0.1046875 0.38125 0.02421875 0.02890625
2 0.1390625 0.38125 0.021875 0.02890625
2 0.1734375 0.38125 0.02421875 0.02890625
2 0.2078125 0.38125 0.021875 0.02890625
2 0.24140625 0.38125 0.02421875 0.02890625
2 0.2765625 0.38125 0.021875 0.02890625
2 0.3109375 0.38125 0.02421875 0.02890625
2 0.3453125 0.38125 0.02421875 0.02890625
2 0.3796875 0.38125 0.02421875 0.02890625
2 0.41328125 0.38125 0.021875 0.02890625
2 0.4484375 0.38125 0.02421875 0.02890625
2 0.4828125 0.38125 0.02421875 0.02890625
2 0.5171875 0.38125 0.02421875 0.02890625
2 0.5515625 0.38125 0.02421875 0.02890625
2 0.58515625 0.38125 0.02421875 0.02890625
2 0.6203125 0.38125 0.021875 0.02890625
2 0.6546875 0.38125 0.02421875 0.02890625
2 0.6890625 0.38125 0.02421875 0.02890625
2 0.7234375 0.38125 0.02421875 0.02890625
2 0.75703125 0.38125 0.02421875 0.02890625
2 0.7921875 0.38125 0.02421875 0.02890625
2 0.8265625 0.38125 0.02421875 0.02890625
2 0.8609375 0.38125 0.02421875 0.02890625
2 0.8953125 0.38125 0.02421875 0.02890625
2 0.92890625 0.38125 0.02421875 0.02890625
2 0.8953125 0.47578125 0.09140625 0.053125
2 0.1984375 0.76953125 0.28125 0.45703125
2 0.5 0.76953125 0.28125 0.45703125
2 0.8015625 0.76953125 0.28125 0.45703125