2 0.69609375 0.03359375 0.053125 0.02109375
2 0.7734375 0.03359375 0.096875 0.02109375
2 0.2515625 0.04453125 0.1484375 0.04375
2 0.54453125 0.5828125 0.01640625 0.03125
2 0.5671875 0.5828125 0.01640625 0.03125
2 0.58984375 0.5828125 0.01640625 0.03125
2 0.18359375 0.1078125 0.01171875 0.05078125
2 0.2828125 0.1078125 0.0234375 0.05078125
2 0.33125 0.1078125 0.04296875 0.05078125
2 0.403125 0.1078125 0.07109375 0.05078125
2 0.465625 0.1078125 0.025 0.05078125
2 0.5125 0.1078125 0.0375 0.05078125
2 0.5625 0.1078125 0.03125 0.05078125
2 0.61328125 0.1078125 0.04140625 0.05078125
2 0.665625 0.1078125 0.0328125 0.05078125
6 0.759375 0.1078125 0.12578125 0.0265625
2 0.23046875 0.10859375 0.05234375 0.05078125