2 0.71328125 0.20625 0.1703125 0.046875
2 0.2640625 0.24375 0.12578125 0.12265625
2 0.3953125 0.24375 0.12109375 0.12265625
2 0.5265625 0.24375 0.12578125 0.12265625
2 0.7140625 0.253125 0.1703125 0.04453125
2 0.2875 0.03046875 0.20625 0.0609375
2 0.7140625 0.3015625 0.1703125 0.04453125
2 0.5 0.03125 0.20390625 0.0625
2 0.7140625 0.34765625 0.16953125 0.04765625
2 0.71328125 0.39453125 0.1703125 0.04609375
2 0.71484375 0.4421875 0.17109375 0.046875
2 0.2140625 0.7078125 0.00703125 0.01796875
2 0.403125 0.7078125 0.00703125 0.01796875
2 0.2140625 0.74296875 0.00703125 0.01796875
2 0.403125 0.74296875 0.00703125 0.01796875
2 0.709375 0.75703125 0.178125 0.0734375
2 0.2140625 0.7953125 0.00703125 0.01796875
2 0.403125 0.7953125 0.00703125 0.01796875
2 0.2140625 0.82890625 0.00703125 0.01796875
2 0.403125 0.82890625 0.00703125 0.01796875
2 0.7078125 0.00859375 0.16953125 0.0171875
2 0.71015625 0.86171875 0.178125 0.0734375
2 0.2140625 0.86328125 0.00703125 0.01796875
2 0.403125 0.86328125 0.00703125 0.01796875
2 0.2140625 0.89765625 0.00703125 0.01796875
2 0.71015625 0.9609375 0.1796875 0.078125
6 0.34609375 0.98515625 0.18671875 0.0296875
2 0.48671875 0.98515625 0.09453125 0.0296875