2 0.67421875 0.0296875 0.05 0.01796875
2 0.7453125 0.0296875 0.08984375 0.01796875
2 0.2765625 0.03984375 0.13359375 0.0390625
2 0.53984375 0.5234375 0.01484375 0.0265625
2 0.56015625 0.5234375 0.01484375 0.0265625
2 0.58125 0.5234375 0.01484375 0.0265625
2 0.27734375 0.52421875 0.03125 0.05546875
2 0.215625 0.09609375 0.0109375 0.0453125
2 0.25859375 0.09609375 0.0484375 0.0453125
2 0.30703125 0.09609375 0.021875 0.0453125
2 0.35078125 0.09609375 0.03984375 0.0453125
2 0.41640625 0.09609375 0.0640625 0.0453125
2 0.471875 0.09609375 0.02265625 0.0453125
2 0.51328125 0.09609375 0.03359375 0.0453125
2 0.603125 0.09609375 0.03671875 0.0453125
2 0.64921875 0.09609375 0.02890625 0.0453125
6 0.7328125 0.09609375 0.11328125 0.025
2 0.5578125 0.096875 0.02890625 0.0453125