2 0.26875 0.48203125 0.11171875 0.1125
2 0.384375 0.48203125 0.11171875 0.1125
2 0.5 0.48203125 0.11171875 0.1125
2 0.615625 0.48203125 0.11171875 0.1125
2 0.73125 0.48203125 0.11171875 0.1125
6 0.425 0.79375 0.325 0.03515625
2 0.34375 0.84765625 0.01640625 0.01796875
2 0.359375 0.84765625 0.0140625 0.01796875
2 0.4046875 0.84765625 0.02578125 0.01796875
2 0.4296875 0.84765625 0.0234375 0.01796875
2 0.45 0.84765625 0.0171875 0.01796875
2 0.46796875 0.84765625 0.02109375 0.01796875
2 0.3078125 0.87265625 0.0328125 0.01796875
2 0.3421875 0.87265625 0.03671875 0.01796875
2 0.275 0.9328125 0.02421875 0.04375
2 0.26875 0.12265625 0.11171875 0.1125
2 0.384375 0.12265625 0.11171875 0.1125
2 0.5 0.12265625 0.11171875 0.1125
2 0.615625 0.12265625 0.11171875 0.1125
2 0.73125 0.12265625 0.11171875 0.1125