2 0.76875 0.04609375 0.10546875 0.05
2 0.9578125 0.04609375 0.084375 0.05234375
2 0.86796875 0.04609375 0.09375 0.04921875
2 0.1203125 0.46328125 0.15546875 0.0625
6 0.384375 0.046875 0.4578125 0.06015625
2 0.07734375 0.0484375 0.12421875 0.05546875
6 0.37265625 0.66953125 0.378125 0.08359375
2 0.10625 0.73984375 0.04609375 0.05234375
2 0.1953125 0.73984375 0.0859375 0.05234375
2 0.27578125 0.73984375 0.028125 0.05234375
2 0.33203125 0.73984375 0.0375 0.05234375
2 0.41328125 0.73984375 0.078125 0.05234375
2 0.528125 0.73984375 0.10546875 0.05234375
2 0.0515625 0.740625 0.01640625 0.0546875
2 0.18515625 0.95703125 0.284375 0.0859375
2 0.5 0.95703125 0.28515625 0.0859375
2 0.815625 0.95703125 0.284375 0.0859375