2 0.90234375 0.06328125 0.11484375 0.059375
2 0.51015625 0.06328125 0.07890625 0.05625
2 0.64375 0.0640625 0.18359375 0.05625
2 0.790625 0.0640625 0.10546875 0.06015625
2 0.075 0.0640625 0.10234375 0.05859375
6 0.303125 0.640625 0.55625 0.07578125
6 0.7328125 0.640625 0.278125 0.07578125
2 0.93046875 0.640625 0.09296875 0.06796875
2 0.97265625 0.74140625 0.0265625 0.053125
2 0.13828125 0.74375 0.1828125 0.0625
2 0.3765625 0.74375 0.29375 0.0625
2 0.58125 0.74375 0.115625 0.0625
2 0.70859375 0.74375 0.13984375 0.0625
2 0.8234375 0.74375 0.08984375 0.0625
2 0.93359375 0.74375 0.1328125 0.0625
2 0.0234375 0.74375 0.04375 0.06015625
2 0.9296875 0.95546875 0.10078125 0.06484375
2 0.175 0.96640625 0.303125 0.0671875
2 0.5 0.96640625 0.303125 0.0671875
2 0.825 0.96640625 0.303125 0.0671875