2 0.07421875 0.06484375 0.103125 0.06015625
6 0.303125 0.640625 0.5578125 0.07421875
6 0.7328125 0.640625 0.27890625 0.07421875
2 0.93046875 0.640625 0.09375 0.0671875
2 0.13828125 0.74375 0.1828125 0.0625
2 0.3765625 0.74375 0.2953125 0.0625
2 0.58046875 0.74375 0.115625 0.0625
2 0.7078125 0.74375 0.1390625 0.0625
2 0.8234375 0.74375 0.09140625 0.0625
2 0.93359375 0.74375 0.13203125 0.06484375
2 0.17578125 0.96640625 0.30546875 0.06484375
2 0.5 0.96640625 0.30546875 0.06484375
2 0.82578125 0.96640625 0.30546875 0.06484375