2 0.86796875 0.9171875 0.11328125 0.021875
2 0.70703125 0.91953125 0.09609375 0.02421875
2 0.06875 0.3125 0.115625 0.06484375
2 0.2078125 0.3125 0.13671875 0.09375
2 0.35078125 0.3125 0.11796875 0.09375
6 0.6203125 0.3125 0.3921875 0.06015625
2 0.9 0.30859375 0.06015625 0.0984375
2 0.959375 0.30859375 0.02421875 0.0359375
2 0.1546875 0.49375 0.3078125 0.259375
2 0.1546875 0.75234375 0.3078125 0.259375
2 0.025 0.49375 0.05 0.259375
2 0.025 0.7515625 0.05 0.259375
2 0.203125 0.49375 0.3078125 0.259375
2 0.12734375 0.75234375 0.15390625 0.259375
2 0.2796875 0.75234375 0.15390625 0.259375
2 0.43359375 0.49375 0.15390625 0.259375
2 0.43359375 0.75234375 0.15390625 0.259375
2 0.66328125 0.49375 0.3078125 0.259375
2 0.66328125 0.75234375 0.3078125 0.259375
2 0.89296875 0.49375 0.15390625 0.259375
2 0.984375 0.4953125 0.02890625 0.26171875
2 0.9078125 0.75234375 0.1828125 0.26171875
2 0.11171875 0.92578125 0.1703125 0.05546875
2 0.25859375 0.92578125 0.12734375 0.05546875
2 0.37265625 0.92578125 0.10546875 0.05546875
2 0.4734375 0.92578125 0.10078125 0.05546875
2 0.6109375 0.92578125 0.17578125 0.05546875
2 0.75234375 0.92578125 0.1109375 0.05546875
2 0.8640625 0.92578125 0.115625 0.05546875
2 0.959375 0.9265625 0.0796875 0.0578125