2 0.9 0.30859375 0.05859375 0.09921875
2 0.959375 0.30859375 0.0234375 0.03671875
2 0.8359375 0.3109375 0.0359375 0.05859375
2 0.2078125 0.3125 0.13671875 0.09375
2 0.35078125 0.3125 0.11875 0.09375
6 0.6203125 0.3125 0.39140625 0.06015625
2 0.06875 0.3125 0.1140625 0.06484375
2 0.84453125 0.49140625 0.1546875 0.259375
2 0.15546875 0.49375 0.30625 0.259375
2 0.61484375 0.49375 0.3078125 0.259375
2 0.9609375 0.49453125 0.07734375 0.25
2 0.38515625 0.496875 0.1546875 0.259375
2 0.153125 0.72265625 0.30625 0.20390625
2 0.38671875 0.72265625 0.1546875 0.1984375
2 0.6140625 0.72265625 0.303125 0.196875
2 0.884375 0.725 0.22734375 0.1984375
2 0.975 0.9109375 0.01796875 0.02890625
2 0.8671875 0.91171875 0.14921875 0.04296875
2 0.5 0.10390625 1 0.2078125