6 0.40234375 0.046875 0.4234375 0.06015625
2 0.7703125 0.046875 0.11328125 0.09375
2 0.87109375 0.046875 0.0890625 0.09375
2 0.96171875 0.0484375 0.07421875 0.09609375
2 0.1203125 0.4640625 0.15625 0.0625
6 0.37265625 0.66953125 0.37734375 0.084375
2 0.0515625 0.740625 0.0171875 0.05546875
2 0.10546875 0.7390625 0.0453125 0.053125
2 0.19453125 0.7390625 0.08671875 0.053125
2 0.2765625 0.7390625 0.02890625 0.053125
2 0.33203125 0.7390625 0.03828125 0.053125
2 0.41328125 0.7390625 0.0796875 0.053125
2 0.52890625 0.7390625 0.10546875 0.053125
2 0.18515625 0.95703125 0.2859375 0.084375
2 0.5 0.95703125 0.2859375 0.084375