2 0.3171875 0.0328125 0.09375 0.065625
2 0.5 0.0328125 0.09375 0.065625
2 0.6828125 0.0328125 0.09375 0.065625
2 0.30703125 0.32734375 0.096875 0.1015625
2 0.440625 0.32734375 0.096875 0.1015625
2 0.57421875 0.32734375 0.096875 0.1015625
2 0.7078125 0.32734375 0.096875 0.1015625
2 0.30703125 0.48203125 0.078125 0.0390625
2 0.440625 0.48203125 0.078125 0.0390625
2 0.57421875 0.48203125 0.078125 0.0390625
2 0.7078125 0.48203125 0.078125 0.0390625
2 0.6359375 0.68984375 0.059375 0.10546875
2 0.3625 0.69296875 0.05625 0.11015625
2 0.36328125 0.8625 0.0609375 0.0390625
2 0.6375 0.8625 0.08125 0.0390625
6 0.27734375 0.9484375 0.08828125 0.028125
2 0.3546875 0.9484375 0.0640625 0.0390625
2 0.65625 0.95 0.0234375 0.0421875
2 0.68125 0.95 0.0234375 0.0421875
2 0.70625 0.95 0.0234375 0.0421875