6 0.5078125 0.271875 0.19609375 0.04375
6 0.715625 0.271875 0.19609375 0.04375
2 0.25625 0.3296875 0.140625 0.253125
6 0.5078125 0.33828125 0.19609375 0.04375
6 0.715625 0.33828125 0.19609375 0.04375
6 0.6109375 0.44375 0.4046875 0.125
6 0.7109375 0.54140625 0.0234375 0.04375
2 0.77265625 0.54140625 0.08359375 0.04375
2 0.72265625 0.0671875 0.18203125 0.13359375
6 0.69375 0.7046875 0.09296875 0.03359375
2 0.7234375 0.7046875 0.0328125 0.03359375
2 0.4328125 0.72265625 0.10625 0.0703125
2 0.72421875 0.83671875 0.01796875 0.0359375
2 0.746875 0.8375 0.0203125 0.0375