2 0.08515625 0.03359375 0.0890625 0.02890625
2 0.1875 0.03359375 0.115625 0.02890625
2 0.27265625 0.03359375 0.05546875 0.02890625
2 0.584375 0.03359375 0.11796875 0.02890625
2 0.7140625 0.03359375 0.1390625 0.02890625
2 0.83515625 0.03359375 0.10546875 0.02890625
2 0.9234375 0.03359375 0.06953125 0.02890625
2 0.2125 0.12109375 0.1296875 0.1109375
2 0.49140625 0.12109375 0.15390625 0.1109375
2 0.65625 0.12109375 0.17578125 0.1109375
2 0.7859375 0.12109375 0.08671875 0.1109375
2 0.89296875 0.12109375 0.0671875 0.1109375
2 0.5 0.69140625 0.21640625 0.0671875