2 0.08046875 0.03828125 0.115625 0.0453125
2 0.48203125 0.0375 0.12734375 0.04296875
2 0.5953125 0.0359375 0.08203125 0.03828125
2 0.66953125 0.0359375 0.06953125 0.03828125
2 0.73671875 0.0359375 0.06484375 0.03828125
2 0.80859375 0.0359375 0.08203125 0.03828125
2 0.8796875 0.0359375 0.0625 0.03828125
2 0.94375 0.0359375 0.0671875 0.03828125
2 0.05390625 0.084375 0.0625 0.0453125
2 0.1140625 0.084375 0.06015625 0.0453125
2 0.2078125 0.084375 0.1296875 0.0453125
2 0.296875 0.084375 0.05078125 0.0453125
2 0.3546875 0.084375 0.06953125 0.0453125
2 0.4390625 0.084375 0.10078125 0.0453125
2 0.515625 0.084375 0.05546875 0.0453125
2 0.58203125 0.084375 0.0765625 0.0453125
2 0.65 0.084375 0.0625 0.0453125
2 0.0890625 0.4125 0.1203125 0.0625
2 0.5 0.578125 0.23828125 0.0484375
6 0.28125 0.759375 0.27890625 0.053125
2 0.46484375 0.759375 0.0765625 0.053125