6 0.05546875 0.31171875 0.028125 0.03671875
2 0.59453125 0.03671875 0.08203125 0.0390625
2 0.6703125 0.03671875 0.0703125 0.0390625
2 0.7359375 0.03671875 0.0640625 0.0390625
2 0.80859375 0.03671875 0.08203125 0.0390625
2 0.8796875 0.03671875 0.0625 0.0390625
2 0.94375 0.03671875 0.06640625 0.0390625
2 0.48125 0.0375 0.1265625 0.04140625
2 0.08125 0.0390625 0.115625 0.04453125
2 0.0890625 0.4125 0.1203125 0.0625
2 0.49921875 0.578125 0.2375 0.046875
2 0.09921875 0.6984375 0.0546875 0.0734375
6 0.28125 0.759375 0.2796875 0.05234375
2 0.465625 0.759375 0.07734375 0.05234375
2 0.1140625 0.084375 0.059375 0.0453125
2 0.2078125 0.084375 0.1296875 0.0453125
2 0.29609375 0.084375 0.05 0.0453125
2 0.3546875 0.084375 0.06875 0.0453125
2 0.43828125 0.084375 0.1015625 0.0453125
2 0.51640625 0.084375 0.05546875 0.0453125
2 0.05390625 0.084375 0.06171875 0.0453125
2 0.58125 0.084375 0.07734375 0.0453125
2 0.65 0.084375 0.06171875 0.0453125