2 0.2546875 0.09375 0.428125 0.0984375
2 0.91796875 0.0734375 0.08203125 0.0671875
2 0.78984375 0.0765625 0.02421875 0.03125
2 0.82578125 0.0765625 0.02421875 0.03125
2 0.86171875 0.0765625 0.02421875 0.03125
2 0.75390625 0.0765625 0.0265625 0.03359375
2 0.5828125 0.0765625 0.06015625 0.03125
2 0.6546875 0.0765625 0.08203125 0.03125
2 0.60234375 0.12890625 0.053125 0.03125
2 0.6609375 0.12890625 0.0671875 0.03125
2 0.7390625 0.12890625 0.09375 0.03125
2 0.82578125 0.12890625 0.08203125 0.03125
2 0.89296875 0.12890625 0.053125 0.03125
2 0.6 0.15859375 0.0484375 0.03125
2 0.078125 0.18359375 0.07421875 0.04296875
2 0.15 0.18359375 0.06953125 0.04296875
2 0.25390625 0.18359375 0.13671875 0.04296875
2 0.359375 0.18359375 0.07421875 0.04296875
2 0.45078125 0.18359375 0.1078125 0.04296875
2 0.5515625 0.18359375 0.09375 0.04296875
2 0.6390625 0.18359375 0.08203125 0.04296875
2 0.759375 0.18359375 0.15859375 0.04296875
2 0.89921875 0.18359375 0.1203125 0.04296875
2 0.7984375 0.625 0.321875 0.15859375
2 0.1296875 0.86875 0.18046875 0.259375
2 0.328125 0.86875 0.18046875 0.259375
2 0.525 0.86875 0.18046875 0.259375