6 0.528125 0.27578125 0.696875 0.0375
2 0.8984375 0.2765625 0.04453125 0.0390625
2 0.5828125 0.04921875 0.07734375 0.06171875
2 0.88984375 0.05 0.0625 0.06171875
2 0.27578125 0.05 0.07890625 0.06171875
2 0.3546875 0.05 0.0796875 0.06171875
2 0.43828125 0.05 0.08671875 0.06171875
2 0.51171875 0.05 0.06171875 0.06171875
2 0.653125 0.05 0.06484375 0.06171875
2 0.2078125 0.05078125 0.05703125 0.06171875
2 0.80703125 0.67421875 0.01640625 0.0390625
2 0.82890625 0.67421875 0.021875 0.03984375
2 0.85390625 0.675 0.02109375 0.0421875
2 0.9015625 0.67578125 0.01953125 0.040625
2 0.878125 0.6765625 0.02109375 0.0421875
2 0.828125 0.7578125 0.1671875 0.0390625
2 0.828125 0.80546875 0.1671875 0.0390625
2 0.828125 0.85234375 0.1671875 0.0390625
2 0.271875 0.86171875 0.1671875 0.13515625
2 0.828125 0.8984375 0.1671875 0.0390625
2 0.828125 0.94609375 0.1671875 0.0390625