2 0.084375 0.053125 0.1109375 0.071875
6 0.571875 0.05546875 0.5265625 0.1109375
2 0.875 0.05546875 0.084375 0.1109375
2 0.6546875 0.02265625 0.65625 0.0453125
2 0.95703125 0.05625 0.0828125 0.1125
2 0.85234375 0.1671875 0.2328125 0.07421875
2 0.85234375 0.1671875 0.2328125 0.07421875
2 0.490625 0.98828125 0.41328125 0.021875
2 0.490625 0.98828125 0.41328125 0.021875
2 0.490625 0.98828125 0.41328125 0.021875
2 0.17578125 0.95078125 0.08671875 0.0265625
2 0.79453125 0.62265625 0.2765625 0.10546875
2 0.79453125 0.73203125 0.2765625 0.07421875