2 0.4328125 0.15546875 0.02109375 0.0375
2 0.7046875 0.16171875 0.0453125 0.0546875
2 0.74765625 0.1625 0.028125 0.05546875
2 0.59296875 0.30625 0.03828125 0.04765625
2 0.59375 0.30703125 0.35625 0.36484375
2 0.40859375 0.05078125 0.35859375 0.0390625
2 0.7234375 0.5609375 0.09375 0.040625
6 0.2359375 0.65234375 0.01328125 0.02421875
6 0.4203125 0.65234375 0.01328125 0.02421875
6 0.603125 0.65234375 0.01328125 0.02421875
2 0.5 0.76953125 0.1734375 0.18671875
2 0.684375 0.76953125 0.1734375 0.18671875
2 0.315625 0.775 0.1734375 0.18671875
2 0.40859375 0.0125 0.36015625 0.025