6 0.85 0.21953125 0.203125 0.04140625
2 0.92109375 0.2203125 0.0625 0.03515625
2 0.7765625 0.353125 0.059375 0.0796875
2 0.5796875 0.46796875 0.284375 0.0765625
2 0.4 0.46875 0.06328125 0.046875
6 0.2390625 0.46875 0.38984375 0.053125
2 0.8 0.490625 0.03046875 0.0171875
2 0.77109375 0.5640625 0.04765625 0.0640625
2 0.153125 0.61953125 0.196875 0.03125
2 0.3640625 0.61953125 0.196875 0.03125
2 0.575 0.61953125 0.196875 0.03125
2 0.153125 0.65 0.196875 0.03125
2 0.3640625 0.65 0.196875 0.03125
2 0.575 0.65 0.196875 0.03125
2 0.153125 0.6796875 0.196875 0.03125
2 0.3640625 0.6796875 0.196875 0.03125
2 0.575 0.6796875 0.196875 0.03125
2 0.7625 0.709375 0.03125 0.0171875
2 0.153125 0.709375 0.196875 0.03125
2 0.3640625 0.709375 0.196875 0.03125
2 0.575 0.709375 0.196875 0.03125
2 0.153125 0.73984375 0.196875 0.03125
2 0.3640625 0.73984375 0.196875 0.03125
2 0.575 0.73984375 0.196875 0.03125
2 0.153125 0.76953125 0.196875 0.03125
2 0.3640625 0.76953125 0.196875 0.03125
2 0.575 0.76953125 0.196875 0.03125
2 0.7765625 0.7796875 0.059375 0.05625
2 0.153125 0.79921875 0.196875 0.03125
2 0.3640625 0.79921875 0.196875 0.03125
2 0.575 0.79921875 0.196875 0.03125
2 0.153125 0.8296875 0.196875 0.03125
2 0.3640625 0.8296875 0.196875 0.03125
2 0.575 0.8296875 0.196875 0.03125
2 0.153125 0.859375 0.196875 0.03125
2 0.3640625 0.859375 0.196875 0.03125
2 0.575 0.859375 0.196875 0.03125
2 0.153125 0.8890625 0.196875 0.03125
2 0.3640625 0.8890625 0.196875 0.03125
2 0.575 0.8890625 0.196875 0.03125
2 0.92734375 0.9046875 0.03046875 0.0171875
2 0.7765625 0.9734375 0.059375 0.053125
6 0.2625 0.9875 0.434375 0.025