6 0.8453125 0.2171875 0.17578125 0.03125
2 0.9203125 0.22109375 0.0625 0.0359375
2 0.7765625 0.353125 0.06015625 0.0796875
2 0.80078125 0.490625 0.03125 0.0171875
2 0.7703125 0.56484375 0.0484375 0.06484375
2 0.76328125 0.709375 0.03125 0.0171875
2 0.7765625 0.77890625 0.06015625 0.0578125
2 0.9265625 0.90390625 0.03125 0.0171875
2 0.77734375 0.9734375 0.06015625 0.05078125
6 0.19921875 0.46484375 0.29296875 0.0453125
2 0.4 0.46875 0.0625 0.0484375
2 0.5796875 0.4671875 0.28359375 0.0765625
2 0.15390625 0.6203125 0.196875 0.03125
2 0.3640625 0.6203125 0.196875 0.03125
2 0.57578125 0.6203125 0.196875 0.03125
2 0.15390625 0.65 0.196875 0.03125
2 0.3640625 0.65 0.196875 0.03125
2 0.57578125 0.65 0.196875 0.03125
2 0.15390625 0.68046875 0.196875 0.03125
2 0.3640625 0.68046875 0.196875 0.03125
2 0.57578125 0.68046875 0.196875 0.03125
2 0.15390625 0.709375 0.196875 0.03125
2 0.3640625 0.709375 0.196875 0.03125
2 0.57578125 0.709375 0.196875 0.03125
2 0.15390625 0.7390625 0.196875 0.03125
2 0.3640625 0.7390625 0.196875 0.03125
2 0.57578125 0.7390625 0.196875 0.03125
2 0.15390625 0.76953125 0.196875 0.03125
2 0.3640625 0.76953125 0.196875 0.03125
2 0.57578125 0.76953125 0.196875 0.03125
2 0.15390625 0.79921875 0.196875 0.03125
2 0.3640625 0.79921875 0.196875 0.03125
2 0.57578125 0.79921875 0.196875 0.03125
2 0.15390625 0.8296875 0.196875 0.03125
2 0.3640625 0.8296875 0.196875 0.03125
2 0.57578125 0.8296875 0.196875 0.03125
2 0.15390625 0.859375 0.196875 0.03125
2 0.3640625 0.859375 0.196875 0.03125
2 0.57578125 0.859375 0.196875 0.03125
2 0.15390625 0.8890625 0.196875 0.03125
2 0.3640625 0.8890625 0.196875 0.03125
2 0.57578125 0.8890625 0.196875 0.03125
6 0.26328125 0.98671875 0.43515625 0.02421875