2 0.30546875 0.14453125 0.5625 0.084375
2 0.08984375 0.2359375 0.1796875 0.053125
2 0.2859375 0.2359375 0.21640625 0.053125
2 0.4953125 0.2359375 0.20703125 0.053125
2 0.68046875 0.2359375 0.16796875 0.053125
2 0.9484375 0.23671875 0.103125 0.053125
2 0.53515625 0.70546875 0.02421875 0.03125
2 0.5625 0.70546875 0.02421875 0.03125
2 0.58984375 0.70546875 0.02421875 0.03125
2 0.61875 0.70546875 0.02421875 0.03125
2 0.646875 0.70546875 0.02421875 0.03125
2 0.0765625 0.9046875 0.08203125 0.08671875
2 0.15625 0.9046875 0.0796875 0.08671875
2 0.2359375 0.9046875 0.0796875 0.08671875
2 0.31484375 0.9046875 0.0796875 0.08671875
2 0.39453125 0.9046875 0.0796875 0.08671875
2 0.4734375 0.9046875 0.08203125 0.08671875
2 0.553125 0.9046875 0.0796875 0.08671875
2 0.63203125 0.9046875 0.0796875 0.08671875