2 0.69609375 0.41796875 0.14921875 0.32734375
2 0.4046875 0.46328125 0.3515625 0.41875
2 0.746875 0.5609375 0.015625 0.0421875
2 0.7625 0.5609375 0.015625 0.0421875
2 0.634375 0.5671875 0.00703125 0.0125
2 0.64296875 0.5671875 0.00703125 0.0125
2 0.6515625 0.5671875 0.00703125 0.0125
2 0.6609375 0.5671875 0.00703125 0.0125
2 0.66953125 0.5671875 0.00703125 0.0125
2 0.678125 0.5671875 0.00703125 0.0125
2 0.6875 0.5671875 0.00703125 0.0125
2 0.69609375 0.5671875 0.00703125 0.0125
6 0.671875 0.69140625 0.10078125 0.04921875
2 0.746875 0.69140625 0.0484375 0.04921875
2 0.6359375 0.871875 0.02734375 0.04921875
2 0.65390625 0.9625 0.06328125 0.05
2 0.240625 0.12890625 0.04375 0.06328125
2 0.321875 0.12890625 0.11953125 0.06328125
2 0.4046875 0.12890625 0.04609375 0.06328125
2 0.45625 0.12890625 0.05703125 0.06328125