2 0.31015625 0.33203125 0.115625 0.11640625
6 0.4875 0.58828125 0.0125 0.02265625
2 0.7109375 0.59140625 0.0734375 0.03515625
6 0.359375 0.5921875 0.215625 0.03671875
2 0.3328125 0.71875 0.0171875 0.028125
2 0.35 0.71875 0.0171875 0.028125
2 0.3671875 0.71875 0.0171875 0.028125
2 0.38359375 0.71875 0.0171875 0.028125
2 0.39375 0.8 0.02890625 0.04765625
2 0.4578125 0.8 0.06640625 0.04765625
2 0.528125 0.8 0.0421875 0.04765625
2 0.59296875 0.8 0.05625 0.04765625
2 0.31015625 0.08671875 0.115625 0.11640625
2 0.43671875 0.08671875 0.115625 0.11640625
2 0.5640625 0.08671875 0.115625 0.11640625
2 0.690625 0.08671875 0.115625 0.11640625