2 0.7703125 0.04609375 0.01640625 0.02578125
2 0.78671875 0.04609375 0.01640625 0.025
2 0.3046875 0.046875 0.19140625 0.06640625
2 0.7328125 0.046875 0.04921875 0.0296875
2 0.78046875 0.59921875 0.021875 0.03203125
6 0.4890625 0.59921875 0.56015625 0.03359375
2 0.30078125 0.790625 0.18359375 0.1859375
2 0.5 0.790625 0.18359375 0.1859375
2 0.69921875 0.79140625 0.1828125 0.1859375
2 0.24375 0.12265625 0.06953125 0.05625
2 0.315625 0.12265625 0.04921875 0.05625
2 0.3890625 0.12265625 0.07265625 0.05625
2 0.475 0.12265625 0.0734375 0.05625
2 0.55546875 0.12265625 0.06328125 0.05625
2 0.65078125 0.12265625 0.10234375 0.05625
2 0.753125 0.12265625 0.0765625 0.05625