2 0.3109375 0.14296875 0.053125 0.03359375
2 0.365625 0.14296875 0.053125 0.03359375
2 0.41875 0.14296875 0.053125 0.03359375
2 0.4734375 0.14296875 0.053125 0.03359375
2 0.5265625 0.14296875 0.053125 0.03359375
2 0.58125 0.14296875 0.053125 0.03359375
2 0.63515625 0.14296875 0.053125 0.03359375
2 0.31171875 0.1765625 0.053125 0.03359375
6 0.6671875 0.0625 0.0953125 0.02421875
2 0.70625 0.0625 0.00625 0.0109375
2 0.38125 0.07109375 0.19296875 0.06484375
2 0.61875 0.91796875 0.01328125 0.02421875
2 0.6375 0.91796875 0.01328125 0.02421875
2 0.65546875 0.91796875 0.01328125 0.02421875
2 0.67421875 0.91796875 0.01328125 0.02421875
2 0.69296875 0.91796875 0.01328125 0.02421875
2 0.61875 0.94921875 0.01328125 0.02421875
2 0.6375 0.94921875 0.01328125 0.02421875
2 0.65546875 0.94921875 0.01328125 0.02421875
2 0.67421875 0.94921875 0.01328125 0.02421875
2 0.69296875 0.94921875 0.01328125 0.02421875