2 0.20546875 0.18046875 0.025 0.06875
2 0.8 0.18515625 0.0296875 0.08046875
2 0.496875 0.38671875 0.01015625 0.01796875
2 0.5078125 0.3875 0.01015625 0.01796875
6 0.7 0.625 0.271875 0.025
2 0.5 0.0640625 0.078125 0.128125
6 0.56796875 0.6671875 0.00703125 0.0125
2 0.5921875 0.75625 0.06328125 0.0296875
2 0.6796875 0.9453125 0.009375 0.0234375
2 0.19921875 0.94765625 0.065625 0.028125
2 0.7390625 0.94921875 0.0125 0.01875
2 0.70703125 0.94921875 0.0078125 0.0109375
2 0.7234375 0.94921875 0.0125 0.01953125
2 0.69375 0.94921875 0.01171875 0.021875