2 0.5703125 0.24375 0.0453125 0.02265625
2 0.6671875 0.24453125 0.04609375 0.02265625
2 0.715625 0.2453125 0.0453125 0.02109375
2 0.61875 0.2453125 0.04609375 0.021875
2 0.5625 0.296875 0.025 0.03828125
2 0.4734375 0.3453125 0.1 0.10546875
2 0.5625 0.3484375 0.025 0.03828125
2 0.5625 0.3984375 0.025 0.03828125
2 0.4328125 0.04140625 0.1 0.0828125
2 0.553125 0.04140625 0.1 0.0828125
2 0.5625 0.45 0.025 0.03828125
2 0.5625 0.50078125 0.025 0.03828125
2 0.3109375 0.05078125 0.1 0.1015625
2 0.4734375 0.559375 0.1 0.10546875
2 0.6359375 0.5640625 0.028125 0.02109375
6 0.58046875 0.565625 0.07734375 0.02421875
2 0.57265625 0.68359375 0.06171875 0.1
2 0.4734375 0.7546875 0.1 0.10546875
2 0.4734375 0.9375 0.1 0.1046875