6 0.80546875 0.0640625 0.15625 0.02890625
2 0.92421875 0.0640625 0.0671875 0.03515625
2 0.0921875 0.17109375 0.10234375 0.084375
2 0.18046875 0.17109375 0.07421875 0.084375
2 0.26015625 0.17109375 0.08515625 0.084375
2 0.365625 0.17109375 0.125 0.084375
2 0.4640625 0.17109375 0.0734375 0.084375
2 0.56328125 0.17109375 0.125 0.084375
2 0.6828125 0.17109375 0.1140625 0.084375
2 0.8828125 0.1734375 0.15234375 0.04296875
2 0.3265625 0.79765625 0.01640625 0.0171875
2 0.3421875 0.79765625 0.01640625 0.0171875
2 0.3578125 0.79765625 0.01640625 0.0171875