2 0.85703125 0.15859375 0.11015625 0.04140625
2 0.8484375 0.025 0.0203125 0.0140625
2 0.87265625 0.025 0.0203125 0.0140625
2 0.896875 0.025 0.0203125 0.0140625
2 0.9203125 0.025 0.0203125 0.0140625
2 0.80703125 0.03515625 0.04921875 0.0421875
6 0.7140625 0.03515625 0.1328125 0.0296875
2 0.20234375 0.4859375 0.06640625 0.0421875
2 0.8421875 0.82890625 0.1578125 0.171875
2 0.25703125 0.82890625 0.17578125 0.171875
2 0.45234375 0.82890625 0.17578125 0.171875
2 0.646875 0.82890625 0.17578125 0.171875
2 0.2859375 0.12734375 0.23359375 0.209375