2 0.5 0.0046875 1 0.009375
2 0.10234375 0.0640625 0.1703125 0.05078125
6 0.8265625 0.08984375 0.18984375 0.0453125
6 0.9515625 0.08984375 0.06015625 0.0453125
2 0.36875 0.0890625 0.16796875 0.10078125
2 0.5640625 0.0890625 0.21640625 0.10078125
2 0.0625 0.1828125 0.125 0.0765625
2 0.23203125 0.1828125 0.18515625 0.0765625
2 0.43359375 0.1828125 0.18515625 0.0765625
2 0.625 0.1828125 0.165625 0.0765625
2 0.7875 0.1828125 0.12734375 0.0765625
2 0.9328125 0.18359375 0.13203125 0.0765625
2 0.91796875 0.5875 0.12734375 0.05078125