2 0.42109375 0.23828125 0.03203125 0.0265625
2 0.45546875 0.23828125 0.0359375 0.0265625
2 0.49375 0.23828125 0.040625 0.0265625
2 0.5328125 0.23828125 0.034375 0.0265625
2 0.56640625 0.23828125 0.0328125 0.0265625
2 0.97421875 0.0515625 0.03515625 0.0296875
2 0.28671875 0.51796875 0.0109375 0.01796875
2 0.928125 0.05234375 0.03828125 0.0296875
6 0.5 0.66484375 0.39296875 0.0296875
2 0.5 0.71484375 0.3921875 0.03984375
6 0.4015625 0.7921875 0.16484375 0.0296875
6 0.5984375 0.7921875 0.16484375 0.0296875
2 0.6640625 0.91171875 0.0484375 0.03125
2 0.3125 0.96953125 0.08671875 0.02421875
2 0.01328125 0.01015625 0.01015625 0.01796875
6 0.62421875 0.98984375 0.0484375 0.0203125
6 0.68984375 0.98984375 0.0390625 0.0203125