2 0.4171875 0.2703125 0.4171875 0.17265625
6 0.734375 0.31484375 0.103125 0.028125
2 0.4484375 0.034375 0.02109375 0.028125
6 0.38984375 0.03515625 0.140625 0.03671875
2 0.71171875 0.35234375 0.05703125 0.0296875
2 0.2625 0.5203125 0.1078125 0.04921875
2 0.290625 0.690625 0.153125 0.11796875
2 0.490625 0.690625 0.153125 0.11796875
2 0.69140625 0.690625 0.153125 0.11796875
2 0.2546875 0.07734375 0.10390625 0.1546875
2 0.3359375 0.090625 0.03203125 0.03828125
2 0.3765625 0.090625 0.04921875 0.03828125
2 0.4234375 0.090625 0.04453125 0.03828125
2 0.4703125 0.090625 0.04921875 0.03828125
2 0.54140625 0.090625 0.0921875 0.03828125
2 0.646875 0.09140625 0.11875 0.03828125