2 0.5 0.47578125 0.490625 0.55625
2 0.740625 0.053125 0.015625 0.04140625
2 0.78515625 0.05390625 0.04921875 0.04453125
2 0.4265625 0.05390625 0.03671875 0.04453125
2 0.603125 0.05390625 0.05546875 0.04140625
2 0.484375 0.05546875 0.07734375 0.0453125
2 0.55 0.05546875 0.05 0.04375
2 0.678125 0.05625 0.0921875 0.05078125
2 0.228125 0.05859375 0.075 0.05390625
6 0.5 0.853125 0.39375 0.03515625
2 0.5 0.90078125 0.096875 0.02578125
2 0.20703125 0.97734375 0.0453125 0.0453125
2 0.72890625 0.15625 0.16171875 0.06953125
2 0.2703125 0.15625 0.146875 0.06875
2 0.41875 0.1578125 0.14921875 0.0734375
2 0.571875 0.1578125 0.1515625 0.06953125