2 0.10703125 0.07109375 0.09140625 0.0453125
6 0.3609375 0.07109375 0.33203125 0.0453125
2 0.56953125 0.07109375 0.08671875 0.0453125
2 0.76953125 0.071875 0.08203125 0.03359375
2 0.85078125 0.07421875 0.02890625 0.0484375
2 0.91953125 0.07421875 0.0671875 0.0484375
2 0.06640625 0.13828125 0.09375 0.0484375
2 0.88359375 0.1421875 0.1734375 0.03125
2 0.18359375 0.13828125 0.084375 0.0484375
2 0.28984375 0.13828125 0.06953125 0.0484375
2 0.39765625 0.13828125 0.08671875 0.0484375
2 0.50390625 0.13828125 0.0671875 0.0484375
2 0.603125 0.13828125 0.07421875 0.0484375
2 0.16953125 0.1921875 0.05546875 0.05078125
2 0.24375 0.1921875 0.03359375 0.05078125
2 0.34765625 0.1921875 0.115625 0.05078125
2 0.45546875 0.1921875 0.0453125 0.05078125
2 0.5421875 0.1921875 0.06953125 0.05078125
2 0.62265625 0.1921875 0.03125 0.05078125
2 0.27890625 0.20703125 0.5171875 0.0359375
2 0.884375 0.27265625 0.021875 0.0796875
2 0.90625 0.27265625 0.021875 0.0796875
2 0.2171875 0.546875 0.3609375 0.16796875
2 0.54453125 0.3734375 0.209375 0.09375
2 0.54453125 0.4796875 0.209375 0.09140625
2 0.54453125 0.584375 0.209375 0.09140625
2 0.4125 0.775 0.15625 0.240625
2 0.56953125 0.775 0.15859375 0.240625
2 0.125 0.96171875 0.21171875 0.07421875
2 0.334375 0.96171875 0.21171875 0.07421875
2 0.54296875 0.96171875 0.21171875 0.07421875
6 0.834375 0.35 0.29296875 0.04296875
2 0.959375 0.35 0.040625 0.04296875
2 0.834375 0.4265625 0.29296875 0.06015625
2 0.75859375 0.521875 0.1421875 0.0265625
2 0.834375 0.771875 0.13671875 0.0453125
2 0.76171875 0.83984375 0.14921875 0.0265625
2 0.71875 0.9109375 0.06484375 0.0265625
2 0.71875 0.9671875 0.06484375 0.0265625