6 0.44375 0.0953125 0.38671875 0.0453125
2 0.64921875 0.0953125 0.0265625 0.02421875
2 0.72734375 0.0953125 0.06484375 0.03359375
2 0.80390625 0.0953125 0.08203125 0.03359375
2 0.8765625 0.0953125 0.0578125 0.03359375
2 0.96171875 0.0921875 0.02890625 0.0171875
2 0.05859375 0.16796875 0.06953125 0.0453125
2 0.14921875 0.16796875 0.11328125 0.0453125
2 0.24609375 0.16796875 0.08203125 0.0453125
2 0.31640625 0.16796875 0.06015625 0.0453125
2 0.39296875 0.16796875 0.09609375 0.0453125
2 0.48046875 0.16796875 0.08203125 0.0453125
2 0.57109375 0.16796875 0.10078125 0.0453125
2 0.94453125 0.16796875 0.0625 0.0453125
2 0.8859375 0.16796875 0.05546875 0.0453125
2 0.80546875 0.16796875 0.10546875 0.0453125
2 0.17421875 0.4484375 0.0984375 0.0453125
2 0.1078125 0.50234375 0.08203125 0.01171875
2 0.18046875 0.50234375 0.0625 0.01171875
2 0.24765625 0.50234375 0.06953125 0.01171875
2 0.5 0.42421875 1 0.46875
2 0.5 0.42421875 1 0.46875
2 0.5 0.42421875 1 0.46875
2 0.5 0.42421875 1 0.46875
2 0.09140625 0.74140625 0.0890625 0.053125
2 0.1921875 0.74140625 0.0984375 0.053125
2 0.290625 0.74140625 0.08203125 0.053125
2 0.390625 0.74140625 0.103125 0.053125
2 0.51171875 0.74140625 0.12265625 0.053125
2 0.6265625 0.74140625 0.09140625 0.053125
2 0.72265625 0.74140625 0.08671875 0.053125
2 0.80546875 0.74140625 0.06484375 0.053125
2 0.89921875 0.74140625 0.1078125 0.053125