2 0.05078125 0.0203125 0.0921875 0.03359375
2 0.98671875 0.021875 0.0203125 0.028125
6 0.47578125 0.28671875 0.1625 0.03359375
2 0.58046875 0.28671875 0.046875 0.03359375
2 0.85859375 0.39375 0.11171875 0.1
2 0.14140625 0.39375 0.11171875 0.1
2 0.2609375 0.39375 0.11171875 0.1
2 0.38046875 0.39375 0.11171875 0.1
2 0.5 0.39375 0.11171875 0.1
2 0.61953125 0.39375 0.11171875 0.1
2 0.7390625 0.39375 0.11171875 0.1
2 0.85859375 0.509375 0.11171875 0.1
2 0.14140625 0.509375 0.11171875 0.1
2 0.2609375 0.509375 0.11171875 0.1
2 0.38046875 0.509375 0.11171875 0.1
2 0.5 0.509375 0.11171875 0.1
2 0.61953125 0.509375 0.11171875 0.1
2 0.7390625 0.509375 0.11171875 0.1
2 0.85859375 0.62421875 0.11171875 0.1
2 0.14140625 0.62421875 0.11171875 0.1
2 0.2609375 0.62421875 0.11171875 0.1
2 0.38046875 0.62421875 0.11171875 0.1
2 0.5 0.62421875 0.11171875 0.1
2 0.61953125 0.62421875 0.11171875 0.1
2 0.7390625 0.62421875 0.11171875 0.1
2 0.85859375 0.73984375 0.11171875 0.1
2 0.14140625 0.73984375 0.11171875 0.1
2 0.5 0.73984375 0.11171875 0.1
2 0.478125 0.834375 0.01953125 0.0390625
2 0.4984375 0.834375 0.01953125 0.0390625
2 0.57421875 0.834375 0.04296875 0.0390625
2 0.4265625 0.83515625 0.04296875 0.03828125
2 0.51796875 0.83515625 0.021875 0.0359375
2 0.540625 0.83515625 0.0234375 0.03671875
2 0.45859375 0.83515625 0.01953125 0.0359375
2 0.571875 0.8875 0.115625 0.03125