2 0.10078125 0.03515625 0.1828125 0.0484375
2 0.86171875 0.03515625 0.03359375 0.02890625
2 0.94453125 0.03515625 0.09140625 0.0453125
2 0.9265625 0.11171875 0.12734375 0.0578125
2 0.1421875 0.3484375 0.0890625 0.084375
6 0.51328125 0.3484375 0.65390625 0.084375
2 0.3109375 0.50234375 0.053125 0.03359375
2 0.37265625 0.50234375 0.05546875 0.03359375
2 0.44453125 0.50234375 0.071875 0.03359375
2 0.51328125 0.50234375 0.05078125 0.03359375
2 0.584375 0.50234375 0.07421875 0.03359375
2 0.66796875 0.50234375 0.07421875 0.03359375
2 0.178125 0.89296875 0.30546875 0.2140625
2 0.5 0.89296875 0.30546875 0.2140625
2 0.8234375 0.89296875 0.30546875 0.2140625