2 0.3046875 0.1859375 0.1703125 0.1515625
2 0.5 0.1859375 0.1703125 0.1515625
6 0.69453125 0.221875 0.15859375 0.03203125
2 0.64375 0.28125 0.0578125 0.03125
2 0.76015625 0.47265625 0.01484375 0.034375
2 0.6265625 0.4734375 0.021875 0.03671875
2 0.6953125 0.528125 0.1703125 0.17421875
2 0.69453125 0.5296875 0.0375 0.046875
2 0.44140625 0.553125 0.05234375 0.06484375
2 0.24609375 0.5734375 0.05234375 0.06484375
2 0.44140625 0.68828125 0.05234375 0.06484375
2 0.24609375 0.70859375 0.05234375 0.06484375
2 0.7546875 0.71875 0.05234375 0.0546875
2 0.6359375 0.71875 0.05078125 0.05390625
2 0.6953125 0.71875 0.0515625 0.05234375
2 0.421875 0.7984375 0.01328125 0.02421875
2 0.43828125 0.7984375 0.01328125 0.02421875
2 0.2265625 0.82265625 0.01328125 0.02421875
2 0.24375 0.82265625 0.01328125 0.02421875
2 0.69609375 0.9453125 0.17265625 0.109375