2 0.21875 0.02734375 0.07421875 0.02890625
2 0.21875 0.04921875 0.07421875 0.021875
6 0.39453125 0.0359375 0.2546875 0.0484375
2 0.54296875 0.0359375 0.040625 0.0484375
2 0.64296875 0.0359375 0.1203125 0.04296875
2 0.8578125 0.0375 0.0625 0.07421875
2 0.9421875 0.0984375 0.084375 0.053125
2 0.5 0.35546875 0.9859375 0.1921875
2 0.5 0.646875 0.9859375 0.365625
2 0.16796875 0.91953125 0.321875 0.15859375
2 0.5 0.91953125 0.321875 0.15859375
2 0.83203125 0.91953125 0.321875 0.15859375
2 0.8546875 0.1765625 0.02421875 0.04296875
6 0.63203125 0.25390625 0.3296875 0.05078125
6 0.63203125 0.34765625 0.3296875 0.05078125
2 0.771875 0.34609375 0.05078125 0.02890625
2 0.63203125 0.4484375 0.3296875 0.0625
2 0.63203125 0.5765625 0.3296875 0.0625