2 0.39375 0.34921875 0.01953125 0.03515625
2 0.5671875 0.3734375 0.12578125 0.128125
2 0.2984375 0.42421875 0.12734375 0.22890625
2 0.7015625 0.440625 0.12578125 0.26328125
2 0.41875 0.546875 0.01328125 0.02421875
2 0.4328125 0.546875 0.01328125 0.02421875
2 0.446875 0.546875 0.01328125 0.02421875
6 0.52734375 0.6390625 0.13046875 0.0265625
2 0.6234375 0.6390625 0.053125 0.0265625
2 0.2796875 0.646875 0.09296875 0.0421875
2 0.725 0.646875 0.08046875 0.0421875
2 0.62109375 0.67265625 0.0125 0.01796875
2 0.6390625 0.67265625 0.0125 0.01796875
2 0.9421875 0.9421875 0.1015625 0.08984375
2 0.2984375 0.128125 0.12578125 0.128125
2 0.4328125 0.128125 0.12578125 0.128125
2 0.5671875 0.128125 0.12578125 0.128125
2 0.7015625 0.128125 0.12578125 0.128125