2 0.02890625 0.040625 0.03828125 0.053125
2 0.91953125 0.03984375 0.04296875 0.06015625
6 0.18515625 0.1421875 0.17578125 0.01953125
2 0.35703125 0.140625 0.09375 0.0484375
6 0.5265625 0.1390625 0.209375 0.01953125
2 0.9171875 0.140625 0.0453125 0.0578125
2 0.11875 0.2203125 0.12265625 0.04296875
2 0.24609375 0.2203125 0.115625 0.04296875
2 0.38671875 0.2203125 0.14921875 0.04296875
2 0.86875 0.321875 0.146875 0.0453125
2 0.27421875 0.54453125 0.428125 0.3703125
2 0.72578125 0.54453125 0.428125 0.3703125
2 0.27421875 0.88125 0.43046875 0.2359375
2 0.72734375 0.88125 0.43046875 0.2359375
2 0.02421875 0.96953125 0.0453125 0.0609375