2 0.7578125 0.140625 0.01953125 0.0296875
2 0.3578125 0.140625 0.09375 0.046875
2 0.9171875 0.140625 0.04375 0.05703125
2 0.684375 0.14140625 0.07265625 0.05546875
6 0.18046875 0.14140625 0.25078125 0.05859375
6 0.52890625 0.1421875 0.23515625 0.0546875
2 0.11875 0.2203125 0.12109375 0.04140625
2 0.24609375 0.2203125 0.115625 0.04140625
2 0.3875 0.2203125 0.14921875 0.04140625
2 0.7578125 0.31875 0.05703125 0.0484375
2 0.86875 0.321875 0.1453125 0.046875
2 0.7 0.32265625 0.059375 0.0484375
2 0.9203125 0.03984375 0.04296875 0.05859375
2 0.0296875 0.040625 0.0390625 0.05234375
2 0.12265625 0.040625 0.13828125 0.059375
2 0.2734375 0.54453125 0.428125 0.36953125
2 0.7265625 0.54453125 0.428125 0.36953125
2 0.2734375 0.88125 0.428125 0.23671875
2 0.7265625 0.88125 0.428125 0.23671875
2 0.0234375 0.96953125 0.04375 0.0609375
6 0.49921875 0.21953125 0.01953125 0.02734375
2 0.69375 0.21953125 0.0203125 0.028125