2 0.809375 0.021875 0.034375 0.03203125
6 0.8359375 0.021875 0.00859375 0.015625
6 0.65625 0.021875 0.0875 0.03203125
6 0.746875 0.021875 0.0875 0.03203125
2 0.8875 0.41015625 0.01484375 0.0265625
2 0.66953125 0.45390625 0.01015625 0.01796875
2 0.221875 0.46953125 0.034375 0.06328125
2 0.890625 0.48828125 0.009375 0.015625
2 0.66953125 0.5359375 0.01015625 0.01796875
2 0.221875 0.5515625 0.034375 0.06328125
2 0.890625 0.56953125 0.009375 0.015625
2 0.66953125 0.61640625 0.01015625 0.01796875
2 0.221875 0.63203125 0.034375 0.06328125
2 0.890625 0.65078125 0.009375 0.015625
2 0.66953125 0.696875 0.01015625 0.01796875
2 0.221875 0.7125 0.034375 0.06328125
2 0.890625 0.73046875 0.009375 0.015625
2 0.66953125 0.778125 0.01015625 0.01796875
2 0.221875 0.79296875 0.034375 0.06328125
2 0.890625 0.81171875 0.009375 0.015625
2 0.66953125 0.859375 0.01015625 0.01796875
2 0.221875 0.875 0.034375 0.06328125
2 0.890625 0.89296875 0.009375 0.015625
2 0.66953125 0.93984375 0.01015625 0.01796875
2 0.221875 0.9546875 0.034375 0.0453125
2 0.890625 0.9734375 0.009375 0.015625
2 0.3375 0.1234375 0.27265625 0.096875
2 0.88515625 0.125 0.025 0.04609375
6 0.8046875 0.128125 0.1875 0.05625