2 0.09609375 0.18359375 0.0265625 0.02421875
2 0.12890625 0.18359375 0.0265625 0.02421875
2 0.1609375 0.18359375 0.0265625 0.02421875
2 0.19375 0.18359375 0.0265625 0.02421875
2 0.22578125 0.18359375 0.0265625 0.02421875
2 0.25703125 0.18359375 0.0265625 0.02421875
6 0.8609375 0.16953125 0.22578125 0.0484375
2 0.6390625 0.1703125 0.0625 0.04296875
2 0.1359375 0.9234375 0.21640625 0.1515625
2 0.37890625 0.9234375 0.21640625 0.1515625
2 0.62265625 0.9234375 0.21640625 0.1515625
2 0.62109375 0.95546875 0.06015625 0.0796875
2 0.83671875 0.94375 0.115625 0.02890625
2 0.84609375 0.99375 0.13671875 0.01171875