2 0.53828125 0.1734375 0.0078125 0.0140625
2 0.5109375 0.17578125 0.0328125 0.05078125
2 0.0328125 0.1796875 0.046875 0.084375
2 0.0328125 0.01875 0.046875 0.0375
2 0.065625 0.196875 0.00859375 0.015625
2 0.5390625 0.24296875 0.00859375 0.015625
2 0.5109375 0.2453125 0.0328125 0.05390625
2 0.0328125 0.27265625 0.046875 0.084375
2 0.065625 0.27265625 0.00859375 0.015625
6 0.87421875 0.0296875 0.19921875 0.0234375
2 0.53828125 0.31015625 0.0078125 0.0140625
2 0.5109375 0.31328125 0.0328125 0.05234375
2 0.5390625 0.0375 0.00859375 0.015625
2 0.0328125 0.36640625 0.046875 0.084375
2 0.5390625 0.3796875 0.00859375 0.015625
2 0.5109375 0.38203125 0.0328125 0.0515625
2 0.065625 0.384375 0.00859375 0.015625
2 0.5109375 0.03984375 0.0328125 0.05390625
2 0.5390625 0.44765625 0.00859375 0.015625
2 0.5109375 0.45 0.0328125 0.0515625
2 0.878125 0.478125 0.21640625 0.16875
2 0.53828125 0.515625 0.0078125 0.0140625
2 0.5109375 0.51875 0.0328125 0.05234375
2 0.25 0.578125 0.48125 0.3375
6 0.7796875 0.0609375 0.00625 0.0109375
2 0.878125 0.66171875 0.21640625 0.16953125
2 0.065625 0.009375 0.00859375 0.015625
2 0.0328125 0.08515625 0.046875 0.084375
2 0.87578125 0.090625 0.20234375 0.02578125
2 0.06484375 0.10234375 0.0078125 0.0140625
2 0.53828125 0.1046875 0.0078125 0.0140625
2 0.5109375 0.1078125 0.0328125 0.0515625