2 0.54375 0.18046875 0.303125 0.346875
2 0.72109375 0.225 0.0125 0.02265625
6 0.30703125 0.28515625 0.146875 0.0265625
2 0.784375 0.40546875 0.15625 0.2265625
2 0.34921875 0.47890625 0.0609375 0.03828125
2 0.2515625 0.4796875 0.0359375 0.03828125
2 0.29453125 0.4796875 0.05 0.03828125
2 0.621875 0.4921875 0.14609375 0.21953125
2 0.46484375 0.49375 0.14609375 0.2203125
2 0.8015625 0.0609375 0.03359375 0.02421875
2 0.8359375 0.0609375 0.03359375 0.02421875
2 0.734375 0.0609375 0.03359375 0.02421875
2 0.7671875 0.0609375 0.03359375 0.02421875
2 0.34609375 0.62421875 0.00859375 0.0203125
6 0.29453125 0.62421875 0.121875 0.03671875
2 0.3671875 0.62578125 0.02578125 0.0375
6 0.30703125 0.065625 0.146875 0.0265625
2 0.784375 0.66328125 0.15625 0.2265625
2 0.8015625 0.0078125 0.03359375 0.015625
2 0.8359375 0.0078125 0.03359375 0.015625
2 0.734375 0.0078125 0.03359375 0.015625
2 0.7671875 0.0078125 0.03359375 0.015625
2 0.359375 0.728125 0.03125 0.01796875
2 0.46484375 0.74375 0.14609375 0.221875
2 0.621875 0.74453125 0.14609375 0.2234375
6 0.30703125 0.8109375 0.146875 0.0265625
2 0.784375 0.903125 0.15625 0.19375
2 0.54296875 0.940625 0.3046875 0.11796875
2 0.784375 0.11015625 0.13515625 0.03671875