2 0.0171875 0.0265625 0.02421875 0.02421875
2 0.81875 0.0265625 0.11328125 0.05078125
2 0.92890625 0.0265625 0.06953125 0.021875
2 0.10234375 0.0953125 0.17578125 0.03828125
2 0.3140625 0.0953125 0.14453125 0.05546875
2 0.42890625 0.0953125 0.0890625 0.0796875
2 0.53984375 0.0953125 0.134375 0.0796875
2 0.66328125 0.0953125 0.11796875 0.0796875
2 0.80078125 0.0953125 0.15859375 0.0796875
2 0.93125 0.0953125 0.10546875 0.0796875
2 0.1765625 0.23046875 0.3171875 0.06953125
2 0.1765625 0.290625 0.3171875 0.0484375
2 0.1765625 0.35078125 0.3171875 0.06953125
2 0.1765625 0.4234375 0.3171875 0.06953125
2 0.1765625 0.4953125 0.3171875 0.06953125
2 0.1765625 0.55546875 0.3171875 0.0484375
2 0.1765625 0.62734375 0.3171875 0.09375
2 0.1765625 0.709375 0.3171875 0.06953125
2 0.1765625 0.78125 0.3171875 0.06953125
2 0.5 0.4859375 0.3171875 0.66328125
2 0.8234375 0.4203125 0.18046875 0.0625
2 0.13671875 0.9125 0.23828125 0.1734375
2 0.37890625 0.9125 0.23828125 0.1734375
2 0.62109375 0.9125 0.2359375 0.1734375
2 0.8640625 0.9125 0.23828125 0.1734375