2 0.0828125 0.0234375 0.05 0.046875
2 0.1375 0.0234375 0.05625 0.046875
2 0.18828125 0.0234375 0.0453125 0.046875
2 0.02890625 0.0234375 0.0578125 0.046875
2 0.30546875 0.0234375 0.0578125 0.046875
2 0.35234375 0.0234375 0.0359375 0.046875
2 0.38359375 0.0234375 0.0265625 0.046875
2 0.24609375 0.025 0.06328125 0.04765625
2 0.3640625 0.32578125 0.225 0.303125
2 0.2828125 0.49765625 0.0375 0.015625
2 0.29453125 0.51953125 0.10625 0.03125
2 0.38125 0.51953125 0.0640625 0.03125
2 0.434375 0.51953125 0.04140625 0.03125
2 0.471875 0.51953125 0.02890625 0.03125
2 0.64375 0.07109375 0.01875 0.03125
2 0.028125 0.071875 0.0421875 0.04765625
6 0.36640625 0.071875 0.53515625 0.03125
2 0.69765625 0.715625 0.01484375 0.0296875
2 0.7140625 0.715625 0.01484375 0.0296875
2 0.73125 0.715625 0.0140625 0.0296875
2 0.74765625 0.715625 0.01484375 0.0296875
2 0.7640625 0.715625 0.01484375 0.0296875
2 0.2421875 0.7171875 0.028125 0.0328125
2 0.26796875 0.7171875 0.0234375 0.0328125
2 0.290625 0.7171875 0.02265625 0.0328125
2 0.315625 0.7171875 0.02890625 0.0328125
2 0.346875 0.7171875 0.03203125 0.0328125
2 0.946875 0.07421875 0.0234375 0.05234375
2 0.971875 0.07421875 0.02421875 0.05234375