2 0.2890625 0.2109375 0.1265625 0.1515625
2 0.4296875 0.2109375 0.1265625 0.1515625
2 0.5703125 0.2109375 0.1265625 0.1515625
2 0.7109375 0.2109375 0.1265625 0.1515625
2 0.36484375 0.5609375 0.0703125 0.05078125
2 0.4546875 0.5609375 0.0703125 0.05078125
2 0.5453125 0.5609375 0.0703125 0.05078125
2 0.63515625 0.5609375 0.0703125 0.05078125
2 0.36484375 0.64140625 0.0703125 0.05078125
2 0.4546875 0.64140625 0.0703125 0.05078125
2 0.5453125 0.64140625 0.0703125 0.05078125
2 0.63515625 0.64140625 0.0703125 0.05078125
6 0.40625 0.96171875 0.1734375 0.03828125
6 0.59375 0.96328125 0.17578125 0.03828125