2 0.125 0.1984375 0.2046875 0.0625
2 0.26796875 0.1984375 0.053125 0.02421875
2 0.77734375 0.1984375 0.040625 0.0171875
2 0.9171875 0.1984375 0.11796875 0.05078125
2 0.27890625 0.51953125 0.4640625 0.4109375
2 0.7515625 0.35 0.40390625 0.03125
2 0.7515625 0.48828125 0.40390625 0.21875
2 0.5984375 0.79921875 0.0625 0.02890625
2 0.14296875 0.95078125 0.1921875 0.09609375
2 0.37109375 0.95078125 0.1921875 0.09609375
2 0.60078125 0.95078125 0.1921875 0.09609375
2 0.859375 0.9046875 0.23046875 0.0796875
2 0.859375 0.99375 0.2328125 0.01171875