2 0.5 0.015625 1 0.03125
6 0.49921875 0.5953125 0.70390625 0.05859375
2 0.28671875 0.06796875 0.08046875 0.0578125
2 0.921875 0.06953125 0.0484375 0.07265625
2 0.97265625 0.06953125 0.0453125 0.06875
2 0.38515625 0.0703125 0.09296875 0.05390625
2 0.59609375 0.07109375 0.0828125 0.0546875
2 0.115625 0.071875 0.20234375 0.04140625
2 0.71171875 0.071875 0.1203125 0.05
2 0.8703125 0.071875 0.040625 0.06875
2 0.49296875 0.07265625 0.09296875 0.046875
2 0.809375 0.75625 0.29296875 0.1359375
2 0.80703125 0.86171875 0.3234375 0.03359375
2 0.1109375 0.94609375 0.14140625 0.1078125
2 0.259375 0.94609375 0.14140625 0.1078125
2 0.4078125 0.94609375 0.14140625 0.1078125
2 0.55625 0.94609375 0.14140625 0.1078125
2 0.5 0.325 0.94609375 0.32421875
2 0.95078125 0.17265625 0.01484375 0.01875
2 0.96640625 0.17265625 0.0140625 0.01953125