2 0.13671875 0.03828125 0.24296875 0.0265625
6 0.4546875 0.03828125 0.03125 0.040625
6 0.58515625 0.03828125 0.29296875 0.04296875
2 0.9484375 0.03828125 0.071875 0.04296875
2 0.21484375 0.5171875 0.22109375 0.04296875
6 0.15234375 0.63203125 0.1109375 0.04296875
6 0.1609375 0.67421875 0.12734375 0.04296875
6 0.15859375 0.71640625 0.125 0.04296875
6 0.14453125 0.75703125 0.09609375 0.04296875
6 0.14296875 0.79921875 0.09375 0.04296875
6 0.1671875 0.84140625 0.1421875 0.04296875
6 0.165625 0.88203125 0.1390625 0.04296875
6 0.14921875 0.92421875 0.10546875 0.04296875
6 0.2078125 0.97265625 0.2234375 0.053125
2 0.83515625 0.51953125 0.071875 0.04296875
2 0.83515625 0.6203125 0.071875 0.04296875
2 0.83515625 0.72265625 0.071875 0.04296875
2 0.83515625 0.8234375 0.071875 0.04296875
2 0.83515625 0.92578125 0.071875 0.04296875