2 0.115625 0.071875 0.2015625 0.04296875
2 0.053125 0.1296875 0.0671875 0.0265625
2 0.140625 0.1296875 0.0890625 0.0265625
2 0.225 0.1296875 0.06484375 0.0265625
2 0.296875 0.1296875 0.0625 0.0265625
2 0.3796875 0.1296875 0.08671875 0.0265625
2 0.490625 0.1296875 0.11796875 0.0265625
2 0.59765625 0.1296875 0.08203125 0.0265625
2 0.6765625 0.1296875 0.0625 0.0265625
2 0.7671875 0.1296875 0.10078125 0.0265625
2 0.865625 0.1296875 0.08203125 0.0265625
2 0.95625 0.13046875 0.0875 0.0296875
6 0.5 0.59609375 0.7046875 0.06015625
2 0.11171875 0.94453125 0.14453125 0.10546875
2 0.259375 0.94453125 0.1421875 0.10546875
2 0.40859375 0.94453125 0.14453125 0.10546875
2 0.55625 0.94453125 0.14453125 0.10546875
2 0.8078125 0.86171875 0.32421875 0.03359375