2 0.05625 0.0359375 0.08203125 0.02890625
2 0.83046875 0.0359375 0.08203125 0.04296875
2 0.9328125 0.0359375 0.1078125 0.04296875
6 0.84375 0.27890625 0.28125 0.0625
6 0.80546875 0.35703125 0.2046875 0.0625
2 0.94453125 0.3578125 0.0796875 0.06484375
2 0.77421875 0.4421875 0.1421875 0.053125
2 0.91953125 0.4421875 0.13203125 0.0625
2 0.97265625 0.125 0.0484375 0.0625
2 0.21484375 0.5046875 0.39921875 0.0796875
2 0.21484375 0.62265625 0.39921875 0.115625
2 0.21484375 0.7390625 0.39921875 0.0796875