6 0.84375 0.27734375 0.28125 0.0625
6 0.84375 0.27890625 0.28125 0.0625
6 0.8046875 0.35703125 0.203125 0.0625
6 0.8046875 0.35703125 0.20234375 0.06328125
2 0.94453125 0.3578125 0.07890625 0.06484375
2 0.05625 0.03671875 0.08203125 0.02890625
2 0.83125 0.03671875 0.08203125 0.04140625
2 0.93203125 0.03671875 0.10625 0.04140625
2 0.91875 0.44296875 0.1328125 0.0625
2 0.21484375 0.50546875 0.3984375 0.078125
2 0.21484375 0.62265625 0.3984375 0.11484375
2 0.21484375 0.73984375 0.3984375 0.078125
2 0.97265625 0.125 0.046875 0.0625