2 0.25390625 0.16484375 0.053125 0.02265625
2 0.746875 0.16484375 0.0765625 0.02265625
2 0.6375 0.165625 0.02265625 0.02109375
2 0.33203125 0.165625 0.103125 0.02265625
2 0.57734375 0.165625 0.09921875 0.0265625
6 0.3453125 0.25625 0.19453125 0.03515625
2 0.4328125 0.25703125 0.015625 0.02421875
2 0.5484375 0.45234375 0.1546875 0.52265625
2 0.70703125 0.45234375 0.1484375 0.52265625
2 0.64375 0.0578125 0.15078125 0.10390625
2 0.34375 0.65703125 0.23515625 0.115625
2 0.70703125 0.6578125 0.06796875 0.040625
2 0.275 0.08125 0.09921875 0.096875
2 0.45546875 0.16328125 0.1421875 0.02265625