2 0.7453125 0.35 0.28125 0.20390625
2 0.15546875 0.35078125 0.28125 0.20234375
2 0.45 0.35078125 0.28125 0.20234375
2 0.0734375 0.04296875 0.1171875 0.0859375
2 0.2875 0.04375 0.1171875 0.0875
2 0.028125 0.45859375 0.01875 0.0421875
2 0.97265625 0.45859375 0.01875 0.040625
2 0.903125 0.05234375 0.046875 0.040625
6 0.8046875 0.053125 0.1484375 0.0421875
2 0.5015625 0.05546875 0.1171875 0.1109375
2 0.90625 0.90078125 0.0546875 0.09453125
2 0.109375 0.90078125 0.084375 0.0578125
2 0.30625 0.90078125 0.06640625 0.0984375
2 0.5125 0.90078125 0.1046875 0.06484375
2 0.721875 0.90078125 0.07109375 0.084375