2 0.07109375 0.046875 0.0796875 0.03671875
2 0.28046875 0.0515625 0.12109375 0.0484375
2 0.37421875 0.0515625 0.0625 0.0484375
2 0.7765625 0.0515625 0.09765625 0.0484375
2 0.903125 0.0515625 0.13203125 0.0484375
2 0.68203125 0.05234375 0.0671875 0.04921875
2 0.440625 0.05234375 0.06875 0.04453125
2 0.596875 0.053125 0.08515625 0.04296875
2 0.51640625 0.053125 0.07890625 0.0421875
2 0.6078125 0.64453125 0.2046875 0.06796875
2 0.840625 0.64453125 0.21953125 0.0703125
6 0.153125 0.6453125 0.20703125 0.06875
6 0.38046875 0.6453125 0.20625 0.06875
2 0.03984375 0.7671875 0.0625 0.05859375
2 0.165625 0.76953125 0.17421875 0.05
2 0.28671875 0.76796875 0.05 0.0609375
2 0.3890625 0.771875 0.13515625 0.0609375
2 0.4984375 0.76953125 0.059375 0.059375
2 0.58515625 0.7703125 0.109375 0.0546875
2 0.70859375 0.77265625 0.1140625 0.05625
2 0.8046875 0.77265625 0.0734375 0.0515625
2 0.91328125 0.77265625 0.13984375 0.06328125