2 0.07109375 0.046875 0.08203125 0.0359375
2 0.28125 0.05078125 0.09609375 0.0140625
2 0.37265625 0.05078125 0.053125 0.0140625
2 0.4421875 0.05078125 0.053125 0.0140625
2 0.515625 0.05078125 0.0625 0.0140625
2 0.5984375 0.05078125 0.06953125 0.0140625
2 0.6828125 0.0515625 0.0671875 0.05078125
2 0.7765625 0.0515625 0.0984375 0.0484375
2 0.90234375 0.0515625 0.13203125 0.0484375
6 0.15390625 0.6453125 0.20703125 0.06953125
6 0.3796875 0.6453125 0.20703125 0.06953125
2 0.60703125 0.64453125 0.2046875 0.0671875
2 0.83984375 0.64453125 0.22109375 0.06953125