2 0.18828125 0.4359375 0.02734375 0.075
2 0.9125 0.43984375 0.02890625 0.08125
2 0.60859375 0.446875 0.05625 0.04375
2 0.240625 0.0578125 0.1046875 0.07421875
2 0.525 0.5984375 0.01171875 0.02109375
2 0.5421875 0.5984375 0.01171875 0.02109375
2 0.5578125 0.5984375 0.01171875 0.02109375
2 0.575 0.5984375 0.01171875 0.02109375
2 0.83203125 0.0640625 0.025 0.04609375
6 0.76171875 0.0640625 0.1671875 0.04609375
2 0.87109375 0.06484375 0.0234375 0.04375
2 0.3921875 0.06875 0.05390625 0.071875
2 0.45625 0.06875 0.0609375 0.071875
2 0.51640625 0.06875 0.05 0.071875
2 0.6328125 0.06953125 0.05546875 0.07421875
2 0.5734375 0.06953125 0.0546875 0.0734375
2 0.240625 0.70703125 0.1046875 0.04609375
2 0.240625 0.75390625 0.1046875 0.04609375
2 0.240625 0.79921875 0.1046875 0.04609375
2 0.240625 0.8453125 0.1046875 0.04609375
2 0.240625 0.890625 0.1046875 0.04609375
2 0.23984375 0.93671875 0.1046875 0.04609375
2 0.2390625 0.9796875 0.103125 0.040625
2 0.40625 0.98359375 0.18671875 0.0328125
2 0.61171875 0.984375 0.1859375 0.03125