2 0.7234375 0.0171875 0.07421875 0.03359375
2 0.27578125 0.0171875 0.0734375 0.034375
2 0.49921875 0.0171875 0.0734375 0.034375
2 0.64765625 0.0171875 0.0734375 0.034375
2 0.3515625 0.01796875 0.07421875 0.0359375
2 0.57421875 0.01796875 0.07421875 0.0359375
2 0.425 0.01796875 0.075 0.0359375
2 0.73125 0.203125 0.015625 0.028125
2 0.753125 0.20390625 0.01484375 0.028125
2 0.2453125 0.20625 0.01171875 0.0109375
2 0.3015625 0.20625 0.01171875 0.0109375
2 0.259375 0.20703125 0.01171875 0.0109375
2 0.2734375 0.20703125 0.01171875 0.0109375
2 0.28671875 0.20703125 0.01171875 0.0109375
2 0.66328125 0.365625 0.0421875 0.078125
2 0.67109375 0.5125 0.1796875 0.12421875
2 0.7390625 0.07421875 0.021875 0.0390625
6 0.5 0.08515625 0.52265625 0.0625