2 0.284375 0.34296875 0.13046875 0.13359375
2 0.428125 0.34296875 0.13046875 0.13359375
2 0.571875 0.34296875 0.13046875 0.13359375
2 0.71640625 0.34296875 0.13046875 0.13359375
2 0.89453125 0.04921875 0.17265625 0.0359375
2 0.284375 0.54609375 0.13046875 0.13359375
2 0.428125 0.54609375 0.13046875 0.13359375
2 0.571875 0.54609375 0.13046875 0.13359375
2 0.71640625 0.54609375 0.13046875 0.13359375
6 0.6578125 0.8375 0.2875 0.0390625
2 0.490625 0.0875 0.00703125 0.01171875
2 0.50234375 0.0875 0.00703125 0.01171875
2 0.47890625 0.08828125 0.00703125 0.01171875
2 0.465625 0.08828125 0.0078125 0.0125
6 0.584375 0.8828125 0.13984375 0.0390625
6 0.73203125 0.8828125 0.13984375 0.0390625
6 0.65859375 0.93046875 0.2875 0.0421875
2 0.25390625 0.93359375 0.1421875 0.13203125
6 0.52890625 0.990625 0.0140625 0.01796875