2 0.2859375 0.04140625 0.11015625 0.04765625
6 0.684375 0.04140625 0.1171875 0.04765625
2 0.75625 0.04140625 0.0265625 0.04765625
6 0.26796875 0.67734375 0.00703125 0.0125
6 0.29921875 0.678125 0.00703125 0.01171875
6 0.23359375 0.678125 0.00703125 0.0140625
2 0.2390625 0.09609375 0.03125 0.03515625
2 0.27265625 0.09609375 0.034375 0.03515625
2 0.30625 0.09609375 0.03125 0.03515625
2 0.34765625 0.09609375 0.05078125 0.03515625
2 0.415625 0.09609375 0.0828125 0.03515625
2 0.484375 0.09609375 0.05546875 0.03515625
2 0.528125 0.09609375 0.03125 0.03515625