2 0.509375 0.23671875 0.00703125 0.01328125
2 0.48125 0.23671875 0.0078125 0.0125
2 0.490625 0.23671875 0.0078125 0.01484375
2 0.703125 0.23671875 0.1625 0.04609375
2 0.50078125 0.2375 0.0078125 0.01484375
2 0.51875 0.2375 0.00703125 0.01328125
2 0.5 0.45390625 0.06796875 0.0421875
2 0.51015625 0.51171875 0.0203125 0.03671875
2 0.48671875 0.51171875 0.0203125 0.03515625
2 0.37421875 0.0609375 0.015625 0.0375
2 0.2203125 0.06171875 0.01484375 0.04296875
6 0.703125 0.06796875 0.1625 0.04375
2 0.578125 0.72265625 0.01015625 0.01796875
2 0.58515625 0.7484375 0.00703125 0.0140625
2 0.425 0.76640625 0.0171875 0.03125
2 0.584375 0.76953125 0.00546875 0.028125
2 0.296875 0.0796875 0.11484375 0.14140625
2 0.58515625 0.83515625 0.00625 0.0140625
2 0.5 0.1203125 0.08828125 0.20703125