2 0.5 0.00390625 1 0.00703125
6 0.81015625 0.1078125 0.2015625 0.0265625
6 0.92421875 0.1078125 0.01953125 0.0265625
2 0.10703125 0.203125 0.11328125 0.03125
2 0.2609375 0.203125 0.115625 0.03125
2 0.4109375 0.203125 0.1078125 0.03125
2 0.5296875 0.203125 0.053125 0.03125
2 0.6453125 0.203125 0.10078125 0.03125
2 0.80078125 0.203125 0.13203125 0.03125
2 0.7078125 0.3578125 0.2671875 0.05546875
2 0.68359375 0.41953125 0.21640625 0.05546875
2 0.71015625 0.48046875 0.26953125 0.05546875
2 0.69453125 0.5421875 0.240625 0.05546875
2 0.68515625 0.603125 0.22109375 0.05546875
2 0.6890625 0.66328125 0.22578125 0.05546875
2 0.3015625 0.4859375 0.4828125 0.40390625
2 0.3015625 0.59140625 0.42578125 0.05078125
2 0.09609375 0.65859375 0.0140625 0.01953125
2 0.1140625 0.65859375 0.0140625 0.01953125
2 0.13125 0.65859375 0.0140625 0.01953125
2 0.14921875 0.65859375 0.0140625 0.01953125
2 0.2078125 0.81640625 0.1734375 0.0265625
2 0.65 0.81640625 0.2359375 0.0265625
2 0.69921875 0.95546875 0.22578125 0.03828125
2 0.7125 0.99765625 0.25234375 0.00234375