2 0.11171875 0.2046875 0.14609375 0.04921875
2 0.26015625 0.20546875 0.15 0.05234375
2 0.4109375 0.20546875 0.14375 0.04921875
2 0.53046875 0.20703125 0.0890625 0.04921875
2 0.6453125 0.20546875 0.13984375 0.046875
2 0.796875 0.20546875 0.159375 0.05078125
2 0.5 0.003125 1 0.00625
2 0.08515625 0.4140625 0.03359375 0.07578125
2 0.51640625 0.415625 0.03828125 0.07578125
2 0.30234375 0.4859375 0.48359375 0.40390625
2 0.1140625 0.65859375 0.0125 0.01796875
2 0.13125 0.65859375 0.0125 0.01796875
2 0.14921875 0.65859375 0.0125 0.01796875
2 0.09609375 0.65859375 0.0125 0.01796875
6 0.8203125 0.10859375 0.2390625 0.03828125
2 0.9234375 0.10859375 0.01953125 0.025
2 0.615625 0.965625 0.05078125 0.06875
2 0.59765625 0.66328125 0.0390625 0.05
2 0.59765625 0.6 0.03984375 0.05234375
2 0.59921875 0.540625 0.03984375 0.05234375
2 0.59921875 0.4796875 0.0390625 0.0515625
2 0.5984375 0.41796875 0.0390625 0.05390625
2 0.59921875 0.35703125 0.0390625 0.05