2 0.28203125 0.1609375 0.00859375 0.01796875
2 0.29296875 0.1609375 0.01015625 0.0171875
2 0.30390625 0.1609375 0.009375 0.0171875
2 0.26953125 0.1609375 0.0109375 0.01875
2 0.31640625 0.16171875 0.0125 0.01875
6 0.715625 0.253125 0.17734375 0.0390625
2 0.50390625 0.35703125 0.1953125 0.3515625
2 0.29296875 0.3921875 0.1953125 0.3515625
2 0.503125 0.73671875 0.009375 0.0171875
2 0.49296875 0.73671875 0.0078125 0.0171875
2 0.4796875 0.73671875 0.0109375 0.0171875
2 0.51484375 0.73671875 0.01015625 0.01640625
2 0.52734375 0.7375 0.01171875 0.0171875
2 0.2921875 0.7953125 0.009375 0.01796875
2 0.3046875 0.7953125 0.01015625 0.01796875
2 0.28203125 0.7953125 0.00703125 0.01796875
2 0.31640625 0.7953125 0.01171875 0.01953125
2 0.26875 0.79609375 0.01015625 0.01796875
2 0.50390625 0.896875 0.19609375 0.20625
2 0.29375 0.92578125 0.19609375 0.1484375
2 0.49296875 0.12578125 0.0078125 0.01640625
2 0.4796875 0.12578125 0.0109375 0.01640625
2 0.51484375 0.12578125 0.009375 0.015625
2 0.503125 0.12578125 0.00859375 0.01484375
2 0.52734375 0.12578125 0.0109375 0.0171875