6 0.4984375 0.69140625 0.41796875 0.0453125
2 0.4984375 0.76953125 0.41875 0.0453125
2 0.05078125 0.1703125 0.09765625 0.05234375
2 0.14921875 0.16875 0.0953125 0.04765625
2 0.28203125 0.16796875 0.1640625 0.046875
2 0.39921875 0.16796875 0.06640625 0.04296875
2 0.49609375 0.171875 0.11015625 0.04765625
2 0.58984375 0.16875 0.075 0.04140625
2 0.69296875 0.1640625 0.028125 0.0328125
2 0.721875 0.16640625 0.02734375 0.03203125
2 0.75546875 0.1671875 0.0296875 0.03125
2 0.83359375 0.165625 0.09921875 0.03984375
2 0.9296875 0.1703125 0.03046875 0.04296875
2 0.978125 0.16875 0.03046875 0.03984375
2 0.14296875 0.071875 0.25859375 0.1046875