2 0.30390625 0.1546875 0.00859375 0.015625
6 0.3671875 0.1546875 0.11171875 0.028125
2 0.4359375 0.1546875 0.01953125 0.028125
2 0.24375 0.0203125 0.05390625 0.03828125
2 0.29609375 0.0203125 0.05078125 0.03828125
2 0.3484375 0.0203125 0.05390625 0.03828125
2 0.20234375 0.02109375 0.0125 0.02265625
2 0.5140625 0.22109375 0.00859375 0.01796875
6 0.5109375 0.2796875 0.00703125 0.0125
2 0.2 0.30078125 0.0078125 0.0140625
6 0.5109375 0.30625 0.00703125 0.0125
6 0.5109375 0.33203125 0.00703125 0.0125
6 0.5109375 0.35859375 0.00703125 0.0125
6 0.54765625 0.4 0.0796875 0.028125
2 0.2 0.49140625 0.00859375 0.015625
2 0.5125 0.49140625 0.00859375 0.015625
2 0.2 0.5171875 0.00859375 0.015625
2 0.5125 0.5171875 0.00859375 0.015625
2 0.2 0.5421875 0.00859375 0.015625
2 0.2515625 0.59921875 0.00859375 0.015625
2 0.378125 0.59921875 0.01640625 0.01015625
2 0.2515625 0.68671875 0.00859375 0.015625
2 0.390625 0.68671875 0.01640625 0.01015625
2 0.2515625 0.79609375 0.00859375 0.015625
2 0.2515625 0.88359375 0.00859375 0.015625
2 0.425 0.88359375 0.01640625 0.01015625
2 0.68984375 0.08984375 0.15625 0.06328125
2 0.2515625 0.99296875 0.00859375 0.00703125
2 0.3375 0.99296875 0.01640625 0.00703125
2 0.240625 0.1171875 0.08828125 0.11953125