2 0.378125 0.01796875 0.0453125 0.025
2 0.8328125 0.41171875 0.0125 0.04375
2 0.26796875 0.41171875 0.0125 0.04375
2 0.5375 0.6453125 0.0078125 0.0125
2 0.52578125 0.6453125 0.0078125 0.01484375
2 0.665625 0.06640625 0.01015625 0.0171875
6 0.7515625 0.06640625 0.1921875 0.03359375
2 0.28671875 0.090625 0.08203125 0.125
2 0.603125 0.909375 0.05390625 0.03125
2 0.8109375 0.91171875 0.05390625 0.028125
2 0.79609375 0.12421875 0.0921875 0.06875
2 0.571875 0.12421875 0.09765625 0.06875
2 0.6859375 0.12421875 0.13046875 0.06875