2 0.2140625 0.225 0.03125 0.05625
2 0.525 0.24453125 0.02734375 0.0296875
2 0.553125 0.24453125 0.02734375 0.0296875
2 0.5828125 0.24453125 0.02734375 0.0296875
2 0.7859375 0.27109375 0.0265625 0.04765625
2 0.234375 0.28515625 0.071875 0.03203125
2 0.3 0.28515625 0.059375 0.03203125
2 0.35625 0.28515625 0.053125 0.03203125
2 0.4265625 0.28515625 0.0890625 0.03203125
2 0.5078125 0.28515625 0.0734375 0.03203125
2 0.5703125 0.28515625 0.0515625 0.03203125
2 0.2921875 0.33515625 0.1875 0.03515625
6 0.49296875 0.3359375 0.1953125 0.03828125
2 0.40625 0.3375 0.0140625 0.01796875
2 0.7859375 0.34453125 0.0265625 0.06796875
2 0.7390625 0.4109375 0.04375 0.01796875
2 0.4859375 0.05078125 0.01328125 0.0171875
2 0.2453125 0.0515625 0.09375 0.04609375
6 0.3984375 0.0515625 0.19140625 0.028125
2 0.521875 0.0515625 0.0328125 0.04609375
2 0.559375 0.0515625 0.04140625 0.04609375
2 0.6109375 0.0515625 0.06171875 0.04609375
2 0.6734375 0.0515625 0.0625 0.04609375
2 0.721875 0.0515625 0.03515625 0.04609375
2 0.77109375 0.0515625 0.06171875 0.04609375
2 0.70546875 0.5640625 0.1578125 0.2359375
2 0.6265625 0.76328125 0.03359375 0.06015625
2 0.6265625 0.87734375 0.03359375 0.06015625
2 0.21015625 0.971875 0.02109375 0.03515625
2 0.6265625 0.97265625 0.03359375 0.0546875
2 0.5 0.13046875 0.37890625 0.0859375