2 0.2390625 0.15390625 0.153125 0.04453125
6 0.35390625 0.0203125 0.053125 0.015625
2 0.15 0.23671875 0.07265625 0.065625
2 0.234375 0.23671875 0.07265625 0.065625
2 0.3171875 0.23671875 0.07265625 0.065625
2 0.06640625 0.02734375 0.1328125 0.0546875
2 0.17421875 0.32421875 0.11875 0.03125
2 0.29765625 0.32421875 0.11875 0.03125
2 0.0390625 0.3671875 0.06953125 0.1234375
2 0.159375 0.41484375 0.14140625 0.07421875
2 0.3171875 0.41484375 0.14140625 0.07421875
2 0.328125 0.5609375 0.0078125 0.01484375
2 0.31953125 0.5625 0.009375 0.02109375
2 0.246875 0.57890625 0.1703125 0.0515625