2 0.33828125 0.1484375 0.09453125 0.03515625
6 0.49296875 0.14921875 0.1953125 0.03828125
2 0.40625 0.15078125 0.0140625 0.01796875
2 0.11171875 0.2203125 0.07421875 0.03203125
2 0.21171875 0.2203125 0.07421875 0.03203125
2 0.7265625 0.2234375 0.04375 0.01796875
2 0.70546875 0.3765625 0.15703125 0.23359375
2 0.29140625 0.04921875 0.01328125 0.02421875
2 0.525 0.05703125 0.02734375 0.0296875
2 0.553125 0.05703125 0.02734375 0.0296875
2 0.5828125 0.05703125 0.02734375 0.0296875
2 0.6265625 0.57578125 0.03359375 0.06015625
2 0.6265625 0.67265625 0.03359375 0.06015625
2 0.6265625 0.76875 0.03359375 0.06015625
2 0.15703125 0.07734375 0.08359375 0.03125
2 0.209375 0.8140625 0.02109375 0.03828125
2 0.6265625 0.846875 0.03359375 0.06015625
2 0.209375 0.86875 0.02109375 0.03828125
2 0.209375 0.9234375 0.02109375 0.03828125
2 0.6265625 0.94296875 0.03359375 0.05625
2 0.3546875 0.09765625 0.07578125 0.03203125
2 0.43515625 0.09765625 0.08515625 0.03203125
2 0.5125 0.09765625 0.06953125 0.03203125
2 0.571875 0.09765625 0.04921875 0.03203125
2 0.209375 0.97734375 0.02109375 0.02265625