2 0.2390625 0.15390625 0.01875 0.03359375
2 0.41796875 0.15390625 0.01875 0.03359375
6 0.61015625 0.15703125 0.0078125 0.015625
2 0.68515625 0.18984375 0.16796875 0.025
2 0.5 0.28203125 0.34140625 0.078125
2 0.2390625 0.39140625 0.01875 0.03359375
6 0.61015625 0.04140625 0.00859375 0.01640625
6 0.61015625 0.0046875 0.00859375 0.009375
2 0.68515625 0.4484375 0.140625 0.2125
2 0.415625 0.00625 0.0125 0.0125
2 0.6140625 0.5953125 0.01875 0.03359375
2 0.2390625 0.60703125 0.01875 0.03359375
2 0.61953125 0.65 0.03125 0.05625
2 0.2390625 0.65625 0.01875 0.03359375
2 0.2390625 0.7046875 0.01875 0.03359375
2 0.2390625 0.75390625 0.01875 0.03359375
6 0.6109375 0.08046875 0.00859375 0.01328125
2 0.2390625 0.80234375 0.01875 0.03359375
2 0.3125 0.00859375 0.16875 0.0171875
6 0.49375 0.009375 0.175 0.01796875
2 0.2390625 0.8515625 0.01875 0.03359375
2 0.2390625 0.9 0.01875 0.03359375
2 0.2390625 0.94921875 0.01875 0.03359375
2 0.2390625 0.10546875 0.01875 0.03359375
2 0.41796875 0.10546875 0.01875 0.03359375
6 0.61015625 0.11796875 0.00703125 0.01484375