2 0.24375 0.2 0.08125 0.040625
2 0.3109375 0.2078125 0.0421875 0.021875
2 0.24375 0.2703125 0.08125 0.040625
2 0.65625 0.2703125 0.07265625 0.08828125
2 0.74765625 0.303125 0.0859375 0.13359375
2 0.6375 0.0328125 0.021875 0.015625
2 0.24375 0.034375 0.08203125 0.03359375
2 0.73515625 0.34921875 0.0515625 0.025
2 0.24375 0.35546875 0.08125 0.040625
2 0.5703125 0.4 0.07734375 0.03359375
2 0.65625 0.42578125 0.07265625 0.0875
2 0.5703125 0.43515625 0.07578125 0.03125
2 0.5703125 0.471875 0.078125 0.03515625
2 0.24375 0.4828125 0.08125 0.040625
2 0.5703125 0.51015625 0.078125 0.0328125
2 0.56953125 0.546875 0.07734375 0.034375
6 0.21015625 0.55078125 0.00859375 0.015625
6 0.54375 0.00546875 0.07265625 0.0109375
2 0.5984375 0.00546875 0.0140625 0.0109375
2 0.65625 0.56953125 0.07265625 0.0875
6 0.21015625 0.57109375 0.00859375 0.015625
2 0.24375 0.603125 0.02578125 0.02421875
2 0.4484375 0.61015625 0.3234375 0.028125
2 0.2296875 0.66171875 0.025 0.04609375
2 0.25703125 0.66171875 0.025 0.04609375
2 0.65625 0.7265625 0.07265625 0.08828125
2 0.65625 0.89453125 0.07265625 0.0875
2 0.54296875 0.103125 0.04375 0.02109375
2 0.4515625 0.10390625 0.04296875 0.01953125
2 0.49765625 0.10390625 0.04296875 0.01953125
2 0.334375 0.10390625 0.09453125 0.0203125
2 0.4046875 0.10390625 0.04375 0.0203125
2 0.5890625 0.10390625 0.04375 0.02265625
2 0.65625 0.11328125 0.07265625 0.0875