2 0.31875 0.0359375 0.1015625 0.071875
2 0.346875 0.4 0.159375 0.0203125
2 0.7265625 0.0453125 0.01015625 0.01796875
2 0.51953125 0.46875 0.14765625 0.1046875
2 0.65390625 0.46953125 0.146875 0.10703125
6 0.678125 0.05 0.084375 0.01796875
2 0.65390625 0.61953125 0.146875 0.10234375
2 0.51875 0.6203125 0.15 0.10390625
2 0.2828125 0.84296875 0.01171875 0.021875
2 0.296875 0.84296875 0.01171875 0.021875
2 0.309375 0.84296875 0.01171875 0.021875
2 0.3234375 0.84296875 0.01171875 0.021875
2 0.33671875 0.84296875 0.01171875 0.021875
2 0.47890625 0.08984375 0.0390625 0.034375
2 0.39453125 0.090625 0.0375 0.03203125
2 0.3125 0.090625 0.0375 0.03359375
2 0.53046875 0.090625 0.05703125 0.03359375
2 0.5796875 0.090625 0.0421875 0.03359375
2 0.625 0.090625 0.04921875 0.03359375
2 0.353125 0.090625 0.0390625 0.0328125
2 0.43671875 0.09140625 0.0390625 0.03203125