2 0.36875 0.01640625 0.23125 0.03203125
6 0.3984375 0.4703125 0.10078125 0.03203125
2 0.36875 0.05 0.23125 0.03203125
2 0.728125 0.50078125 0.00859375 0.01796875
2 0.48828125 0.50234375 0.00703125 0.0140625
2 0.36875 0.51171875 0.23125 0.03203125
2 0.48828125 0.52421875 0.00625 0.02734375
2 0.36875 0.54609375 0.23125 0.03203125
2 0.36875 0.5796875 0.23125 0.03203125
2 0.36875 0.61328125 0.23125 0.03203125
2 0.36875 0.646875 0.23125 0.03203125
2 0.728125 0.67265625 0.00859375 0.01875
2 0.48828125 0.675 0.0078125 0.0171875
2 0.36875 0.675 0.23125 0.02109375
2 0.36875 0.08359375 0.23125 0.03203125
6 0.3984375 0.86015625 0.10078125 0.03203125
2 0.36875 0.90234375 0.23125 0.03203125
2 0.36875 0.9359375 0.23125 0.03203125
2 0.36875 0.96953125 0.23125 0.03125
2 0.48828125 0.1109375 0.0078125 0.0171875
2 0.36875 0.11171875 0.23125 0.0203125
2 0.728125 0.1125 0.00859375 0.0171875