2 0.365625 0.20078125 0.1625 0.028125
2 0.821875 0.3265625 0.29296875 0.04296875
2 0.715625 0.03828125 0.03203125 0.06484375
2 0.75234375 0.03828125 0.0359375 0.0671875
6 0.9078125 0.03828125 0.121875 0.04296875
2 0.27421875 0.0390625 0.06640625 0.078125
2 0.3328125 0.0390625 0.05078125 0.078125
2 0.39765625 0.0390625 0.07890625 0.078125
2 0.4890625 0.0390625 0.103125 0.078125
2 0.578125 0.0390625 0.07421875 0.078125
2 0.6421875 0.0390625 0.02734375 0.0671875
2 0.7921875 0.0390625 0.0375 0.0671875
2 0.67890625 0.03984375 0.034375 0.06796875
2 0.12578125 0.03984375 0.21484375 0.06328125
2 0.3390625 0.6125 0.615625 0.615625
2 0.821875 0.85859375 0.2640625 0.0921875