2 0.8859375 0.26328125 0.11640625 0.29375
2 0.22421875 0.2640625 0.11953125 0.29375
2 0.35625 0.2640625 0.11953125 0.29375
2 0.48828125 0.2640625 0.11953125 0.29375
2 0.6203125 0.2640625 0.11953125 0.29375
2 0.753125 0.2640625 0.11953125 0.29375
2 0.190625 0.55546875 0.08359375 0.15078125
2 0.28203125 0.55546875 0.08359375 0.15078125
2 0.3734375 0.55546875 0.08359375 0.15078125
2 0.465625 0.55546875 0.08359375 0.15078125
2 0.55703125 0.55546875 0.08359375 0.15078125
2 0.6484375 0.55546875 0.08359375 0.15078125
2 0.73984375 0.9359375 0.0828125 0.128125
2 0.83125 0.93671875 0.07109375 0.1265625
2 0.3734375 0.93671875 0.06796875 0.1265625
2 0.6484375 0.93671875 0.0765625 0.1265625
2 0.28203125 0.9375 0.0703125 0.125
2 0.9234375 0.9375 0.08125 0.125
2 0.46484375 0.9375 0.0671875 0.125
2 0.55625 0.9375 0.075 0.125
2 0.190625 0.94921875 0.08359375 0.10078125
6 0.0140625 0.1203125 0.00859375 0.015625