2 0.08671875 0.0484375 0.09609375 0.0265625
2 0.5 0.0484375 0.2453125 0.05546875
2 0.72265625 0.0484375 0.0796875 0.01953125
2 0.8125 0.0484375 0.06484375 0.01953125
2 0.9125 0.0484375 0.0984375 0.05546875
2 0.1046875 0.334375 0.01953125 0.0265625
6 0.33515625 0.3328125 0.54296875 0.0796875
2 0.87265625 0.3328125 0.08203125 0.05546875
2 0.2515625 0.7671875 0.50234375 0.46171875
2 0.625 0.7046875 0.25 0.33203125
2 0.875 0.70546875 0.25 0.334375
2 0.625 0.93515625 0.25234375 0.12734375
2 0.875 0.93515625 0.25 0.12734375