6 0.334375 0.3328125 0.5421875 0.09296875
6 0.70625 0.33359375 0.2 0.0859375
2 0.87265625 0.33359375 0.128125 0.090625
2 0.10390625 0.334375 0.01875 0.02578125
2 0.08046875 0.0484375 0.1203125 0.06875
2 0.18359375 0.0484375 0.08671875 0.07109375
2 0.5 0.046875 0.265625 0.07578125
2 0.9125 0.0484375 0.0984375 0.0546875
2 0.71875 0.04921875 0.1015625 0.05
2 0.815625 0.04921875 0.090625 0.05
2 0.20234375 0.5 0.11328125 0.07578125
2 0.37265625 0.5 0.11796875 0.07578125
2 0.52734375 0.49921875 0.11015625 0.07578125
2 0.67109375 0.5 0.11015625 0.07578125
2 0.8109375 0.5 0.103125 0.0765625
2 0.625 0.7046875 0.25 0.33359375
2 0.875 0.7046875 0.25 0.33359375
2 0.25 0.76875 0.5 0.4625
2 0.625 0.93515625 0.25 0.1296875
2 0.875 0.93515625 0.25 0.1296875