2 0.1109375 0.03828125 0.09140625 0.0484375
6 0.29921875 0.03828125 0.2671875 0.0453125
2 0.62109375 0.03828125 0.12734375 0.0484375
2 0.7546875 0.03828125 0.12265625 0.0484375
2 0.06015625 0.0984375 0.06015625 0.0484375
2 0.15390625 0.0984375 0.09140625 0.0484375
2 0.259375 0.0984375 0.08203125 0.0484375
2 0.3578125 0.0984375 0.0765625 0.0484375
2 0.4640625 0.0984375 0.09609375 0.0484375
2 0.5734375 0.0984375 0.084375 0.0484375
2 0.6859375 0.0984375 0.10546875 0.0484375
2 0.7921875 0.0984375 0.06953125 0.0484375
2 0.8890625 0.0984375 0.08671875 0.0484375
2 0.884375 0.0984375 0.05078125 0.021875
2 0.94921875 0.0984375 0.04296875 0.021875
2 0.84140625 0.43046875 0.0984375 0.0484375
2 0.84140625 0.428125 0.0984375 0.0265625
2 0.63359375 0.1765625 0.11328125 0.0453125
2 0.96484375 0.1765625 0.03828125 0.05078125
2 0.16015625 0.27890625 0.26171875 0.0484375
2 0.7875 0.27890625 0.0890625 0.03359375
2 0.86875 0.27890625 0.0671875 0.03359375
2 0.9390625 0.27890625 0.06484375 0.03359375
2 0.1 0.99375 0.1421875 0.009375