2 0.63359375 0.17734375 0.1109375 0.046875
2 0.16015625 0.27890625 0.26171875 0.046875
2 0.85859375 0.03828125 0.06875 0.04609375
2 0.93515625 0.03828125 0.07734375 0.04609375
2 0.11015625 0.0390625 0.0921875 0.046875
6 0.3 0.0390625 0.265625 0.04453125
2 0.62109375 0.0390625 0.1265625 0.046875
2 0.7546875 0.0390625 0.1234375 0.046875
2 0.04375 0.0390625 0.0359375 0.04375
6 0.48671875 0.040625 0.10625 0.04375
2 0.84140625 0.4296875 0.0984375 0.046875
2 0.4828125 0.47421875 0.31796875 0.25625
2 0.17421875 0.47421875 0.28984375 0.2578125
2 0.81015625 0.475 0.31875 0.2546875
2 0.9515625 0.6390625 0.02578125 0.02421875
2 0.53515625 0.75 0.27734375 0.2703125
2 0.209375 0.75 0.359375 0.2640625
2 0.82421875 0.75 0.2875 0.265625
2 0.96015625 0.8921875 0.03046875 0.0234375
2 0.1546875 0.09921875 0.08984375 0.046875
2 0.259375 0.09921875 0.08203125 0.046875
2 0.3578125 0.09921875 0.07734375 0.046875
2 0.46328125 0.09921875 0.096875 0.046875
2 0.57265625 0.09921875 0.0828125 0.046875
2 0.059375 0.09921875 0.0609375 0.046875
2 0.67265625 0.09921875 0.07734375 0.046875
2 0.94296875 0.10546875 0.021875 0.03046875
2 0.37734375 0.940625 0.70234375 0.11875
2 0.85078125 0.94140625 0.24296875 0.1171875