2 0.2953125 0.14375 0.0390625 0.053125
2 0.34375 0.14375 0.0578125 0.053125
2 0.3890625 0.14375 0.0328125 0.053125
2 0.440625 0.14375 0.07109375 0.053125
2 0.5203125 0.14375 0.08828125 0.053125
2 0.6109375 0.14375 0.0921875 0.053125
2 0.690625 0.14375 0.06875 0.053125
2 0.978125 0.36015625 0.0140625 0.028125
2 0.81796875 0.36953125 0.315625 0.38828125
2 0.1828125 0.36953125 0.315625 0.38828125
2 0.5 0.36953125 0.315625 0.38828125
2 0.98828125 0.36953125 0.02265625 0.3890625
2 0.815625 0.446875 0.0484375 0.015625
2 0.16796875 0.47265625 0.0484375 0.015625
2 0.20625 0.47265625 0.02421875 0.015625
2 0.4984375 0.47265625 0.0484375 0.015625
2 0.5 0.05859375 0.18984375 0.1
2 0.178125 0.603125 0.0484375 0.015625
2 0.4328125 0.603125 0.0484375 0.015625
2 0.8328125 0.6484375 0.06015625 0.0390625
6 0.73125 0.6484375 0.14140625 0.0390625
2 0.26875 0.6734375 0.24453125 0.1859375
2 0.5234375 0.6734375 0.24453125 0.1859375
2 0.7625 0.81171875 0.16796875 0.13359375
2 0.178125 0.9375 0.0484375 0.015625
2 0.2171875 0.9375 0.02421875 0.015625
2 0.4328125 0.9375 0.0484375 0.015625
2 0.471875 0.9375 0.02421875 0.015625
2 0.26796875 0.95625 0.2453125 0.0875
2 0.52421875 0.95703125 0.24609375 0.0859375
2 0.76171875 0.965625 0.16484375 0.06875
2 0.85859375 0.140625 0.025 0.040625