2 0.1203125 0.4578125 0.2390625 0.190625
2 0.9453125 0.459375 0.109375 0.18359375
2 0.3171875 0.4609375 0.1375 0.18359375
2 0.515625 0.46171875 0.2515625 0.18515625
2 0.76640625 0.4625 0.23984375 0.18203125
2 0.99140625 0.4640625 0.0171875 0.05625
2 0.64296875 0.0484375 0.03359375 0.0453125
2 0.7125 0.0484375 0.0796875 0.0453125
2 0.790625 0.0484375 0.075 0.0453125
2 0.2203125 0.04921875 0.090625 0.046875
2 0.33203125 0.04921875 0.125 0.046875
2 0.4328125 0.04921875 0.06875 0.046875
2 0.51015625 0.04921875 0.07890625 0.046875
2 0.5890625 0.04921875 0.07109375 0.046875
2 0.925 0.05 0.15 0.0484375
2 0.08046875 0.0515625 0.1609375 0.0453125
2 0.1359375 0.64140625 0.271875 0.0484375
2 0.8671875 0.77890625 0.265625 0.2109375
2 0.3609375 0.8375 0.72109375 0.325
2 0.85390625 0.9375 0.2375 0.03359375
2 0.98203125 0.12421875 0.0359375 0.0671875
6 0.4828125 0.125 0.96484375 0.06796875