2 0.00859375 0.0328125 0.0171875 0.06484375
6 0.2828125 0.04296875 0.2953125 0.0359375
2 0.47109375 0.04296875 0.05546875 0.02890625
2 0.5640625 0.04296875 0.10078125 0.02890625
2 0.8734375 0.04296875 0.05078125 0.03125
2 0.9484375 0.04296875 0.071875 0.0453125
2 0.9015625 0.19453125 0.15625 0.0359375
2 0.06875 0.2609375 0.09375 0.05078125
2 0.15859375 0.2609375 0.08671875 0.05078125
2 0.2484375 0.2609375 0.09375 0.05078125
2 0.0359375 0.34609375 0.02890625 0.0484375
2 0.0359375 0.74765625 0.02890625 0.0484375
2 0.0359375 0.98203125 0.03125 0.03359375