2 0.90078125 0.1953125 0.15546875 0.03671875
2 0.1578125 0.26015625 0.0875 0.05234375
2 0.2484375 0.26015625 0.09453125 0.05234375
2 0.06875 0.26015625 0.09375 0.05234375
2 0.771875 0.32578125 0.065625 0.04296875
2 0.8609375 0.32578125 0.10078125 0.0421875
2 0.70625 0.3265625 0.06015625 0.040625
2 0.95 0.32734375 0.0671875 0.04296875
2 0.0359375 0.34609375 0.0296875 0.046875
2 0.06875 0.0390625 0.11015625 0.0625
6 0.2828125 0.04296875 0.29375 0.03671875
2 0.47109375 0.04375 0.06796875 0.05
2 0.565625 0.04375 0.11796875 0.05
2 0.87578125 0.04296875 0.06875 0.05078125
2 0.9484375 0.04296875 0.07109375 0.04453125
6 0.5 0.53125 0.95703125 0.2625
2 0.70703125 0.72890625 0.0625 0.03828125
2 0.8609375 0.72890625 0.1 0.03984375
2 0.7734375 0.7296875 0.06953125 0.0421875
2 0.95078125 0.73125 0.06875 0.0375
2 0.0359375 0.74765625 0.0296875 0.046875
6 0.49921875 0.8640625 0.95546875 0.0796875
2 0.7046875 0.96875 0.06171875 0.0359375
2 0.95234375 0.96875 0.06484375 0.034375
2 0.77265625 0.96953125 0.07109375 0.0421875
2 0.859375 0.9703125 0.10078125 0.0390625
2 0.0359375 0.9828125 0.0296875 0.03359375