2 0.09296875 0.0484375 0.1265625 0.0765625
6 0.8140625 0.05234375 0.28828125 0.04296875
2 0.178125 0.603125 0.2734375 0.11171875
2 0.48046875 0.603125 0.2734375 0.11171875
2 0.8140625 0.703125 0.2203125 0.04453125
2 0.178125 0.7671875 0.2734375 0.11171875
2 0.48046875 0.7671875 0.2734375 0.11171875
2 0.7265625 0.8984375 0.1 0.0390625
2 0.8765625 0.8984375 0.078125 0.0390625
2 0.721875 0.95546875 0.090625 0.0390625
2 0.88984375 0.95546875 0.103125 0.0390625
2 0.06875 0.92421875 0.05625 0.09921875