2 0.11171875 0.09140625 0.17578125 0.1109375
2 0.63828125 0.09140625 0.04296875 0.0578125
2 0.71640625 0.09140625 0.0984375 0.0578125
2 0.828125 0.09140625 0.12734375 0.0578125
2 0.9125 0.09140625 0.02890625 0.03828125
2 0.95546875 0.09140625 0.04296875 0.0578125
2 0.053125 0.16015625 0.06015625 0.02890625
2 0.125 0.16015625 0.06953125 0.02890625
2 0.20078125 0.16015625 0.06953125 0.02890625
2 0.25859375 0.16015625 0.0359375 0.02890625
2 0.3296875 0.16015625 0.09375 0.02890625
2 0.41796875 0.16015625 0.071875 0.02890625
2 0.490625 0.16015625 0.06015625 0.02890625
2 0.5796875 0.16015625 0.103125 0.02890625
2 0.665625 0.16015625 0.05546875 0.02890625
2 0.2484375 0.709375 0.06015625 0.040625
2 0.2484375 0.834375 0.39453125 0.1609375
2 0.2484375 0.95078125 0.06953125 0.03359375
2 0.6265625 0.453125 0.21171875 0.09140625
2 0.571875 0.52421875 0.103125 0.03359375
2 0.6265625 0.6671875 0.21171875 0.00234375
2 0.6265625 0.8890625 0.21171875 0.09140625
2 0.5625 0.96171875 0.084375 0.03125
2 0.8015625 0.30546875 0.06015625 0.0453125
2 0.9109375 0.3421875 0.1421875 0.1203125
2 0.9109375 0.41796875 0.1421875 0.03125
2 0.8015625 0.509375 0.06015625 0.0453125
2 0.9109375 0.5609375 0.1421875 0.1515625
2 0.9109375 0.65234375 0.1421875 0.03125
2 0.8015625 0.73046875 0.06015625 0.0453125
2 0.9109375 0.75390625 0.1421875 0.09140625
2 0.9109375 0.8140625 0.1421875 0.03125
2 0.8015625 0.9046875 0.06015625 0.0453125
2 0.9125 0.94140625 0.14453125 0.115625