2 0.53515625 0.17109375 0.059375 0.05234375
2 0.58984375 0.17109375 0.046875 0.05234375
2 0.6921875 0.17109375 0.0453125 0.05234375
2 0.43828125 0.171875 0.13046875 0.05234375
2 0.6421875 0.171875 0.05625 0.05234375
2 0.2671875 0.17265625 0.06015625 0.05234375
2 0.334375 0.17265625 0.07265625 0.05234375
2 0.2078125 0.1734375 0.0546875 0.05234375
2 0.21875 0.021875 0.07109375 0.03828125
2 0.709375 0.021875 0.06875 0.04375
2 0.7640625 0.021875 0.0390625 0.04375
2 0.8953125 0.02421875 0.01484375 0.025
6 0.846875 0.025 0.12890625 0.0390625
2 0.36875 0.46015625 0.7359375 0.515625
2 0.23984375 0.096875 0.11796875 0.0796875