2 0.79453125 0.22890625 0.03828125 0.034375
2 0.8375 0.22890625 0.04765625 0.034375
2 0.2515625 0.22890625 0.02578125 0.034375
2 0.2828125 0.22890625 0.0375 0.034375
2 0.3140625 0.22890625 0.0234375 0.034375
2 0.36640625 0.22890625 0.08203125 0.034375
2 0.43671875 0.22890625 0.05859375 0.034375
2 0.4890625 0.22890625 0.04765625 0.034375
2 0.534375 0.22890625 0.0421875 0.034375
2 0.57265625 0.22890625 0.03359375 0.034375
2 0.60390625 0.22890625 0.0296875 0.034375
2 0.6359375 0.22890625 0.034375 0.034375
2 0.671875 0.22890625 0.0375 0.034375
2 0.703125 0.22890625 0.02421875 0.034375
2 0.728125 0.22890625 0.0265625 0.034375
2 0.75859375 0.22890625 0.034375 0.034375
2 0.41640625 0.4078125 0.3578125 0.18984375
2 0.7875 0.67265625 0.00859375 0.02578125
2 0.79921875 0.67265625 0.0109375 0.02578125
2 0.8125 0.67265625 0.0109375 0.02578125
2 0.7625 0.67265625 0.0109375 0.02578125
2 0.77578125 0.67265625 0.0109375 0.02578125
2 0.84296875 0.75390625 0.034375 0.02890625
6 0.76875 0.75390625 0.1046875 0.02890625
6 0.7890625 0.84765625 0.0703125 0.02890625
6 0.7890625 0.88359375 0.0703125 0.02890625
2 0.76796875 0.91875 0.028125 0.02890625