2 0.93515625 0.1890625 0.084375 0.04453125
2 0.20859375 0.1890625 0.121875 0.04296875
2 0.328125 0.1890625 0.09765625 0.04296875
2 0.44140625 0.1890625 0.1109375 0.04296875
2 0.5609375 0.1890625 0.10859375 0.04296875
2 0.65625 0.1890625 0.0640625 0.04296875
2 0.7484375 0.1890625 0.1 0.04296875
2 0.08125 0.1890625 0.1140625 0.04296875
6 0.28203125 0.02890625 0.16796875 0.0390625
2 0.4015625 0.02890625 0.0671875 0.0390625
2 0.9140625 0.02890625 0.109375 0.0390625
2 0.1359375 0.64296875 0.209375 0.07578125
2 0.33671875 0.86484375 0.49921875 0.2703125
2 0.415625 0.08828125 0.4125 0.05234375
2 0.5 0.009375 0.9375 0.0015625
2 0.865625 0.109375 0.028125 0.03671875
2 0.9125 0.109375 0.0421875 0.03671875