2 0.91328125 0.02890625 0.1109375 0.03828125
6 0.2828125 0.02890625 0.16796875 0.03828125
6 0.4015625 0.02890625 0.0671875 0.03828125
2 0.415625 0.0890625 0.41328125 0.053125
2 0.865625 0.109375 0.02890625 0.0359375
2 0.9125 0.109375 0.04296875 0.0359375
2 0.08203125 0.18984375 0.115625 0.04296875
2 0.2078125 0.18984375 0.12265625 0.04296875
2 0.328125 0.18984375 0.0984375 0.04296875
2 0.44140625 0.18984375 0.11328125 0.04296875
2 0.5609375 0.18984375 0.1078125 0.04296875
2 0.65625 0.18984375 0.06484375 0.04296875
2 0.74765625 0.18984375 0.10078125 0.04296875
2 0.07421875 0.23671875 0.10078125 0.04296875
2 0.17890625 0.23671875 0.09140625 0.04296875
2 0.29296875 0.23671875 0.1203125 0.04296875
2 0.4078125 0.23671875 0.09140625 0.04296875
2 0.5625 0.23671875 0.2046875 0.04296875
2 0.7296875 0.23671875 0.11328125 0.04296875
2 0.1359375 0.64296875 0.209375 0.07421875