6 0.2453125 0.24453125 0.3890625 0.078125
2 0.46953125 0.24453125 0.06328125 0.078125
2 0.571875 0.24609375 0.090625 0.0359375
2 0.68203125 0.24609375 0.09453125 0.04296875
2 0.7953125 0.24453125 0.10546875 0.03984375
2 0.90859375 0.24609375 0.09375 0.0421875
2 0.1109375 0.02578125 0.1375 0.0515625
2 0.26640625 0.0265625 0.16484375 0.0453125
2 0.43046875 0.0265625 0.16015625 0.04765625
2 0.23125 0.675 0.2578125 0.084375
2 0.76875 0.69375 0.23046875 0.084375
2 0.9265625 0.11875 0.0484375 0.05234375
2 0.33515625 0.11796875 0.084375 0.05234375
2 0.465625 0.11796875 0.175 0.053125
2 0.59375 0.11875 0.0796875 0.053125
2 0.14375 0.11796875 0.1625 0.0453125
2 0.759375 0.1171875 0.1078125 0.05078125
2 0.8578125 0.11796875 0.0875 0.05078125
2 0.2640625 0.11875 0.05546875 0.06328125