2 0.14296875 0.11796875 0.16328125 0.0453125
2 0.3328125 0.11796875 0.06015625 0.03125
2 0.4625 0.11796875 0.1515625 0.03125
2 0.5921875 0.11796875 0.06015625 0.03125
2 0.75859375 0.11796875 0.084375 0.03359375
2 0.85703125 0.11796875 0.0671875 0.0359375
6 0.2453125 0.2453125 0.3890625 0.0796875
2 0.46875 0.2453125 0.06484375 0.0796875
2 0.59140625 0.2453125 0.103125 0.021875
2 0.69375 0.2453125 0.10546875 0.021875
2 0.80859375 0.2453125 0.12265625 0.021875
2 0.90859375 0.2453125 0.08203125 0.021875
2 0.23203125 0.67578125 0.25703125 0.084375
2 0.76796875 0.69375 0.23046875 0.084375