2 0.55 0.0390625 0.1015625 0.05625
2 0.17265625 0.4140625 0.17578125 0.04921875
6 0.796875 0.04375 0.16328125 0.03671875
2 0.89609375 0.04375 0.0078125 0.02109375
2 0.86640625 0.04375 0.01640625 0.028125
2 0.82734375 0.8484375 0.12265625 0.24375
2 0.6890625 0.85234375 0.1375 0.2421875
2 0.26796875 0.853125 0.12890625 0.240625
2 0.54765625 0.853125 0.13203125 0.2421875
2 0.409375 0.85390625 0.12578125 0.24296875
2 0.9140625 0.93046875 0.02265625 0.040625
2 0.18671875 0.93046875 0.02265625 0.040625
2 0.825 0.1046875 0.0953125 0.04765625
2 0.25 0.1046875 0.05078125 0.04765625
2 0.3359375 0.1046875 0.115625 0.04765625
2 0.434375 0.1046875 0.075 0.04765625
2 0.509375 0.1046875 0.0671875 0.04765625
2 0.56484375 0.1046875 0.0375 0.04765625
2 0.6265625 0.1046875 0.0796875 0.04765625
2 0.721875 0.1046875 0.10546875 0.04765625