2 0.07578125 0.053125 0.08203125 0.05078125
2 0.26796875 0.05390625 0.12734375 0.1078125
2 0.38828125 0.05390625 0.115625 0.1078125
2 0.50859375 0.05390625 0.12734375 0.1078125
2 0.609375 0.05390625 0.0796875 0.1078125
2 0.6875 0.05390625 0.0796875 0.1078125
2 0.765625 0.05390625 0.0796875 0.1078125
6 0.8765625 0.053125 0.09609375 0.0484375
2 0.94375 0.053125 0.03828125 0.0484375
2 0.2453125 0.53125 0.4203125 0.084375
2 0.8703125 0.1453125 0.18984375 0.0265625
6 0.7546875 0.2875 0.4203125 0.22578125
6 0.6359375 0.56640625 0.1828125 0.05078125
2 0.7640625 0.56640625 0.06484375 0.05078125
2 0.8578125 0.56640625 0.06484375 0.05078125
2 0.9328125 0.56640625 0.06484375 0.05078125
2 0.40625 0.9171875 0.10078125 0.05078125