6 0.7546875 0.28828125 0.41875 0.22734375
2 0.2453125 0.53125 0.42109375 0.08359375
2 0.07578125 0.053125 0.08125 0.04921875
6 0.8765625 0.053125 0.096875 0.046875
2 0.94375 0.053125 0.03984375 0.046875
2 0.26875 0.05390625 0.1265625 0.1078125
2 0.3890625 0.05390625 0.115625 0.1078125
2 0.50859375 0.05390625 0.12578125 0.1078125
2 0.61015625 0.05390625 0.07890625 0.1078125
2 0.68828125 0.05390625 0.07890625 0.1078125
2 0.765625 0.05390625 0.078125 0.1078125
6 0.63515625 0.56640625 0.1828125 0.04921875
2 0.76484375 0.56640625 0.0640625 0.04921875
2 0.85859375 0.56640625 0.0640625 0.04921875
2 0.9328125 0.56640625 0.0640625 0.04921875
2 0.57578125 0.76875 0.040625 0.05078125
2 0.93046875 0.771875 0.02578125 0.05234375
2 0.75234375 0.8640625 0.4203125 0.271875
2 0.75390625 0.8890625 0.065625 0.06171875
2 0.40625 0.91640625 0.1 0.04921875