6 0.81875 0.1734375 0.275 0.0453125
6 0.81875 0.22578125 0.275 0.0453125
6 0.81875 0.278125 0.275 0.0453125
2 0.721875 0.33203125 0.0828125 0.04921875
6 0.7046875 0.040625 0.12890625 0.03671875
6 0.8375 0.040625 0.12890625 0.03671875
2 0.9390625 0.04296875 0.065625 0.04140625
2 0.121875 0.04296875 0.21640625 0.06953125
2 0.81796875 0.44921875 0.0265625 0.0390625
2 0.84921875 0.45 0.02890625 0.03828125
2 0.9171875 0.45 0.0296875 0.0359375
2 0.88359375 0.45234375 0.02578125 0.0390625
2 0.34453125 0.68203125 0.21953125 0.0546875
2 0.82265625 0.73671875 0.29140625 0.20546875
6 0.68828125 0.07421875 0.09296875 0.01796875