2 0.96015625 0.0265625 0.0578125 0.040625
2 0.8984375 0.0265625 0.0109375 0.01953125
2 0.16796875 0.0265625 0.05234375 0.053125
2 0.02890625 0.0265625 0.03515625 0.01953125
2 0.2296875 0.02734375 0.0703125 0.05234375
2 0.30078125 0.02734375 0.07109375 0.05390625
2 0.91640625 0.028125 0.0109375 0.02578125
6 0.321875 0.39296875 0.140625 0.03203125
2 0.3890625 0.39296875 0.0109375 0.01953125
6 0.475 0.39296875 0.140625 0.03203125
2 0.5421875 0.39296875 0.0109375 0.01953125
6 0.628125 0.39296875 0.140625 0.03203125
2 0.6953125 0.39296875 0.0109375 0.01953125
2 0.73671875 0.39375 0.05234375 0.0390625
2 0.29609375 0.61328125 0.19140625 0.34453125
2 0.5 0.61328125 0.19140625 0.34453125
2 0.70390625 0.61328125 0.19140625 0.34453125
2 0.79453125 0.81015625 0.01015625 0.01796875
2 0.3859375 0.81015625 0.01015625 0.01796875
2 0.590625 0.81015625 0.01015625 0.01796875
2 0.49453125 0.9234375 0.64296875 0.153125