2 0.57421875 0.15703125 0.11171875 0.16015625
2 0.57421875 0.02421875 0.11171875 0.0484375
2 0.25 0.36640625 0.09765625 0.08984375
2 0.37421875 0.36640625 0.08828125 0.0578125
2 0.5078125 0.36640625 0.05078125 0.14375
2 0.6359375 0.36640625 0.09765625 0.06015625
2 0.74296875 0.36640625 0.0546875 0.1296875
6 0.4953125 0.75703125 0.2015625 0.03125
6 0.7046875 0.75703125 0.2015625 0.03125
6 0.28671875 0.7578125 0.20078125 0.03125
6 0.496875 0.8734375 0.61953125 0.12890625
6 0.2 0.98984375 0.0140625 0.0203125
2 0.334375 0.11953125 0.296875 0.2390625