6 0.5328125 0.0453125 0.93125 0.090625
2 0.921875 0.0453125 0.15625 0.090625
6 0.5328125 0.0453125 0.93125 0.090625
6 0.921875 0.0453125 0.15625 0.090625
2 0.07109375 0.0453125 0.1421875 0.090625
2 0.1703125 0.04921875 0.03359375 0.02890625
2 0.24296875 0.04921875 0.06953125 0.02890625
2 0.34375 0.04921875 0.09609375 0.02890625
2 0.43515625 0.04921875 0.05078125 0.02890625
2 0.5046875 0.04921875 0.05078125 0.02890625
2 0.584375 0.04921875 0.071875 0.02890625
2 0.6625 0.04921875 0.0484375 0.02890625
2 0.19140625 0.1390625 0.03359375 0.02890625
2 0.7109375 0.0453125 0.04375 0.090625
2 0.784375 0.0453125 0.1125 0.090625
2 0.9234375 0.0453125 0.15 0.090625
2 0.3125 0.5828125 0.625 0.5578125
2 0.2859375 0.68515625 0.521875 0.18984375
2 0.17890625 0.9484375 0.0796875 0.10078125
2 0.29453125 0.95078125 0.15390625 0.09609375
2 0.41015625 0.9484375 0.0796875 0.10078125
2 0.52421875 0.95078125 0.15390625 0.071875
2 0.6609375 0.35 0.11796875 0.15625
2 0.89765625 0.5609375 0.12734375 0.16796875
2 0.7390625 0.4953125 0.1515625 0.08203125
2 0.703125 0.83515625 0.0796875 0.10546875
2 0.86171875 0.76953125 0.19921875 0.06953125
6 0.5 0.54921875 0.22578125 0.053125
2 0.5 0.6140625 0.22578125 0.053125
2 0.5 0.68046875 0.22578125 0.053125
2 0.5875 0.7859375 0.06953125 0.0265625