2 0.5265625 0.240625 0.04296875 0.05546875
2 0.40703125 0.240625 0.07265625 0.05390625
2 0.47421875 0.240625 0.0546875 0.0546875
2 0.584375 0.24140625 0.06328125 0.05859375
2 0.6359375 0.24140625 0.0328125 0.0609375
2 0.69921875 0.24375 0.075 0.065625
2 0.77578125 0.24375 0.06640625 0.065625
2 0.5578125 0.06875 0.09375 0.0546875
2 0.62578125 0.06875 0.0375 0.0546875
2 0.66875 0.06875 0.04296875 0.0546875
2 0.71015625 0.06875 0.03515625 0.0546875
2 0.76875 0.06875 0.0765625 0.0546875
2 0.7953125 0.74296875 0.02265625 0.040625
6 0.4890625 0.74375 0.5890625 0.0390625
2 0.765625 0.80703125 0.03671875 0.02265625
6 0.2828125 0.815625 0.17421875 0.0390625
6 0.4625 0.815625 0.17421875 0.0390625
6 0.64375 0.815625 0.17421875 0.0390625
2 0.2421875 0.11640625 0.096875 0.1125
2 0.528125 0.12890625 0.0484375 0.04453125
2 0.5875 0.1296875 0.0703125 0.046875
2 0.65 0.1296875 0.05546875 0.046875
2 0.7 0.1296875 0.04375 0.04921875
2 0.7671875 0.1296875 0.0890625 0.04765625