2 0.1515625 0.146875 0.26640625 0.0234375
6 0.91171875 0.1875 0.17578125 0.06796875
2 0.79609375 0.1875 0.05546875 0.0703125
2 0.2515625 0.2046875 0.06640625 0.0453125
6 0.06875 0.2046875 0.09375 0.0375
6 0.1640625 0.20546875 0.0953125 0.04296875
2 0.6875 0.553125 0.178125 0.07421875
2 0.4296875 0.059375 0.146875 0.05546875
2 0.5515625 0.059375 0.09609375 0.05546875
2 0.153125 0.06015625 0.30546875 0.109375
2 0.925 0.06015625 0.15 0.109375
2 0.64921875 0.0609375 0.09140625 0.05390625
2 0.25546875 0.91875 0.3171875 0.1625
2 0.6078125 0.91875 0.31875 0.1625
2 0.89921875 0.91875 0.1984375 0.1625