6 0.21328125 0.2015625 0.01640625 0.03828125
2 0.2734375 0.2015625 0.09140625 0.03828125
6 0.371875 0.2015625 0.01640625 0.03828125
2 0.43125 0.2015625 0.09140625 0.03828125
6 0.53125 0.2015625 0.01640625 0.03828125
2 0.590625 0.2015625 0.09140625 0.03828125
6 0.68984375 0.2015625 0.01640625 0.03828125
2 0.74921875 0.2015625 0.09140625 0.03828125
2 0.7765625 0.46484375 0.08203125 0.05625
2 0.55 0.7328125 0.234375 0.359375
2 0.965625 0.7328125 0.06875 0.3625
2 0.3 0.73359375 0.234375 0.36015625
2 0.79921875 0.73359375 0.23359375 0.3609375