2 0.81484375 0.44921875 0.28828125 0.125
2 0.10078125 0.48203125 0.12265625 0.04296875
2 0.228125 0.48203125 0.11328125 0.04296875
2 0.4890625 0.40390625 0.09140625 0.0453125
2 0.58671875 0.40390625 0.08203125 0.0453125
2 0.6734375 0.40390625 0.09375 0.0453125
2 0.90859375 0.40390625 0.09609375 0.0453125
2 0.09140625 0.5625 0.1421875 0.05546875
2 0.22734375 0.5625 0.13203125 0.05546875
2 0.3578125 0.5625 0.13203125 0.05546875
2 0.4890625 0.5625 0.13203125 0.05546875
2 0.6203125 0.5625 0.13203125 0.05546875
2 0.7234375 0.5625 0.0765625 0.05546875
2 0.05078125 0.61796875 0.0265625 0.05546875
2 0.12109375 0.61796875 0.115625 0.05546875
2 0.203125 0.61796875 0.05078125 0.05546875
2 0.2765625 0.61796875 0.09609375 0.05546875
2 0.35234375 0.61796875 0.05546875 0.05546875
2 0.4203125 0.61796875 0.08203125 0.05546875
2 0.4953125 0.61796875 0.0671875 0.05546875
2 0.54921875 0.61796875 0.03828125 0.05546875
2 0.6 0.61796875 0.06015625 0.05546875
2 0.11171875 0.69375 0.1421875 0.03828125
2 0.16796875 0.66953125 0.0671875 0.03359375
2 0.32421875 0.77890625 0.1109375 0.02890625
2 0.46875 0.77890625 0.10078125 0.02890625
2 0.1671875 0.853125 0.259375 0.03359375
2 0.08515625 0.8859375 0.09609375 0.03359375
2 0.13828125 0.95703125 0.19453125 0.0578125
2 0.2984375 0.95703125 0.10546875 0.0578125