2 0.08515625 0.02421875 0.10078125 0.0484375
2 0.1765625 0.02421875 0.0796875 0.0484375
2 0.25 0.02421875 0.06484375 0.0484375
2 0.31875 0.02421875 0.07421875 0.0484375
2 0.3953125 0.02421875 0.084375 0.0484375
2 0.5015625 0.02421875 0.12734375 0.0484375
2 0.79296875 0.02421875 0.08671875 0.0484375
2 0.85703125 0.02421875 0.03828125 0.0484375
2 0.90390625 0.02421875 0.03828125 0.0484375
2 0.94453125 0.02421875 0.03828125 0.0484375
2 0.0578125 0.2171875 0.0453125 0.0453125
2 0.13203125 0.2171875 0.103125 0.0453125
2 0.2234375 0.2171875 0.0796875 0.0453125
2 0.2921875 0.2171875 0.0578125 0.0453125
2 0.3578125 0.2171875 0.07421875 0.0453125
2 0.421875 0.2171875 0.05546875 0.0453125
2 0.5109375 0.2171875 0.12265625 0.0453125
2 0.6296875 0.2171875 0.11796875 0.0453125
2 0.72109375 0.2171875 0.06484375 0.0453125
2 0.071875 0.26171875 0.07421875 0.0453125
2 0.16484375 0.26171875 0.1109375 0.0453125
2 0.2453125 0.26171875 0.05078125 0.0453125
2 0.3140625 0.26171875 0.08671875 0.0453125
2 0.3796875 0.26171875 0.0484375 0.0453125
2 0.42890625 0.26171875 0.05078125 0.0453125
2 0.48671875 0.26171875 0.0671875 0.0453125
2 0.5515625 0.26171875 0.06484375 0.0453125
2 0.609375 0.26171875 0.053125 0.0453125
2 0.66484375 0.26171875 0.06015625 0.0453125
2 0.74140625 0.26171875 0.09375 0.0453125
2 0.9015625 0.2171875 0.12734375 0.03828125
2 0.0734375 0.2703125 0.0765625 0.0484375
2 0.171875 0.2703125 0.12265625 0.0484375
2 0.28515625 0.2703125 0.103125 0.0484375
2 0.3953125 0.2703125 0.1203125 0.0484375
2 0.51796875 0.2703125 0.12734375 0.0484375
2 0.0671875 0.31953125 0.06484375 0.05078125
2 0.06640625 0.81484375 0.0625 0.06484375
2 0.30546875 0.81484375 0.06015625 0.06484375
2 0.5453125 0.81484375 0.06015625 0.06484375
2 0.78515625 0.81484375 0.0625 0.06484375
2 0.89921875 0.92578125 0.11796875 0.040625