2 0.128125 0.0453125 0.08984375 0.04921875
6 0.30625 0.0453125 0.44921875 0.05234375
2 0.040625 0.0453125 0.0234375 0.03359375
2 0.58828125 0.0453125 0.028125 0.02890625
2 0.7359375 0.0453125 0.04375 0.02890625
2 0.8453125 0.0453125 0.0890625 0.03359375
2 0.9296875 0.0453125 0.053125 0.03359375
2 0.6578125 0.046875 0.0546875 0.02890625
2 0.37109375 0.94609375 0.040625 0.0421875
2 0.26328125 0.946875 0.04375 0.046875
2 0.821875 0.94765625 0.08828125 0.03359375
2 0.615625 0.9484375 0.05390625 0.028125
2 0.73125 0.94921875 0.0703125 0.034375
2 0.31640625 0.94921875 0.05078125 0.040625
2 0.6671875 0.9515625 0.0390625 0.02421875