2 0.6765625 0.0296875 0.00546875 0.03359375
2 0.68984375 0.0296875 0.01171875 0.0390625
2 0.70625 0.0296875 0.01328125 0.0390625
2 0.7234375 0.0296875 0.01328125 0.0390625
2 0.74140625 0.0296875 0.01328125 0.0390625
2 0.6578125 0.03125 0.0125 0.04140625
6 0.62578125 0.03203125 0.07734375 0.0390625
2 0.2828125 0.03359375 0.06171875 0.0578125
2 0.3390625 0.03359375 0.05 0.0578125
2 0.3953125 0.03359375 0.06171875 0.0578125
2 0.446875 0.03359375 0.0421875 0.0578125
2 0.4921875 0.03359375 0.04921875 0.0578125
2 0.534375 0.03359375 0.0359375 0.0578125
2 0.675 0.75078125 0.00546875 0.03359375
2 0.6875 0.75078125 0.01171875 0.0390625
2 0.7046875 0.75078125 0.01328125 0.0390625
2 0.721875 0.75078125 0.01328125 0.0390625
2 0.7390625 0.75078125 0.01328125 0.0390625
2 0.3375 0.14453125 0.17109375 0.096875
2 0.6625 0.1625 0.01796875 0.05390625
2 0.63359375 0.16328125 0.0375 0.05234375
2 0.7140625 0.16328125 0.06796875 0.05234375