2 0.81015625 0.284375 0.02578125 0.0671875
2 0.7828125 0.28515625 0.0359375 0.06640625
2 0.1953125 0.28515625 0.03671875 0.06640625
2 0.2375 0.28515625 0.03671875 0.06640625
2 0.2796875 0.28515625 0.03671875 0.06640625
2 0.32109375 0.28515625 0.03671875 0.06640625
2 0.3625 0.28515625 0.03671875 0.06640625
2 0.4046875 0.28515625 0.03671875 0.06640625
2 0.446875 0.28515625 0.03671875 0.06640625
2 0.4890625 0.28515625 0.03671875 0.06640625
2 0.53125 0.28515625 0.03671875 0.06640625
2 0.5734375 0.28515625 0.03671875 0.06640625
2 0.61484375 0.28515625 0.03671875 0.06640625
2 0.65703125 0.28515625 0.03671875 0.06640625
2 0.6984375 0.28515625 0.03671875 0.06640625
2 0.740625 0.28515625 0.03671875 0.06640625
6 0.5 0.63203125 0.42265625 0.053125
6 0.5 0.7078125 0.42265625 0.053125
6 0.5 0.8625 0.42109375 0.20546875
2 0.5 0.11875 0.41875 0.23671875
2 0.76796875 0.11875 0.10859375 0.23671875
2 0.23203125 0.11953125 0.11171875 0.23828125