2 0.0171875 0.01796875 0.00859375 0.0125
2 0.034375 0.01796875 0.009375 0.0125
2 0.05 0.01796875 0.00859375 0.0125
2 0.98203125 0.01796875 0.0328125 0.0359375
2 0.89140625 0.01875 0.0328125 0.0375
2 0.9390625 0.01875 0.034375 0.0375
2 0.5 0.06796875 0.16015625 0.06171875
2 0.97578125 0.06875 0.0125 0.0234375
2 0.80078125 0.06953125 0.01953125 0.04609375
2 0.8390625 0.06953125 0.04140625 0.04609375
2 0.02421875 0.06953125 0.02265625 0.04609375
2 0.0578125 0.06953125 0.0296875 0.0453125
2 0.7671875 0.06953125 0.03359375 0.04609375
6 0.9296875 0.07109375 0.1140625 0.040625