2 0.48125 0.3796875 0.01796875 0.01484375
2 0.50546875 0.3796875 0.02734375 0.0109375
2 0.5296875 0.38046875 0.021875 0.01328125
2 0.553125 0.38125 0.021875 0.015625
2 0.49453125 0.40234375 0.0453125 0.025
2 0.5796875 0.40234375 0.040625 0.02421875
2 0.62578125 0.40234375 0.04609375 0.02578125
2 0.67265625 0.40234375 0.0390625 0.02578125
2 0.5375 0.40390625 0.03828125 0.02265625
2 0.72890625 0.4046875 0.07265625 0.028125
2 0.7890625 0.4046875 0.0484375 0.02578125
2 0.67890625 0.04375 0.08203125 0.040625
2 0.9421875 0.04453125 0.096875 0.06796875
6 0.559375 0.44609375 0.1234375 0.01640625
6 0.51953125 0.465625 0.04765625 0.015625
6 0.5703125 0.465625 0.0421875 0.01640625
6 0.6421875 0.465625 0.03984375 0.01484375
6 0.5734375 0.50078125 0.1609375 0.01796875
6 0.5734375 0.52109375 0.159375 0.0140625
2 0.590625 0.54375 0.03203125 0.01171875
2 0.66328125 0.54453125 0.034375 0.01171875
2 0.69140625 0.54453125 0.0203125 0.015625
2 0.62578125 0.5453125 0.0359375 0.0140625
2 0.5359375 0.54609375 0.02265625 0.015625
2 0.5609375 0.54609375 0.021875 0.015625
2 0.503125 0.546875 0.03828125 0.01640625
2 0.23203125 0.62734375 0.2890625 0.07578125
2 0.93984375 0.81796875 0.04765625 0.01953125