2 0.16328125 0.9359375 0.1609375 0.01953125
2 0.8953125 0.0375 0.03125 0.01953125
2 0.94921875 0.0359375 0.03828125 0.0265625
2 0.2796875 0.0359375 0.0578125 0.0171875
2 0.3703125 0.0359375 0.084375 0.0171875
2 0.45078125 0.0359375 0.03828125 0.0171875
2 0.5046875 0.0359375 0.03359375 0.0171875
2 0.58515625 0.0359375 0.0890625 0.0171875
2 0.6984375 0.0359375 0.10078125 0.0171875
2 0.08671875 0.2125 0.10546875 0.053125
2 0.18984375 0.2125 0.0359375 0.053125
2 0.24609375 0.2125 0.0484375 0.053125
2 0.33046875 0.2125 0.09375 0.053125
2 0.43515625 0.2125 0.08671875 0.053125
2 0.521875 0.2125 0.06015625 0.053125
2 0.58203125 0.2125 0.03359375 0.053125
2 0.64296875 0.2125 0.06484375 0.053125
2 0.73203125 0.2125 0.0890625 0.053125
2 0.81875 0.2125 0.0578125 0.053125
2 0.8796875 0.2125 0.03828125 0.053125
2 0.93984375 0.2125 0.053125 0.053125
2 0.09375 0.2609375 0.12734375 0.0484375
2 0.18359375 0.2609375 0.03828125 0.0484375
2 0.41328125 0.2609375 0.06953125 0.0484375
2 0.4890625 0.259375 0.07421875 0.02890625
2 0.54453125 0.259375 0.03125 0.02890625
2 0.5953125 0.259375 0.0625 0.02890625
6 0.8703125 0.26171875 0.146875 0.02890625
2 0.5 0.57421875 0.9375 0.4640625
2 0.18125 0.93515625 0.30078125 0.12734375
2 0.5 0.93515625 0.303125 0.12734375
2 0.81953125 0.93515625 0.303125 0.12734375
2 0.5 0.9828125 0.08671875 0.02890625