6 0.72890625 0.28203125 0.24140625 0.04765625
6 0.72890625 0.33828125 0.24140625 0.04765625
6 0.790625 0.3953125 0.11796875 0.04765625
6 0.6671875 0.3953125 0.11796875 0.04765625
6 0.72890625 0.4515625 0.24140625 0.04765625
6 0.7296875 0.5453125 0.24140625 0.1171875
2 0.8125 0.6375 0.07421875 0.0453125
6 0.5 0.76171875 0.2359375 0.03359375
2 0.5 0.80078125 0.2359375 0.03359375
2 0.93671875 0.95546875 0.1046875 0.05390625
2 0.5 0.109375 0.06015625 0.0421875
2 0.1890625 0.11015625 0.06015625 0.0421875
2 0.81875 0.1109375 0.06015625 0.0421875