2 0.271875 0.65234375 0.1609375 0.11171875
6 0.4578125 0.7515625 0.14140625 0.046875
6 0.6421875 0.7515625 0.14140625 0.046875
2 0.590625 0.803125 0.03828125 0.0328125
6 0.4578125 0.8265625 0.14140625 0.046875
2 0.40625 0.878125 0.03828125 0.0328125
2 0.25390625 0.10859375 0.12578125 0.06796875
2 0.85234375 0.1140625 0.0765625 0.0796875
2 0.4671875 0.1140625 0.0546875 0.0796875
2 0.5328125 0.1140625 0.07734375 0.0796875
2 0.603125 0.1140625 0.0625 0.0796875
2 0.684375 0.1140625 0.1 0.0796875
2 0.77421875 0.1140625 0.0796875 0.0796875