2 0.63125 0.3515625 0.16171875 0.09296875
2 0.79453125 0.3515625 0.16171875 0.09296875
2 0.46875 0.35234375 0.16171875 0.09140625
2 0.30625 0.35234375 0.1625 0.090625
6 0.78671875 0.5375 0.13984375 0.0296875
2 0.7671875 0.58515625 0.096875 0.03125
2 0.2546875 0.67109375 0.0328125 0.059375
2 0.4796875 0.67109375 0.0328125 0.059375
2 0.284375 0.75234375 0.09375 0.03359375
2 0.509375 0.75234375 0.09375 0.03359375
2 0.2546875 0.89140625 0.0328125 0.059375
2 0.4796875 0.89140625 0.0328125 0.059375
2 0.509375 0.97578125 0.09375 0.03125
2 0.28359375 0.97578125 0.0921875 0.03046875