2 0.0859375 0.01875 0.04609375 0.03671875
2 0.14921875 0.01875 0.08046875 0.03671875
2 0.0171875 0.01875 0.03359375 0.03671875
2 0.2140625 0.01875 0.04765625 0.03671875
2 0.32109375 0.01875 0.16640625 0.03671875
2 0.04765625 0.01875 0.02890625 0.03671875
2 0.82734375 0.225 0.140625 0.15078125
6 0.80078125 0.06796875 0.0875 0.025
2 0.8546875 0.06796875 0.01796875 0.028125
2 0.35390625 0.67578125 0.0171875 0.03125
2 0.128125 0.6765625 0.02109375 0.03828125
2 0.24296875 0.778125 0.03515625 0.04296875
2 0.24296875 0.77890625 0.2625 0.26796875