2 0.88984375 0.16953125 0.02421875 0.04609375
2 0.546875 0.16953125 0.09296875 0.04609375
2 0.621875 0.16953125 0.0484375 0.04609375
2 0.728125 0.16953125 0.04453125 0.04609375
2 0.2234375 0.17109375 0.05078125 0.04921875
2 0.30625 0.17109375 0.1046875 0.04921875
2 0.42890625 0.17109375 0.13125 0.04921875
2 0.67578125 0.17109375 0.04921875 0.04921875
2 0.84375 0.22109375 0.0125 0.02421875
2 0.8109375 0.22109375 0.0125 0.02421875
2 0.82734375 0.22109375 0.0125 0.02421875
2 0.86015625 0.221875 0.0125 0.02421875
2 0.79453125 0.221875 0.01328125 0.02421875
2 0.89296875 0.221875 0.0125 0.02421875
2 0.87734375 0.221875 0.0125 0.025
2 0.5546875 0.02734375 0.0203125 0.03671875
2 0.5796875 0.02734375 0.0203125 0.03671875
2 0.60546875 0.02734375 0.0203125 0.03671875
2 0.63125 0.02734375 0.0203125 0.03671875
6 0.72421875 0.02734375 0.146875 0.03515625
2 0.08359375 0.578125 0.04296875 0.08046875
2 0.26484375 0.06953125 0.1359375 0.1390625
2 0.2515625 0.73046875 0.078125 0.053125
2 0.6484375 0.0953125 0.06328125 0.0578125
2 0.790625 0.10078125 0.0953125 0.06875
2 0.8734375 0.10078125 0.06953125 0.06875
2 0.71171875 0.10078125 0.06328125 0.06875