2 0.25390625 0.19140625 0.028125 0.0546875
2 0.54140625 0.19375 0.028125 0.059375
6 0.653125 0.34375 0.0859375 0.02421875
2 0.709375 0.34375 0.0203125 0.03125
6 0.4640625 0.3625 0.103125 0.028125
6 0.684375 0.4125 0.146875 0.02421875
6 0.4640625 0.42578125 0.103125 0.028125
2 0.25390625 0.046875 0.028125 0.0546875
2 0.54140625 0.0484375 0.028125 0.0515625
2 0.43125 0.50859375 0.03671875 0.02421875
2 0.2328125 0.5890625 0.0140625 0.02109375
2 0.9890625 0.96171875 0.009375 0.01875
2 0.95703125 0.9734375 0.03046875 0.0265625
2 0.25390625 0.11875 0.02890625 0.053125
2 0.54140625 0.121875 0.02890625 0.059375