2 0.49921875 0.26328125 0.4703125 0.22109375
2 0.44375 0.43359375 0.00546875 0.02421875
2 0.39140625 0.53203125 0.01484375 0.025
2 0.6265625 0.53203125 0.0140625 0.0265625
2 0.27578125 0.5328125 0.0171875 0.0265625
2 0.50546875 0.5328125 0.01484375 0.0265625
2 0.72421875 0.071875 0.01640625 0.01796875
2 0.6703125 0.73828125 0.1078125 0.14609375
6 0.6515625 0.07578125 0.1234375 0.02265625
2 0.34765625 0.084375 0.165625 0.084375
2 0.43515625 0.846875 0.34375 0.30625
2 0.434375 0.853125 0.065625 0.07421875
2 0.625 0.9390625 0.01484375 0.02265625
2 0.29375 0.13828125 0.0578125 0.02421875
2 0.35234375 0.13828125 0.0578125 0.02421875
2 0.41015625 0.13828125 0.0578125 0.02421875
2 0.46875 0.13828125 0.0578125 0.02421875
2 0.5265625 0.13828125 0.0578125 0.02421875
2 0.584375 0.13828125 0.0578125 0.02421875
2 0.64296875 0.13828125 0.0578125 0.02421875
2 0.70078125 0.13828125 0.0578125 0.02421875