2 0.12734375 0.90859375 0.15625 0.06484375
2 0.303125 0.90859375 0.13671875 0.03125
2 0.5 0.0453125 0.1734375 0.0359375
2 0.0609375 0.0453125 0.03359375 0.03359375
2 0.14921875 0.0453125 0.06484375 0.021875
6 0.84140625 0.0453125 0.15859375 0.0484375
2 0.9375 0.0453125 0.03359375 0.0484375
2 0.13125 0.2390625 0.17578125 0.2453125
2 0.31484375 0.2390625 0.17578125 0.2453125
2 0.5 0.25390625 0.17578125 0.27421875
2 0.68515625 0.25390625 0.17578125 0.27421875
2 0.86875 0.26796875 0.17578125 0.303125
2 0.25625 0.79765625 0.428125 0.4046875
2 0.6203125 0.6859375 0.18046875 0.1828125
2 0.8421875 0.70078125 0.22578125 0.15859375
2 0.6203125 0.9640625 0.1828125 0.06953125
2 0.84375 0.97734375 0.228125 0.04296875