2 0.1984375 0.0828125 0.334375 0.11328125
2 0.60546875 0.1046875 0.115625 0.04296875
2 0.703125 0.03359375 0.0484375 0.03125
2 0.81015625 0.03359375 0.14921875 0.03125
2 0.915625 0.03359375 0.04296875 0.03125
2 0.9671875 0.03359375 0.040625 0.03125
6 0.81875 0.0921875 0.24765625 0.06484375
2 0.96484375 0.0921875 0.05078125 0.06484375
2 0.125 0.18125 0.0984375 0.05546875
2 0.22109375 0.18125 0.0984375 0.05546875
2 0.31875 0.18125 0.0984375 0.05546875
2 0.41484375 0.18125 0.0984375 0.05546875
2 0.51171875 0.18125 0.0984375 0.05546875
2 0.6078125 0.18125 0.09609375 0.05546875
2 0.70546875 0.18125 0.0984375 0.05546875
2 0.8015625 0.18125 0.0984375 0.05546875
2 0.89921875 0.18125 0.0984375 0.05546875
2 0.2703125 0.56875 0.01171875 0.021875
2 0.3859375 0.56875 0.01171875 0.021875
2 0.18125 0.40390625 0.259375 0.28359375
2 0.77421875 0.40390625 0.259375 0.28359375
2 0.53828125 0.7453125 0.1734375 0.15625
2 0.53984375 0.9671875 0.1734375 0.0625
2 0.82578125 0.3609375 0.29296875 0.26171875
2 0.82578125 0.59609375 0.25234375 0.03359375
2 0.82578125 0.62890625 0.25234375 0.03359375
2 0.82578125 0.6609375 0.25234375 0.03359375
2 0.82578125 0.69375 0.25234375 0.03359375
2 0.82578125 0.72578125 0.25234375 0.03359375
2 0.82578125 0.759375 0.25234375 0.03359375
2 0.82578125 0.7921875 0.25234375 0.03359375