2 0.8078125 0.228125 0.04765625 0.10859375
2 0.2140625 0.26484375 0.1671875 0.25703125
2 0.121875 0.48359375 0.0625 0.06796875
2 0.30546875 0.48359375 0.06171875 0.07109375
2 0.2140625 0.484375 0.06328125 0.0703125
2 0.8078125 0.5109375 0.071875 0.11640625
2 0.040625 0.66328125 0.06640625 0.02421875
6 0.040625 0.68828125 0.07109375 0.01796875
2 0.040625 0.70625 0.02421875 0.0171875
6 0.0140625 0.72109375 0.00625 0.009375
6 0.0390625 0.72109375 0.00625 0.0109375
2 0.0390625 0.73984375 0.059375 0.01328125
2 0.809375 0.8203125 0.078125 0.08984375
2 0.8078125 0.90625 0.06484375 0.04375