2 0.14296875 0.0515625 0.17578125 0.03125
2 0.12734375 0.16015625 0.25234375 0.05078125
2 0.12734375 0.21484375 0.25234375 0.05078125
2 0.12734375 0.26953125 0.25234375 0.05078125
2 0.12734375 0.32421875 0.25234375 0.05078125
2 0.12734375 0.37890625 0.25234375 0.05078125
2 0.12734375 0.43359375 0.25234375 0.05078125
2 0.12734375 0.48828125 0.25234375 0.05078125
2 0.12734375 0.54296875 0.25234375 0.05078125
2 0.9109375 0.046875 0.06953125 0.05078125
6 0.4234375 0.24765625 0.259375 0.05546875
2 0.3640625 0.59765625 0.14453125 0.11796875
2 0.53984375 0.59765625 0.14453125 0.11796875
2 0.7140625 0.59765625 0.14453125 0.11796875
2 0.8890625 0.59765625 0.14453125 0.11796875
2 0.3640625 0.74609375 0.14453125 0.11796875
2 0.53984375 0.74609375 0.14453125 0.11796875
2 0.7140625 0.74609375 0.14453125 0.11796875
2 0.8890625 0.74609375 0.14453125 0.11796875