2 0.55859375 0.26640625 0.09609375 0.2125
6 0.3453125 0.27734375 0.209375 0.03828125
6 0.3453125 0.35078125 0.209375 0.03828125
6 0.3453125 0.42421875 0.209375 0.03828125
6 0.3453125 0.49765625 0.209375 0.03828125
2 0.55859375 0.5109375 0.09609375 0.2125
2 0.2625 0.54375 0.04453125 0.02421875
2 0.7625 0.7578125 0.0234375 0.03828125
2 0.2609375 0.75859375 0.06640625 0.03828125
2 0.34375 0.75859375 0.09765625 0.03828125
2 0.4359375 0.75859375 0.0875 0.03828125
2 0.50703125 0.75859375 0.0546875 0.03828125
2 0.55625 0.75859375 0.0421875 0.03828125
2 0.73828125 0.75859375 0.01953125 0.0359375
2 0.26875 0.871875 0.05234375 0.0953125
2 0.403125 0.871875 0.15703125 0.09453125