6 0.5 0.221875 0.45546875 0.0203125
2 0.721875 0.221875 0.0109375 0.0203125
2 0.8828125 0.89296875 0.20546875 0.04296875
2 0.934375 0.946875 0.09609375 0.04140625
2 0.303125 0.01328125 0.0265625 0.02578125
2 0.3359375 0.01328125 0.02890625 0.02578125
2 0.37109375 0.01328125 0.03125 0.02578125
2 0.4125 0.01328125 0.040625 0.02578125
2 0.4546875 0.01328125 0.03359375 0.02578125
2 0.4890625 0.01328125 0.025 0.02578125
2 0.525 0.01328125 0.0375 0.02578125
2 0.56796875 0.01328125 0.0375 0.02578125
2 0.615625 0.01328125 0.04765625 0.02578125
2 0.6578125 0.01328125 0.0265625 0.02578125
2 0.69296875 0.01328125 0.034375 0.02578125