6 0.75 0.15390625 0.13984375 0.025
6 0.6875 0.2125 0.00859375 0.015625
6 0.6875 0.23046875 0.00859375 0.015625
6 0.6875 0.2484375 0.00859375 0.015625
6 0.6875 0.29453125 0.00859375 0.015625
6 0.6875 0.3125 0.00859375 0.015625
2 0.80625 0.3890625 0.04140625 0.0828125
2 0.70625 0.3890625 0.02890625 0.0828125
2 0.75625 0.3890625 0.03515625 0.0828125
2 0.34921875 0.43984375 0.0265625 0.0453125
6 0.8015625 0.440625 0.00859375 0.015625
2 0.54921875 0.440625 0.0140625 0.03359375
6 0.7 0.440625 0.00859375 0.015625
6 0.74375 0.440625 0.00859375 0.015625
6 0.75 0.0484375 0.13984375 0.025
2 0.7546875 0.48828125 0.0890625 0.03359375
2 0.45 0.5265625 0.240625 0.24453125
2 0.45078125 0.5265625 0.0390625 0.05
2 0.75234375 0.59921875 0.065625 0.05234375
2 0.5734375 0.7796875 0.09921875 0.23125
6 0.75 0.1015625 0.13984375 0.025