2 0.4390625 0.3453125 0.51953125 0.425
2 0.8609375 0.69921875 0.09296875 0.03515625
2 0.7671875 0.69921875 0.0859375 0.03515625
2 0.82109375 0.74453125 0.065625 0.03359375
2 0.753125 0.74453125 0.059375 0.03359375
2 0.8484375 0.7921875 0.065625 0.03515625
2 0.7671875 0.7921875 0.0859375 0.03515625
2 0.7421875 0.95859375 0.0234375 0.040625
2 0.89296875 0.9609375 0.0171875 0.0296875
2 0.81875 0.9625 0.19140625 0.075
6 0.803125 0.1140625 0.159375 0.05234375
2 0.9015625 0.1140625 0.03828125 0.05234375