2 0.5953125 0.41328125 0.35546875 0.34765625
2 0.2953125 0.51484375 0.10390625 0.05234375
2 0.65859375 0.72109375 0.01015625 0.0109375
2 0.425 0.75234375 0.16640625 0.0875
2 0.8015625 0.78359375 0.02890625 0.05234375
6 0.7234375 0.78359375 0.15546875 0.05234375
2 0.103125 0.08515625 0.10234375 0.12265625
2 0.4109375 0.08515625 0.10234375 0.12265625
2 0.71875 0.08515625 0.10234375 0.12265625
2 0.425 0.8453125 0.14140625 0.0421875
2 0.6890625 0.846875 0.01328125 0.01953125
6 0.196875 0.925 0.0234375 0.015625
2 0.64140625 0.97890625 0.084375 0.04140625