2 0.55 0.16796875 0.25625 0.10390625
2 0.7828125 0.28125 0.04453125 0.059375
2 0.328125 0.28125 0.065625 0.059375
2 0.434375 0.28125 0.11015625 0.059375
2 0.55 0.28125 0.0828125 0.059375
2 0.63046875 0.28125 0.03984375 0.059375
2 0.70546875 0.28125 0.07265625 0.059375
6 0.8578125 0.3796875 0.19609375 0.05703125
2 0.85859375 0.46328125 0.19609375 0.0546875
2 0.85859375 0.52109375 0.1953125 0.0578125
2 0.8578125 0.5765625 0.19453125 0.0546875
2 0.8578125 0.63203125 0.196875 0.05703125
6 0.8359375 0.7671875 0.15 0.053125
2 0.93515625 0.76953125 0.0453125 0.05625