2 0.225 0.14609375 0.06328125 0.0578125
2 0.8796875 0.04609375 0.06171875 0.03984375
6 0.7453125 0.48203125 0.2765625 0.0453125
2 0.3640625 0.575 0.33359375 0.06015625
6 0.7453125 0.57734375 0.27578125 0.0484375
6 0.7453125 0.67109375 0.27578125 0.04453125
6 0.7453125 0.76875 0.2765625 0.04765625
6 0.74609375 0.8640625 0.27734375 0.04140625
2 0.2296875 0.909375 0.07578125 0.09140625
2 0.3125 0.909375 0.07578125 0.09140625
2 0.396875 0.909375 0.07578125 0.09140625
2 0.4796875 0.909375 0.07578125 0.09140625
6 0.70234375 0.959375 0.190625 0.040625
2 0.315625 0.1359375 0.06640625 0.04375
2 0.3796875 0.1359375 0.06171875 0.04375
2 0.44140625 0.1359375 0.06015625 0.04375
2 0.496875 0.1359375 0.0515625 0.04375
2 0.55625 0.1359375 0.0671875 0.04375
2 0.70625 0.1359375 0.053125 0.04375
2 0.775 0.1359375 0.08359375 0.04375
2 0.8671875 0.1375 0.0765625 0.0453125