2 0.3125 0.24765625 0.0140625 0.025
2 0.68828125 0.24765625 0.0140625 0.025
2 0.4 0.02890625 0.203125 0.040625
2 0.578125 0.42734375 0.053125 0.03203125
2 0.3765625 0.6234375 0.08984375 0.1828125
2 0.5 0.6234375 0.08828125 0.1828125
2 0.625 0.6234375 0.08828125 0.1828125
2 0.31796875 0.0765625 0.0234375 0.03203125
2 0.346875 0.0765625 0.03359375 0.03203125
2 0.37890625 0.0765625 0.03046875 0.03203125
2 0.4125 0.0765625 0.0375 0.03203125
2 0.4546875 0.0765625 0.0453125 0.03203125
2 0.49765625 0.0765625 0.040625 0.03203125
2 0.5421875 0.0765625 0.0484375 0.03203125
2 0.5890625 0.0765625 0.0453125 0.03203125
2 0.6359375 0.0765625 0.04921875 0.03203125
2 0.6765625 0.0765625 0.03203125 0.03203125
6 0.6171875 0.8484375 0.10859375 0.025
6 0.61875 0.884375 0.1109375 0.03125
6 0.61875 0.92421875 0.1109375 0.03125
6 0.61875 0.96328125 0.1109375 0.03125
6 0.61875 0.99296875 0.109375 0.0140625