2 0.37734375 0.278125 0.084375 0.125
2 0.56875 0.41015625 0.0515625 0.01015625
2 0.3796875 0.54140625 0.01484375 0.01171875
2 0.40390625 0.54140625 0.03359375 0.01171875
2 0.453125 0.54140625 0.0640625 0.01171875
2 0.5015625 0.54140625 0.03359375 0.01171875
2 0.546875 0.54140625 0.05625 0.01171875
2 0.59921875 0.54140625 0.0484375 0.01171875
2 0.4078125 0.56328125 0.0671875 0.01171875
2 0.47578125 0.56328125 0.06796875 0.01171875
2 0.565625 0.56328125 0.1125 0.01171875
2 0.4 0.58515625 0.0640625 0.01171875
2 0.48515625 0.58515625 0.10546875 0.01171875
2 0.5828125 0.58515625 0.08984375 0.01171875
6 0.64375 0.671875 0.11640625 0.01875
6 0.65390625 0.69140625 0.00546875 0.0125
6 0.62265625 0.69140625 0.00625 0.01328125
2 0.69296875 0.69296875 0.0171875 0.01875
2 0.334375 0.70625 0.05078125 0.06328125
2 0.4984375 0.1109375 0.2796875 0.10234375