6 0.2671875 0.23125 0.00703125 0.0125
6 0.41328125 0.2390625 0.0875 0.028125
6 0.521875 0.2390625 0.0875 0.028125
6 0.2671875 0.25703125 0.00703125 0.0125
6 0.41328125 0.2765625 0.0875 0.028125
6 0.521875 0.2765625 0.0875 0.028125
6 0.2671875 0.28359375 0.00703125 0.0125
6 0.2671875 0.309375 0.00703125 0.0125
6 0.41328125 0.31328125 0.0875 0.028125
6 0.521875 0.31328125 0.0875 0.028125
6 0.2671875 0.3359375 0.00703125 0.0125
2 0.41328125 0.41796875 0.0671875 0.04609375
2 0.46171875 0.653125 0.09765625 0.0296875
2 0.54453125 0.65546875 0.06484375 0.03359375
2 0.37109375 0.65625 0.0703125 0.03515625
2 0.6265625 0.65703125 0.07578125 0.03671875
2 0.2890625 0.81171875 0.07109375 0.04453125
2 0.58828125 0.84921875 0.01328125 0.0171875
2 0.4 0.8546875 0.01875 0.03359375