2 0.27265625 0.1734375 0.0546875 0.0390625
2 0.328125 0.1734375 0.0578125 0.0390625
2 0.3875 0.1734375 0.059375 0.0390625
2 0.440625 0.1734375 0.04921875 0.0390625
2 0.51953125 0.1734375 0.1078125 0.0390625
2 0.6171875 0.1734375 0.0859375 0.0390625
2 0.69453125 0.1734375 0.0703125 0.0390625
2 0.75625 0.1734375 0.0546875 0.0390625
2 0.84609375 0.021875 0.01640625 0.0265625
6 0.775 0.02265625 0.121875 0.0265625
2 0.54921875 0.371875 0.6078125 0.353125
2 0.365625 0.04609375 0.2625 0.06796875
6 0.77265625 0.0484375 0.0078125 0.0140625
6 0.82109375 0.04921875 0.00703125 0.0140625