6 0.3890625 0.03828125 0.4828125 0.0484375
6 0.3890625 0.03828125 0.4828125 0.0484375
2 0.68046875 0.0375 0.05078125 0.02421875
2 0.73671875 0.03984375 0.0453125 0.0796875
2 0.80625 0.03984375 0.09375 0.0796875
2 0.9203125 0.03984375 0.1390625 0.0796875
2 0.1625 0.103125 0.18046875 0.05078125
2 0.38359375 0.103125 0.2640625 0.05078125
2 0.6515625 0.103125 0.271875 0.05078125
2 0.85703125 0.103125 0.1390625 0.05078125
6 0.8140625 0.3296875 0.28125 0.053125
6 0.8140625 0.3921875 0.28125 0.053125
2 0.8140625 0.4546875 0.28125 0.053125
2 0.8140625 0.55546875 0.28125 0.053125
2 0.8140625 0.61796875 0.28125 0.053125
2 0.7171875 0.93515625 0.16796875 0.053125
2 0.90390625 0.93515625 0.1703125 0.053125