2 0.99375 0.18671875 0.0125 0.13984375
2 0.9140625 0.01953125 0.0296875 0.0265625
2 0.9828125 0.01953125 0.03203125 0.02890625
2 0.94765625 0.01953125 0.03359375 0.028125
2 0.17265625 0.03046875 0.009375 0.01953125
2 0.19765625 0.03046875 0.02421875 0.03828125
2 0.09453125 0.03125 0.17734375 0.04296875
2 0.48125 0.39296875 0.196875 0.07265625
2 0.5921875 0.39296875 0.0234375 0.0703125
2 0.05390625 0.07265625 0.0203125 0.0375
2 0.084375 0.07265625 0.0234375 0.04296875
2 0.97890625 0.07265625 0.028125 0.028125
2 0.91015625 0.07265625 0.025 0.034375
2 0.94453125 0.07265625 0.01875 0.0328125
2 0.0203125 0.0734375 0.01953125 0.03515625
2 0.80859375 0.0734375 0.0171875 0.02578125
6 0.46640625 0.0734375 0.71328125 0.03984375
2 0.878125 0.07421875 0.02265625 0.03359375
2 0.12421875 0.075 0.02109375 0.02890625
2 0.8453125 0.07578125 0.02421875 0.034375
2 0.99375 0.98828125 0.01171875 0.01953125
2 0.99375 0.109375 0.0109375 0.02109375
2 0.09453125 0.1296875 0.0953125 0.05078125
2 0.18671875 0.13046875 0.04296875 0.0421875
2 0.23203125 0.13203125 0.04296875 0.04296875
2 0.3328125 0.13203125 0.06640625 0.0453125
2 0.2765625 0.13203125 0.040625 0.0421875
2 0.92109375 0.1328125 0.02734375 0.03984375