2 0.81875 0.0234375 0.10625 0.04375
2 0.721875 0.0234375 0.0875 0.04453125
2 0.903125 0.025 0.05546875 0.04375
6 0.56640625 0.31953125 0.12109375 0.04375
6 0.703125 0.31953125 0.12109375 0.0421875
6 0.4328125 0.3203125 0.12265625 0.0453125
6 0.1609375 0.32109375 0.121875 0.04765625
6 0.296875 0.32109375 0.1234375 0.04921875
6 0.83828125 0.321875 0.1234375 0.046875
6 0.11015625 0.37265625 0.02265625 0.0296875
2 0.07109375 0.0421875 0.14140625 0.084375
2 0.96796875 0.0421875 0.06328125 0.075
6 0.19609375 0.47109375 0.1875 0.04765625
6 0.70234375 0.471875 0.3953125 0.04765625
6 0.4 0.47265625 0.190625 0.0421875
6 0.23671875 0.5296875 0.27109375 0.04375
6 0.48046875 0.53046875 0.18984375 0.04296875
6 0.8453125 0.53125 0.10546875 0.0453125
6 0.68203125 0.5328125 0.18828125 0.04453125
2 0.92734375 0.0609375 0.02421875 0.0328125
2 0.05078125 0.6515625 0.01875 0.071875
6 0.353125 0.671875 0.0546875 0.0390625
6 0.20859375 0.67265625 0.21171875 0.04375
6 0.55703125 0.6734375 0.06875 0.04296875
6 0.42578125 0.675 0.07265625 0.04765625
6 0.11015625 0.728125 0.02265625 0.03046875
2 0.8640625 0.73125 0.06796875 0.053125
2 0.49765625 0.82421875 0.7984375 0.06875
2 0.78984375 0.9625 0.1546875 0.0421875