2 0.284375 0.14453125 0.08984375 0.13515625
2 0.565625 0.2296875 0.1078125 0.0390625
2 0.7125 0.3578125 0.06328125 0.0703125
2 0.284375 0.54296875 0.08984375 0.13515625
2 0.565625 0.65859375 0.1078125 0.0390625
6 0.72890625 0.70390625 0.11875 0.034375
2 0.82109375 0.70546875 0.05234375 0.0390625
6 0.6953125 0.07421875 0.05234375 0.1140625
2 0.83125 0.83828125 0.0125 0.0203125
2 0.8390625 0.8671875 0.00859375 0.01484375
2 0.8234375 0.87890625 0.01328125 0.025
2 0.68359375 0.88828125 0.01875 0.03359375
2 0.8390625 0.8921875 0.00625 0.0328125
2 0.28359375 0.9703125 0.09140625 0.059375