2 0.8171875 0.1515625 0.0765625 0.01953125
2 0.03125 0.2140625 0.02421875 0.03125
2 0.5 0.2140625 0.16328125 0.02890625
2 0.8078125 0.2140625 0.03828125 0.01953125
2 0.13828125 0.27265625 0.040625 0.01953125
2 0.225 0.27265625 0.10078125 0.01953125
2 0.32109375 0.27265625 0.06015625 0.01953125
2 0.421875 0.27265625 0.1078125 0.01953125
2 0.546875 0.27265625 0.11328125 0.01953125
2 0.63203125 0.27265625 0.02890625 0.01953125
2 0.69921875 0.27265625 0.07421875 0.01953125
2 0.77421875 0.27265625 0.04296875 0.01953125
2 0.84609375 0.27265625 0.071875 0.01953125
2 0.94921875 0.27421875 0.0625 0.0171875
2 0.3375 0.75390625 0.61328125 0.45703125
2 0.821875 0.49765625 0.29296875 0.09375
2 0.821875 0.6546875 0.29296875 0.09375
2 0.821875 0.8125 0.29296875 0.09375
2 0.821875 0.96171875 0.29296875 0.07421875