2 0.18125 0.27578125 0.1203125 0.046875
6 0.5046875 0.27578125 0.4234375 0.046875
2 0.05546875 0.27578125 0.0921875 0.04453125
2 0.6984375 0.27578125 0.0359375 0.046875
2 0.85546875 0.27578125 0.04296875 0.0234375
2 0.9375 0.27578125 0.10546875 0.046875
2 0.79609375 0.28046875 0.03125 0.04140625
2 0.85625 0.3921875 0.11015625 0.021875
2 0.9703125 0.040625 0.02734375 0.040625
2 0.20234375 0.50546875 0.2265625 0.16953125
2 0.38125 0.50546875 0.1078125 0.16953125
2 0.5 0.50546875 0.1078125 0.16953125
2 0.61875 0.50546875 0.1078125 0.16953125
2 0.73828125 0.50546875 0.1078125 0.16953125
2 0.8578125 0.50546875 0.1078125 0.16953125
2 0.69921875 0.6484375 0.1 0.04296875
2 0.8296875 0.65 0.03359375 0.0453125
2 0.86015625 0.65 0.02421875 0.0453125
2 0.203125 0.65234375 0.15 0.03984375
2 0.78125 0.65234375 0.04140625 0.03984375
2 0.5 0.809375 0.234375 0.25234375
2 0.25 0.81015625 0.234375 0.25234375
2 0.75 0.81015625 0.234375 0.253125
2 0.759375 0.09375 0.1171875 0.03359375
2 0.79296875 0.96328125 0.04765625 0.0359375
2 0.91796875 0.9671875 0.0765625 0.06484375