2 0.07265625 0.14609375 0.03203125 0.0578125
2 0.86796875 0.21640625 0.128125 0.0453125
2 0.06171875 0.2171875 0.01015625 0.01796875
2 0.159375 0.21796875 0.14296875 0.0453125
2 0.30234375 0.21796875 0.14296875 0.0453125
2 0.44453125 0.21796875 0.14296875 0.0453125
2 0.5875 0.21796875 0.14296875 0.0453125
2 0.73046875 0.21796875 0.14296875 0.0453125
2 0.1421875 0.02265625 0.0453125 0.0296875
2 0.2015625 0.02265625 0.0671875 0.0296875
2 0.0859375 0.0234375 0.06328125 0.034375
2 0.28671875 0.271875 0.1234375 0.03828125
2 0.06171875 0.271875 0.01796875 0.03515625
2 0.75546875 0.071875 0.04375 0.0265625
2 0.93359375 0.071875 0.02109375 0.03125
6 0.86640625 0.07265625 0.11171875 0.03359375
2 0.08671875 0.75703125 0.06875 0.04921875