2 0.83671875 0.04921875 0.05078125 0.01953125
2 0.91484375 0.04921875 0.03828125 0.01953125
2 0.9703125 0.04921875 0.0140625 0.01953125
2 0.07421875 0.11796875 0.1484375 0.0484375
2 0.50625 0.115625 0.07421875 0.115625
2 0.64296875 0.115625 0.103125 0.115625
2 0.7765625 0.115625 0.06484375 0.115625
2 0.9125 0.11875 0.13203125 0.06015625
2 0.2796875 0.86875 0.1609375 0.0671875
2 0.28125 0.99296875 0.1609375 0.01171875
2 0.4375 0.84765625 0.09609375 0.021875
2 0.4375 0.87734375 0.09609375 0.021875
2 0.578125 0.84765625 0.1296875 0.021875
2 0.578125 0.87734375 0.1296875 0.021875
2 0.578125 0.9078125 0.1296875 0.021875
2 0.578125 0.9484375 0.1296875 0.0453125
2 0.7359375 0.84765625 0.12734375 0.021875
2 0.7359375 0.88828125 0.12734375 0.0453125
2 0.7359375 0.92890625 0.12734375 0.021875
2 0.7359375 0.959375 0.12734375 0.021875
2 0.7359375 0.98828125 0.1296875 0.021875
2 0.8921875 0.84765625 0.12734375 0.021875
2 0.8921875 0.87734375 0.12734375 0.021875
2 0.8921875 0.9078125 0.12734375 0.021875
2 0.8921875 0.9359375 0.12734375 0.021875
2 0.8921875 0.96640625 0.12734375 0.021875
2 0.89296875 0.99296875 0.1296875 0.01171875