2 0.728125 0.015625 0.04765625 0.0296875
2 0.78046875 0.01640625 0.0484375 0.03203125
2 0.5 0.2375 0.04765625 0.084375
2 0.2890625 0.02421875 0.1875 0.04765625
6 0.425 0.36328125 0.1671875 0.03203125
2 0.6546875 0.38515625 0.140625 0.0765625
6 0.40234375 0.4140625 0.121875 0.03203125
6 0.425 0.46484375 0.1671875 0.03203125
2 0.6546875 0.46875 0.140625 0.07734375
2 0.6546875 0.553125 0.14140625 0.07734375
2 0.396875 0.57734375 0.15078125 0.03359375
2 0.96796875 0.76640625 0.04453125 0.03671875
2 0.6421875 0.7671875 0.05 0.03125
2 0.57890625 0.7671875 0.053125 0.034375
2 0.33125 0.76796875 0.04140625 0.0359375
2 0.7390625 0.76796875 0.0875 0.096875
2 0.271875 0.76796875 0.04453125 0.0328125
2 0.51328125 0.76875 0.05 0.02890625
2 0.44921875 0.76875 0.053125 0.03125
2 0.38828125 0.76875 0.04296875 0.03125
2 0.2859375 0.80078125 0.01484375 0.02265625
2 0.271875 0.8015625 0.0125 0.02265625
2 0.25625 0.8015625 0.015625 0.02421875
2 0.33125 0.8015625 0.01171875 0.01953125
2 0.303125 0.80234375 0.01796875 0.021875
2 0.31796875 0.80234375 0.0109375 0.0203125
2 0.96875 0.8125 0.04375 0.0375