6 0.5 0.2328125 0.309375 0.040625
6 0.5 0.2875 0.309375 0.040625
2 0.16640625 0.33828125 0.3328125 0.41328125
2 0.8328125 0.3390625 0.334375 0.41640625
2 0.5 0.37109375 0.309375 0.040625
2 0.834375 0.4921875 0.09375 0.053125
2 0.16640625 0.49296875 0.09609375 0.0515625
6 0.31171875 0.8234375 0.1296875 0.03671875
6 0.66875 0.8234375 0.13046875 0.03671875
2 0.74296875 0.8234375 0.01953125 0.03515625
2 0.5640625 0.82421875 0.02265625 0.0359375
2 0.38671875 0.82421875 0.02109375 0.0359375
6 0.4890625 0.82421875 0.12734375 0.03671875