2 0.240625 0.028125 0.06640625 0.0484375
2 0.31796875 0.028125 0.075 0.0484375
2 0.39765625 0.028125 0.07109375 0.0484375
2 0.47734375 0.028125 0.07421875 0.0484375
2 0.5578125 0.028125 0.0734375 0.0484375
6 0.75703125 0.02890625 0.1796875 0.03125
2 0.85859375 0.02890625 0.025 0.02109375
2 0.62578125 0.0296875 0.04765625 0.05234375
2 0.26640625 0.53515625 0.27421875 0.06015625
2 0.81796875 0.78125 0.28984375 0.02265625
2 0.828125 0.95078125 0.040625 0.02734375
2 0.228125 0.096875 0.08125 0.07890625
2 0.45703125 0.096875 0.0921875 0.07890625
2 0.30703125 0.09765625 0.08203125 0.078125
2 0.378125 0.09921875 0.06875 0.07578125
2 0.55078125 0.09921875 0.09765625 0.07578125
2 0.65234375 0.09921875 0.10546875 0.07578125
2 0.0453125 0.1 0.059375 0.06796875