2 0.240625 0.02734375 0.0671875 0.0484375
2 0.3171875 0.02734375 0.0765625 0.0484375
2 0.39765625 0.02734375 0.071875 0.0484375
2 0.47734375 0.02734375 0.07421875 0.0484375
2 0.5578125 0.02734375 0.07421875 0.0484375
2 0.625 0.0296875 0.0484375 0.053125
6 0.75703125 0.02890625 0.18046875 0.03125
6 0.8578125 0.02890625 0.0265625 0.01953125
2 0.0453125 0.1 0.06015625 0.0671875
2 0.22578125 0.0875 0.0765625 0.0984375
2 0.30546875 0.0875 0.0765625 0.0984375
2 0.37734375 0.0984375 0.06953125 0.07421875
2 0.45703125 0.0875 0.09140625 0.0984375
2 0.55078125 0.0984375 0.09609375 0.07421875
2 0.65234375 0.0984375 0.10546875 0.07421875
2 0.78125 0.0984375 0.15390625 0.0765625
2 0.265625 0.53515625 0.27421875 0.06015625
2 0.8171875 0.79453125 0.28828125 0.05078125
2 0.8171875 0.85078125 0.28828125 0.053125
2 0.8171875 0.90859375 0.28828125 0.053125
2 0.8171875 0.96640625 0.28828125 0.053125
2 0.8171875 0.99765625 0.28828125 0.00234375
2 0.34609375 0.8015625 0.615625 0.03359375