2 0.321875 0.14765625 0.1640625 0.16328125
2 0.5 0.14765625 0.1640625 0.16328125
2 0.678125 0.14765625 0.1640625 0.16328125
2 0.378125 0.35234375 0.05078125 0.03671875
2 0.734375 0.35234375 0.05078125 0.03671875
2 0.55625 0.375 0.05078125 0.0375
2 0.321875 0.5109375 0.1640625 0.16328125
2 0.5 0.5109375 0.1640625 0.16328125
2 0.678125 0.5109375 0.1640625 0.16328125
2 0.734375 0.6953125 0.05078125 0.0375
2 0.55625 0.6953125 0.05078125 0.0375
2 0.37890625 0.80234375 0.05078125 0.03671875
6 0.371875 0.925 0.0921875 0.03125
6 0.4078125 0.96796875 0.16171875 0.03046875