2 0.490625 0.353125 0.00703125 0.0140625
2 0.509375 0.353125 0.00703125 0.01328125
2 0.5 0.353125 0.00703125 0.0125
2 0.51875 0.353125 0.00703125 0.0125
2 0.48125 0.353125 0.00703125 0.01328125
2 0.284375 0.05859375 0.103125 0.06015625
2 0.3234375 0.6234375 0.1421875 0.171875
2 0.5 0.6234375 0.1421875 0.171875
2 0.6765625 0.6234375 0.1421875 0.171875
2 0.74375 0.07890625 0.03203125 0.02578125
6 0.63828125 0.0796875 0.1640625 0.02421875
2 0.5 0.93828125 0.1421875 0.12265625
2 0.32421875 0.93984375 0.1421875 0.1203125
2 0.67421875 0.93984375 0.1453125 0.1203125
2 0.2546875 0.13828125 0.04296875 0.0421875
2 0.30625 0.13828125 0.0609375 0.0421875
2 0.36328125 0.13828125 0.05234375 0.0421875
2 0.4171875 0.13828125 0.05625 0.0421875
2 0.4828125 0.13828125 0.0734375 0.0421875
2 0.5578125 0.13828125 0.07890625 0.0421875
2 0.6359375 0.13828125 0.07578125 0.0421875
2 0.7046875 0.13828125 0.0625 0.0421875