2 0.47890625 0.1421875 0.01875 0.03359375
2 0.53828125 0.1421875 0.01875 0.03359375
2 0.50859375 0.14375 0.01875 0.03359375
2 0.56875 0.14375 0.028125 0.034375
2 0.35625 0.2828125 0.025 0.03671875
2 0.275 0.36015625 0.0984375 0.17734375
2 0.73828125 0.3859375 0.071875 0.0578125
6 0.609375 0.38828125 0.18515625 0.05625
2 0.69296875 0.540625 0.01328125 0.02421875
2 0.73515625 0.540625 0.01328125 0.02421875
2 0.7125 0.5421875 0.0140625 0.025
2 0.75859375 0.54296875 0.0171875 0.01953125
2 0.71171875 0.671875 0.103125 0.04765625
2 0.621875 0.67265625 0.0640625 0.115625