2 0.89453125 0.03125 0.12734375 0.053125
2 0.0828125 0.078125 0.11328125 0.15625
2 0.61640625 0.021875 0.10546875 0.0265625
2 0.71875 0.021875 0.05546875 0.0265625
2 0.8234375 0.021875 0.1078125 0.0265625
2 0.9546875 0.09765625 0.03828125 0.053125
2 0.21875 0.09765625 0.12265625 0.053125
2 0.34140625 0.09765625 0.12265625 0.053125
2 0.4796875 0.09765625 0.1515625 0.053125
2 0.61171875 0.09765625 0.11328125 0.053125
2 0.72578125 0.09765625 0.11796875 0.053125
2 0.890625 0.09765625 0.0890625 0.053125