2 0.57265625 0.0203125 0.03671875 0.025
2 0.6109375 0.0203125 0.0359375 0.025
2 0.6515625 0.0203125 0.04375 0.025
2 0.696875 0.0203125 0.04375 0.025
2 0.74375 0.0203125 0.0484375 0.025
2 0.98984375 0.33828125 0.0125 0.03671875
2 0.62265625 0.33828125 0.2171875 0.209375
2 0.009375 0.33828125 0.01484375 0.0265625
2 0.25078125 0.39609375 0.0578125 0.03984375
6 0.903125 0.0484375 0.1625 0.02265625
2 0.9921875 0.0484375 0.015625 0.02421875
2 0.29296875 0.7140625 0.0421875 0.07578125
2 0.43125 0.7140625 0.0421875 0.07578125
2 0.56875 0.7140625 0.0421875 0.07578125
2 0.70703125 0.7140625 0.0421875 0.07578125
2 0.64765625 0.075 0.0296875 0.021875
2 0.5609375 0.075 0.03203125 0.021875
2 0.60703125 0.075 0.04375 0.021875
2 0.6859375 0.075 0.03984375 0.021875
2 0.7421875 0.075 0.06171875 0.021875
2 0.3296875 0.0953125 0.2125 0.05078125
2 0.5171875 0.01328125 0.07265625 0.02109375