2 0.9046875 0.01484375 0.0140625 0.0265625
6 0.60234375 0.02890625 0.33359375 0.04609375
2 0.753125 0.02890625 0.03203125 0.04609375
2 0.64375 0.31484375 0.53828125 0.04765625
2 0.64296875 0.36640625 0.53828125 0.04453125
2 0.9046875 0.04140625 0.0140625 0.0265625
2 0.64375 0.4171875 0.5375 0.04765625
2 0.30078125 0.0453125 0.225 0.08984375
2 0.64296875 0.46953125 0.53828125 0.04453125
2 0.64296875 0.521875 0.53671875 0.04765625
2 0.64296875 0.57265625 0.53671875 0.04765625
2 0.64296875 0.6234375 0.53515625 0.04453125
2 0.64296875 0.67578125 0.5375 0.0484375
2 0.64296875 0.728125 0.53828125 0.04765625
2 0.6421875 0.77890625 0.53671875 0.046875
2 0.64296875 0.83046875 0.5375 0.04921875
2 0.41875 0.9046875 0.0890625 0.0546875
2 0.5125 0.9046875 0.09296875 0.0546875
2 0.22421875 0.11484375 0.0671875 0.04765625
2 0.29375 0.11484375 0.06015625 0.04765625
2 0.35390625 0.11484375 0.05 0.04765625
2 0.4171875 0.11484375 0.065625 0.04765625
2 0.4796875 0.11484375 0.04921875 0.04765625
2 0.53515625 0.11484375 0.05234375 0.04765625
2 0.5875 0.11484375 0.04140625 0.04765625
2 0.6328125 0.11484375 0.03828125 0.04765625