2 0.3171875 0.2546875 0.08671875 0.03046875
6 0.59375 0.02578125 0.0640625 0.02421875
6 0.65546875 0.02578125 0.05703125 0.02578125
6 0.7046875 0.02734375 0.03828125 0.02421875
2 0.371875 0.28046875 0.01015625 0.028125
2 0.3171875 0.2859375 0.08671875 0.03046875
2 0.3171875 0.3171875 0.08671875 0.03046875
2 0.5421875 0.346875 0.0421875 0.1609375
2 0.3171875 0.34921875 0.08671875 0.03046875
2 0.3171875 0.38046875 0.08671875 0.03046875
2 0.3171875 0.41171875 0.08671875 0.03046875
2 0.3171875 0.4421875 0.08671875 0.03046875
2 0.371875 0.44453125 0.01015625 0.028125
2 0.371875 0.47578125 0.01015625 0.028125
2 0.371875 0.52421875 0.01015625 0.028125
2 0.3734375 0.553125 0.01171875 0.02421875
2 0.371875 0.58125 0.009375 0.03046875
2 0.371875 0.6140625 0.009375 0.03046875
2 0.72109375 0.73671875 0.0078125 0.021875
2 0.31640625 0.10625 0.05078125 0.18046875
2 0.67578125 0.10625 0.103125 0.078125