2 0.553125 0.365625 0.1046875 0.1015625
2 0.4453125 0.3671875 0.09140625 0.14453125
2 0.21875 0.36796875 0.0734375 0.1328125
2 0.3296875 0.36875 0.109375 0.12265625
2 0.78671875 0.37109375 0.103125 0.08046875
2 0.67265625 0.371875 0.10703125 0.10546875
6 0.47890625 0.68359375 0.5125 0.04375
2 0.75625 0.684375 0.04140625 0.040625
2 0.5125 0.07890625 0.021875 0.0375
2 0.48828125 0.08046875 0.02109375 0.0390625
2 0.7765625 0.95234375 0.0140625 0.0265625
2 0.75234375 0.95234375 0.01328125 0.0265625
2 0.80078125 0.95234375 0.01328125 0.02578125
2 0.72890625 0.95234375 0.01328125 0.0265625
2 0.38203125 0.01171875 0.0765625 0.0234375
2 0.740625 0.01171875 0.075 0.0234375