2 0.790625 0.01875 0.01640625 0.0296875
6 0.71875 0.01875 0.11953125 0.0296875
2 0.2734375 0.07265625 0.15078125 0.14453125
2 0.5640625 0.07265625 0.03984375 0.04375
2 0.60625 0.07265625 0.04609375 0.04375
2 0.365625 0.07421875 0.03359375 0.04375
2 0.40625 0.07421875 0.046875 0.04375
2 0.4703125 0.07421875 0.08203125 0.04375
2 0.528125 0.07421875 0.03203125 0.04375
2 0.6484375 0.07421875 0.03828125 0.04375
6 0.671875 0.73125 0.09765625 0.02421875
2 0.75234375 0.73515625 0.04375 0.03125
2 0.75 0.075 0.07265625 0.028125
2 0.68984375 0.0765625 0.03671875 0.028125
2 0.228125 0.80234375 0.015625 0.028125
2 0.2484375 0.80234375 0.015625 0.028125
2 0.26875 0.80234375 0.015625 0.028125
2 0.2890625 0.80234375 0.015625 0.028125
2 0.309375 0.80234375 0.015625 0.028125
2 0.3296875 0.80234375 0.015625 0.028125