2 0.7875 0.18515625 0.10390625 0.08125
2 0.8703125 0.18515625 0.059375 0.08125
2 0.296875 0.18515625 0.040625 0.08125
2 0.3765625 0.18515625 0.1140625 0.08125
2 0.484375 0.18515625 0.09765625 0.08125
2 0.5578125 0.18515625 0.046875 0.08125
2 0.6109375 0.18515625 0.0578125 0.08125
2 0.665625 0.18515625 0.046875 0.08125
2 0.7125 0.18515625 0.04453125 0.08125
2 0.5296875 0.02890625 0.04765625 0.04375
2 0.584375 0.02890625 0.04921875 0.04375
2 0.6390625 0.02890625 0.04921875 0.04375
2 0.6921875 0.02890625 0.0484375 0.04375
6 0.378125 0.03046875 0.0703125 0.0234375
6 0.434375 0.03046875 0.03046875 0.0234375
2 0.478125 0.03046875 0.0453125 0.02734375
2 0.8765625 0.03359375 0.0078125 0.0234375
2 0.903125 0.03359375 0.03125 0.03203125
6 0.8296875 0.03359375 0.1078125 0.03125
2 0.76171875 0.034375 0.01875 0.03359375
2 0.0125 0.58203125 0.02265625 0.07109375
2 0.84375 0.9375 0.015625 0.03359375
2 0.86328125 0.9375 0.015625 0.03359375
2 0.8828125 0.9375 0.015625 0.03359375
2 0.90234375 0.9375 0.015625 0.03359375
2 0.22578125 0.16796875 0.10234375 0.215625