2 0.29375 0.2640625 0.07734375 0.20234375
2 0.375 0.2640625 0.07734375 0.20234375
2 0.45625 0.2640625 0.07734375 0.20234375
2 0.5390625 0.2640625 0.07734375 0.20234375
2 0.6734375 0.0390625 0.14375 0.078125
2 0.28046875 0.03984375 0.0515625 0.0796875
2 0.33359375 0.03984375 0.0515625 0.0796875
2 0.38671875 0.03984375 0.0515625 0.0796875
2 0.43984375 0.03984375 0.0515625 0.0796875
2 0.49296875 0.03984375 0.0515625 0.0796875
2 0.54765625 0.03984375 0.0515625 0.0796875
2 0.4515625 0.44375 0.00703125 0.0109375
6 0.5234375 0.4453125 0.07421875 0.01796875
2 0.5671875 0.51015625 0.009375 0.015625
2 0.71171875 0.5953125 0.06796875 0.1234375
2 0.6375 0.59609375 0.06953125 0.125
2 0.63671875 0.80546875 0.06875 0.125
2 0.7109375 0.80546875 0.06796875 0.125
2 0.6828125 0.009375 0.02421875 0.01875