2 0.05546875 0.2765625 0.09140625 0.0453125
2 0.18125 0.2765625 0.1203125 0.0484375
6 0.5046875 0.2765625 0.42578125 0.0484375
2 0.6984375 0.2765625 0.0359375 0.0484375
2 0.7953125 0.290625 0.03125 0.01953125
2 0.85546875 0.2765625 0.04296875 0.02421875
2 0.9375 0.2765625 0.10546875 0.0484375
2 0.85546875 0.39296875 0.1109375 0.021875
2 0.2015625 0.5046875 0.22578125 0.16796875
2 0.38125 0.5046875 0.1078125 0.16796875
2 0.5 0.5046875 0.10546875 0.16796875
2 0.61875 0.5046875 0.10546875 0.16796875
2 0.73828125 0.5046875 0.10546875 0.16796875
2 0.85703125 0.5046875 0.1078125 0.16796875
2 0.25 0.81015625 0.2359375 0.25234375
2 0.25 0.978125 0.2359375 0.04296875
2 0.5 0.84140625 0.2359375 0.31484375
2 0.75 0.84140625 0.2359375 0.31484375
2 0.91796875 0.96640625 0.0765625 0.06484375