2 0.53828125 0.25078125 0.0625 0.06484375
2 0.4109375 0.57109375 0.009375 0.0109375
6 0.45859375 0.571875 0.1140625 0.0390625
2 0.559375 0.571875 0.078125 0.0390625
2 0.53828125 0.0765625 0.0625 0.06484375
2 0.6953125 0.82421875 0.05390625 0.02421875
2 0.325 0.9046875 0.09609375 0.03515625
2 0.65234375 0.91875 0.1359375 0.06015625
2 0.2828125 0.95625 0.01015625 0.01796875
2 0.30390625 0.95625 0.01015625 0.01796875
2 0.325 0.95625 0.01015625 0.01796875
2 0.346875 0.95625 0.01015625 0.01796875
2 0.36875 0.95625 0.01015625 0.01796875
2 0.70390625 0.98203125 0.03671875 0.0203125