2 0.53828125 0.29296875 0.0625 0.06484375
2 0.4109375 0.61328125 0.009375 0.0109375
6 0.45859375 0.6140625 0.1140625 0.0390625
2 0.559375 0.6140625 0.078125 0.0390625
2 0.69453125 0.86796875 0.0546875 0.0265625
2 0.325 0.946875 0.09609375 0.03515625
2 0.65234375 0.9625 0.1359375 0.0625
2 0.30390625 0.99453125 0.01015625 0.0109375
2 0.36875 0.99453125 0.009375 0.0109375
2 0.32578125 0.99453125 0.01015625 0.0109375
2 0.346875 0.99453125 0.01015625 0.01015625
2 0.28203125 0.99453125 0.0109375 0.0109375
2 0.53828125 0.11875 0.0625 0.06484375