2 0.35 0.14921875 0.12265625 0.0390625
2 0.6015625 0.1734375 0.03671875 0.06640625
2 0.6015625 0.29140625 0.03671875 0.06640625
2 0.54375 0.34296875 0.03671875 0.06640625
6 0.35 0.03828125 0.12265625 0.04375
2 0.6015625 0.40859375 0.03671875 0.06640625
2 0.6015625 0.525 0.03671875 0.06640625
2 0.6015625 0.05625 0.03671875 0.06640625
2 0.6015625 0.70703125 0.0359375 0.06484375
2 0.6015625 0.815625 0.0359375 0.06484375
2 0.54375 0.83828125 0.03671875 0.06640625
2 0.653125 0.890625 0.1390625 0.03125
6 0.3515625 0.09296875 0.12265625 0.04140625