2 0.578125 0.15859375 0.0078125 0.0140625
2 0.465625 0.175 0.0078125 0.0140625
2 0.3125 0.36484375 0.059375 0.10703125
2 0.5 0.36484375 0.059375 0.10703125
2 0.6875 0.36484375 0.059375 0.10703125
2 0.26953125 0.03984375 0.0953125 0.0796875
2 0.45859375 0.03984375 0.0953125 0.0796875
2 0.5 0.60546875 0.06171875 0.1
2 0.1 0.60703125 0.1109375 0.06640625
2 0.89296875 0.6203125 0.15859375 0.1234375
2 0.3078125 0.63125 0.20546875 0.0875
2 0.69375 0.64453125 0.203125 0.1703125
2 0.66875 0.796875 0.2359375 0.0390625
2 0.66875 0.83515625 0.2359375 0.0390625
2 0.12421875 0.8421875 0.140625 0.08984375
6 0.3953125 0.86640625 0.2921875 0.03125
2 0.66875 0.87421875 0.2359375 0.0390625
2 0.66875 0.9125 0.2359375 0.0390625
6 0.3953125 0.925 0.2921875 0.03125
2 0.66875 0.9515625 0.2359375 0.0390625
2 0.2671875 0.96875 0.03828125 0.028125
2 0.66796875 0.9859375 0.23515625 0.028125