2 0.5 0.31796875 0.06328125 0.03515625
2 0.51875 0.45859375 0.00703125 0.0109375
2 0.49375 0.459375 0.00703125 0.01015625
2 0.50625 0.459375 0.00703125 0.009375
2 0.48125 0.459375 0.00703125 0.01015625
2 0.23828125 0.05546875 0.0859375 0.06640625
6 0.715625 0.0609375 0.12890625 0.0390625
2 0.2453125 0.61640625 0.09609375 0.1
2 0.346875 0.61640625 0.09609375 0.1
2 0.45 0.61640625 0.09609375 0.1
2 0.5515625 0.61640625 0.09609375 0.1
2 0.65390625 0.61640625 0.09609375 0.1
2 0.75625 0.61640625 0.09609375 0.1
2 0.36328125 0.0625 0.04140625 0.04765625
2 0.40625 0.0625 0.04453125 0.04765625
2 0.4484375 0.0625 0.040625 0.04765625
2 0.4921875 0.0625 0.046875 0.04765625
2 0.55 0.0625 0.06953125 0.04765625
2 0.6171875 0.0625 0.06484375 0.04765625
2 0.79140625 0.06328125 0.0234375 0.0390625