2 0.54609375 0.0140625 0.09453125 0.028125
2 0.81640625 0.015625 0.01484375 0.0265625
2 0.6453125 0.1796875 0.01015625 0.01796875
2 0.6578125 0.1796875 0.01015625 0.01796875
2 0.6703125 0.1796875 0.01015625 0.01796875
2 0.6828125 0.1796875 0.01015625 0.01796875
6 0.7765625 0.2234375 0.03515625 0.0203125
2 0.75 0.22421875 0.00859375 0.015625
2 0.81640625 0.22890625 0.01015625 0.01796875
2 0.81640625 0.2515625 0.01015625 0.01796875
2 0.728125 0.34609375 0.13125 0.05625
2 0.209375 0.4375 0.01015625 0.01796875
2 0.221875 0.4375 0.01015625 0.01796875
2 0.234375 0.4375 0.01015625 0.01796875
2 0.246875 0.4375 0.01015625 0.01796875
2 0.209375 0.60703125 0.01015625 0.01796875
2 0.221875 0.60703125 0.01015625 0.01796875
2 0.234375 0.60703125 0.01015625 0.01796875
2 0.246875 0.60703125 0.01015625 0.01796875
2 0.6796875 0.6703125 0.0328125 0.015625
2 0.209375 0.78359375 0.01015625 0.01796875
2 0.221875 0.78359375 0.01015625 0.01796875
2 0.234375 0.78359375 0.01015625 0.01796875
2 0.246875 0.78359375 0.01015625 0.01796875
2 0.275 0.0796875 0.16796875 0.1140625
2 0.209375 0.91484375 0.01015625 0.01796875
2 0.221875 0.91484375 0.01015625 0.01796875
2 0.234375 0.91484375 0.01015625 0.01796875
2 0.246875 0.91484375 0.01015625 0.01796875
2 0.325 0.915625 0.00859375 0.0109375
2 0.7875 0.12421875 0.01015625 0.01796875
2 0.6765625 0.12421875 0.0171875 0.01796875
6 0.73359375 0.12421875 0.09453125 0.01953125
2 0.678125 0.0125 0.04140625 0.025
2 0.6375 0.0140625 0.03828125 0.02734375
2 0.7203125 0.0140625 0.0359375 0.02734375
2 0.75625 0.0140625 0.03203125 0.02734375