2 0.6453125 0.0171875 0.24140625 0.03359375
2 0.80703125 0.01796875 0.06015625 0.0359375
2 0.20859375 0.17734375 0.06328125 0.06796875
2 0.2875 0.17734375 0.096875 0.06796875
2 0.3625 0.17734375 0.05546875 0.06796875
2 0.43984375 0.17734375 0.10078125 0.06796875
2 0.51953125 0.17734375 0.0609375 0.06796875
2 0.6 0.17734375 0.10234375 0.06796875
2 0.6890625 0.17734375 0.078125 0.06796875
2 0.7765625 0.17734375 0.0984375 0.06796875
2 0.86875 0.01875 0.0546875 0.0375
2 0.93515625 0.01875 0.0671875 0.0375
2 0.1671875 0.65546875 0.23359375 0.13125
2 0.39375 0.65546875 0.21484375 0.13125
2 0.6171875 0.65546875 0.228125 0.13125
2 0.84140625 0.65546875 0.215625 0.13125
2 0.15 0.0765625 0.25390625 0.1109375
2 0.9109375 0.8375 0.025 0.040625
2 0.93671875 0.8375 0.025 0.040625
6 0.8640625 0.09765625 0.1453125 0.0390625
2 0.95234375 0.09765625 0.03203125 0.0390625
2 0.45625 0.996875 0.25390625 0.00625