2 0.6453125 0.0171875 0.24296875 0.03359375
2 0.86875 0.01953125 0.05546875 0.03828125
2 0.93515625 0.01953125 0.0671875 0.03828125
6 0.8640625 0.09765625 0.146875 0.03828125
2 0.953125 0.09765625 0.03359375 0.03828125
2 0.2078125 0.1765625 0.06484375 0.0671875
2 0.2875 0.1765625 0.09609375 0.0671875
2 0.36328125 0.1765625 0.05546875 0.0671875
2 0.43984375 0.1765625 0.10078125 0.0671875
2 0.51953125 0.1765625 0.06015625 0.0671875
2 0.6 0.1765625 0.10078125 0.0671875
2 0.68984375 0.1765625 0.0796875 0.0671875
2 0.7765625 0.1765625 0.0984375 0.0671875
2 0.1671875 0.6546875 0.2328125 0.13203125
2 0.39296875 0.6546875 0.21640625 0.13203125
2 0.61796875 0.6546875 0.228125 0.13203125
2 0.84140625 0.6546875 0.21640625 0.13203125
2 0.45703125 0.99609375 0.2546875 0.0046875
2 0.9359375 0.8375 0.0265625 0.040625
2 0.9109375 0.8375 0.0265625 0.040625