2 0.6953125 0.18828125 0.06875 0.11640625
2 0.58125 0.19609375 0.10234375 0.209375
2 0.69296875 0.02265625 0.10390625 0.04453125
6 0.70625 0.3765625 0.00859375 0.0171875
2 0.684375 0.37734375 0.02890625 0.0203125
2 0.5953125 0.396875 0.05390625 0.0734375
6 0.70625 0.4078125 0.00703125 0.0171875
2 0.68515625 0.40859375 0.02890625 0.01875
2 0.6859375 0.4390625 0.02890625 0.01953125
6 0.70546875 0.43984375 0.00703125 0.0171875
2 0.6859375 0.47109375 0.0296875 0.02109375
6 0.70625 0.47109375 0.0078125 0.01875
2 0.6859375 0.5015625 0.028125 0.01953125
6 0.70625 0.5015625 0.0078125 0.01796875
2 0.3109375 0.58125 0.07421875 0.18984375
2 0.3296875 0.72265625 0.08515625 0.028125
2 0.5140625 0.73359375 0.09453125 0.04375
2 0.69921875 0.08046875 0.0765625 0.1375