2 0.3265625 0.2453125 0.02265625 0.04375
6 0.5109375 0.24609375 0.34609375 0.04375
2 0.9359375 0.02890625 0.128125 0.0578125
2 0.7984375 0.0296875 0.01484375 0.0578125
2 0.8359375 0.0296875 0.04765625 0.0578125
2 0.11875 0.0296875 0.04140625 0.0578125
2 0.01640625 0.0296875 0.025 0.01796875
2 0.171875 0.0296875 0.05 0.0578125
2 0.23046875 0.0296875 0.053125 0.0578125
2 0.28671875 0.0296875 0.04375 0.0578125
2 0.0671875 0.0296875 0.046875 0.0578125
2 0.3828125 0.3515625 0.1171875 0.03359375
2 0.5 0.3515625 0.1171875 0.03359375
2 0.6171875 0.3515625 0.1171875 0.03359375
2 0.25625 0.4078125 0.0609375 0.05078125
2 0.3171875 0.409375 0.0609375 0.053125
2 0.378125 0.409375 0.0609375 0.053125
2 0.4390625 0.409375 0.0609375 0.053125
2 0.5 0.409375 0.0609375 0.053125
2 0.5609375 0.409375 0.0609375 0.053125
2 0.6828125 0.409375 0.0609375 0.053125
2 0.74375 0.409375 0.0609375 0.053125
2 0.621875 0.41015625 0.0609375 0.053125
2 0.1578125 0.50859375 0.028125 0.05078125
2 0.85234375 0.5109375 0.01328125 0.025
2 0.1578125 0.5859375 0.028125 0.05078125
2 0.85234375 0.58671875 0.01328125 0.0265625
2 0.1578125 0.6625 0.028125 0.05078125
2 0.853125 0.6640625 0.0140625 0.02578125
2 0.15859375 0.73984375 0.02890625 0.05078125
2 0.85390625 0.74296875 0.01484375 0.0265625
2 0.1578125 0.815625 0.028125 0.05
2 0.85234375 0.8171875 0.0109375 0.02578125
2 0.1578125 0.89296875 0.028125 0.05078125
2 0.853125 0.89609375 0.0140625 0.0234375
2 0.1578125 0.9703125 0.028125 0.05234375
2 0.8515625 0.9734375 0.01484375 0.02578125