2 0.45234375 0.21015625 0.06953125 0.03515625
2 0.5265625 0.21015625 0.07421875 0.03515625
2 0.59140625 0.21015625 0.05234375 0.03515625
2 0.09375 0.02109375 0.1875 0.0421875
2 0.215625 0.02109375 0.0546875 0.0421875
2 0.26171875 0.02109375 0.0375 0.0421875
2 0.2984375 0.02109375 0.0359375 0.0421875
2 0.3421875 0.02109375 0.05 0.0421875
2 0.3828125 0.02109375 0.0296875 0.0421875
2 0.415625 0.02109375 0.03359375 0.0421875
2 0.4515625 0.02109375 0.0359375 0.0421875
2 0.48671875 0.02109375 0.0328125 0.0421875
2 0.5359375 0.02109375 0.0640625 0.0421875
2 0.5890625 0.02109375 0.04140625 0.0421875
2 0.628125 0.02109375 0.0328125 0.0421875
2 0.659375 0.02109375 0.02734375 0.0421875
6 0.7125 0.271875 0.08984375 0.025
2 0.0109375 0.32421875 0.021875 0.26484375
2 0.56953125 0.42734375 0.13203125 0.209375
2 0.7078125 0.428125 0.13203125 0.2078125
2 0.43125 0.43671875 0.13359375 0.2265625
2 0.2921875 0.50390625 0.13125 0.36015625
2 0.028125 0.0640625 0.0421875 0.0421875
6 0.3671875 0.0640625 0.53515625 0.028125
2 0.64375 0.0640625 0.01953125 0.028125
2 0.97109375 0.065625 0.025 0.0453125
2 0.56953125 0.653125 0.13125 0.20390625
2 0.70703125 0.65390625 0.13046875 0.20546875
2 0.94609375 0.0671875 0.0234375 0.04765625
2 0.43046875 0.68203125 0.13203125 0.225
2 0.2921875 0.8078125 0.13125 0.20625
2 0.56875 0.878125 0.1328125 0.2078125
2 0.7078125 0.8875 0.13203125 0.225
2 0.4296875 0.90625 0.13203125 0.18671875
2 0.2921875 0.9640625 0.13046875 0.071875