2 0.2375 0.2296875 0.09375 0.05390625
2 0.309375 0.2296875 0.05078125 0.05390625
2 0.3578125 0.2296875 0.04609375 0.05390625
2 0.4 0.2296875 0.0375 0.05390625
2 0.4359375 0.2296875 0.034375 0.05390625
2 0.46953125 0.2296875 0.03359375 0.05390625
2 0.5015625 0.2296875 0.03046875 0.05390625
2 0.5421875 0.2296875 0.05234375 0.05390625
2 0.58671875 0.2296875 0.0375 0.05390625
2 0.6359375 0.2296875 0.0609375 0.05390625
6 0.475 0.4640625 0.5671875 0.0375
2 0.7875 0.4640625 0.0359375 0.0390625
2 0.2015625 0.6390625 0.01640625 0.034375
2 0.22421875 0.6390625 0.01640625 0.034375
2 0.246875 0.6390625 0.01640625 0.034375
2 0.2875 0.07734375 0.19375 0.059375
2 0.24296875 0.77578125 0.103125 0.1
2 0.78671875 0.015625 0.04453125 0.03125
2 0.21171875 0.015625 0.04140625 0.03125
2 0.24921875 0.015625 0.0328125 0.03125
2 0.69375 0.015625 0.03515625 0.03125
2 0.72421875 0.015625 0.025 0.03125
2 0.75 0.015625 0.028125 0.03125