6 0.68515625 0.0203125 0.06875 0.0140625
2 0.5171875 0.02109375 0.01015625 0.01953125
2 0.53125 0.02109375 0.0109375 0.01953125
2 0.54609375 0.02109375 0.0125 0.02265625
2 0.48125 0.2640625 0.178125 0.2359375
2 0.65234375 0.48359375 0.140625 0.2421875
2 0.415625 0.65078125 0.046875 0.084375
2 0.3125 0.06875 0.071875 0.05625
2 0.328125 0.8 0.10234375 0.30390625
2 0.653125 0.8234375 0.140625 0.25078125
2 0.415625 0.83984375 0.046875 0.084375
2 0.4609375 0.1015625 0.01953125 0.01015625
2 0.48671875 0.1015625 0.0328125 0.01015625
2 0.51484375 0.1015625 0.02265625 0.01015625
2 0.5640625 0.1015625 0.07578125 0.01015625
2 0.634375 0.1015625 0.06640625 0.01015625
2 0.6875 0.1015625 0.03828125 0.01015625
2 0.7171875 0.1015625 0.0203125 0.01015625
2 0.28125 0.11953125 0.0296875 0.01953125
2 0.32890625 0.11953125 0.065625 0.01953125
2 0.39296875 0.11953125 0.0625 0.01953125
2 0.4484375 0.11953125 0.0484375 0.01953125
2 0.4984375 0.11953125 0.05234375 0.01953125
2 0.5578125 0.11953125 0.06640625 0.01953125
2 0.615625 0.11953125 0.04765625 0.01953125
2 0.66328125 0.11953125 0.04765625 0.01953125
2 0.70390625 0.11953125 0.034375 0.01953125