2 0.08671875 0.0890625 0.14453125 0.0484375
2 0.453125 0.0953125 0.02890625 0.05078125
2 0.52265625 0.0953125 0.03359375 0.05078125
2 0.609375 0.09765625 0.06484375 0.05078125
2 0.76171875 0.0953125 0.16328125 0.05078125
2 0.91953125 0.0953125 0.0765625 0.05078125
6 0.86171875 0.16796875 0.2453125 0.03125
2 0.9796875 0.171875 0.02890625 0.03359375
2 0.25703125 0.365625 0.45703125 0.09375
2 0.74296875 0.365625 0.4546875 0.09375
2 0.25703125 0.47109375 0.45703125 0.09375
2 0.74296875 0.47109375 0.4546875 0.09375
2 0.25703125 0.57578125 0.45703125 0.09375
2 0.74296875 0.57578125 0.4546875 0.09375
2 0.25703125 0.68125 0.45703125 0.09375
2 0.74296875 0.68125 0.4546875 0.09375
2 0.25 0.90234375 0.47109375 0.125
2 0.75 0.90234375 0.47109375 0.125