6 0.28828125 0.03359375 0.18125 0.046875
2 0.08671875 0.03359375 0.1265625 0.046875
2 0.91328125 0.03359375 0.1265625 0.046875
2 0.5890625 0.03359375 0.115625 0.03984375
2 0.4640625 0.03515625 0.10390625 0.034375
2 0.70390625 0.03515625 0.08125 0.03359375
2 0.79453125 0.0359375 0.06796875 0.03671875
2 0.09453125 0.5609375 0.1265625 0.0484375
2 0.409375 0.70078125 0.08125 0.02578125
2 0.571875 0.70078125 0.09453125 0.02578125
2 0.73984375 0.70078125 0.0921875 0.02578125
2 0.07734375 0.70078125 0.0921875 0.02578125
2 0.9140625 0.70078125 0.109375 0.02578125
2 0.24609375 0.70859375 0.09765625 0.04140625
2 0.325 0.96796875 0.125 0.02734375