2 0.8984375 0.034375 0.0125 0.021875
2 0.84375 0.03515625 0.00859375 0.015625
2 0.86171875 0.03515625 0.00859375 0.015625
2 0.8796875 0.03515625 0.00859375 0.015625
2 0.9171875 0.03515625 0.00859375 0.015625
6 0.83515625 0.603125 0.17109375 0.04140625
2 0.8359375 0.8109375 0.17109375 0.20859375
6 0.36953125 0.97890625 0.09765625 0.02109375
6 0.24921875 0.9796875 0.1 0.02265625
2 0.234375 0.12265625 0.1125 0.0546875
2 0.44609375 0.12265625 0.03984375 0.08984375
2 0.5125 0.12265625 0.06796875 0.08984375
2 0.6015625 0.12265625 0.0828125 0.08984375
2 0.6984375 0.12265625 0.0859375 0.08984375
2 0.89453125 0.1234375 0.03203125 0.059375