2 0.215625 0.15546875 0.11328125 0.05078125
2 0.34375 0.15546875 0.10546875 0.05078125
2 0.465625 0.15546875 0.1015625 0.05078125
2 0.5796875 0.15546875 0.0890625 0.05078125
2 0.7078125 0.15546875 0.0921875 0.05078125
2 0.80390625 0.15546875 0.1015625 0.05078125
2 0.07109375 0.1890625 0.09765625 0.0796875
2 0.74453125 0.20703125 0.12421875 0.05390625
2 0.39140625 0.2171875 0.11328125 0.05078125
2 0.828125 0.0640625 0.090625 0.05
2 0.1453125 0.6453125 0.23125 0.0796875
6 0.36875 0.8828125 0.67890625 0.078125
2 0.853125 0.8828125 0.23515625 0.078125