2 0.7078125 0.06484375 0.06953125 0.02890625
2 0.07109375 0.19140625 0.0984375 0.0265625
2 0.21640625 0.1546875 0.11328125 0.05078125
2 0.34375 0.1546875 0.10546875 0.05078125
2 0.46640625 0.1546875 0.10078125 0.05078125
2 0.5796875 0.1546875 0.0890625 0.05078125
2 0.3921875 0.21640625 0.11328125 0.05078125
2 0.7078125 0.1546875 0.09140625 0.05078125
2 0.80390625 0.1546875 0.10078125 0.05078125
2 0.7453125 0.20703125 0.09375 0.021875
2 0.1453125 0.6453125 0.2328125 0.0796875
2 0.1453125 0.70546875 0.08203125 0.03125
6 0.36875 0.88203125 0.68046875 0.0796875
6 0.853125 0.88203125 0.2359375 0.0796875