6 0.06953125 0.1453125 0.04453125 0.0171875
2 0.178125 0.03671875 0.19921875 0.07265625
2 0.0390625 0.0359375 0.078125 0.071875
6 0.85 0.375 0.04765625 0.015625
2 0.878125 0.375 0.0078125 0.01484375
6 0.85078125 0.40625 0.046875 0.015625
2 0.878125 0.40625 0.0078125 0.01484375
6 0.0953125 0.40625 0.1578125 0.0203125
2 0.49375 0.45546875 0.02109375 0.0203125
2 0.35703125 0.45625 0.0390625 0.0203125
2 0.40078125 0.45625 0.0421875 0.0203125
2 0.45234375 0.45625 0.05703125 0.0203125
2 0.9421875 0.53359375 0.0828125 0.15078125
2 0.1203125 0.0875 0.0375 0.02734375
2 0.1609375 0.0875 0.04375 0.02734375
2 0.0234375 0.0875 0.04609375 0.02734375
2 0.0734375 0.0875 0.05546875 0.02734375