2 0.54375 0.159375 0.08671875 0.0734375
2 0.26875 0.16015625 0.065625 0.0734375
2 0.353125 0.16015625 0.0984375 0.0734375
2 0.4515625 0.16015625 0.09140625 0.0734375
2 0.6328125 0.16015625 0.084375 0.0734375
2 0.71875 0.16015625 0.08203125 0.0734375
2 0.54921875 0.39140625 0.634375 0.3890625
2 0.83515625 0.05703125 0.021875 0.02421875
6 0.7875 0.0578125 0.11875 0.028125
2 0.34140625 0.05859375 0.2171875 0.11640625
2 0.7953125 0.6203125 0.01015625 0.01953125
2 0.81171875 0.62109375 0.01171875 0.02109375
2 0.828125 0.621875 0.0109375 0.01953125
2 0.71875 0.76328125 0.01953125 0.0375
2 0.8265625 0.76796875 0.00703125 0.03203125
2 0.76328125 0.9265625 0.10703125 0.02265625
2 0.8265625 0.92890625 0.0078125 0.01796875