2 0.78203125 0.221875 0.09296875 0.07421875
2 0.875 0.221875 0.09296875 0.07421875
2 0.225 0.221875 0.09296875 0.07421875
2 0.3171875 0.221875 0.09296875 0.07421875
2 0.4109375 0.221875 0.09296875 0.07421875
2 0.503125 0.221875 0.09296875 0.07421875
2 0.59609375 0.221875 0.09296875 0.07421875
2 0.6890625 0.221875 0.09296875 0.07421875
2 0.8578125 0.078125 0.01953125 0.03515625
2 0.8796875 0.078125 0.01953125 0.03515625
2 0.9015625 0.078125 0.01953125 0.03515625
6 0.23515625 0.0859375 0.11328125 0.0390625
2 0.309375 0.08671875 0.02890625 0.04375
2 0.5421875 0.10546875 0.3265625 0.1140625