6 0.671875 0.0171875 0.08828125 0.0171875
2 0.721875 0.01953125 0.00625 0.01171875
6 0.46015625 0.309375 0.1625 0.0171875
2 0.55625 0.309375 0.02734375 0.0171875
2 0.3171875 0.03203125 0.128125 0.05625
2 0.4 0.04765625 0.04453125 0.02578125
2 0.44375 0.04765625 0.04453125 0.02578125
2 0.4875 0.04765625 0.04453125 0.02578125
2 0.53125 0.04765625 0.04453125 0.02578125
2 0.575 0.04765625 0.04453125 0.02578125
2 0.61875 0.04765625 0.04453125 0.02578125
2 0.6625 0.04765625 0.04453125 0.02578125
2 0.70625 0.04765625 0.04453125 0.02578125
2 0.6671875 0.5265625 0.009375 0.0171875
2 0.67734375 0.5265625 0.009375 0.0171875
2 0.68828125 0.52734375 0.01015625 0.01875
2 0.7 0.52734375 0.01015625 0.01875
2 0.7109375 0.52734375 0.01015625 0.01875
2 0.721875 0.52734375 0.01015625 0.01875