2 0.14921875 0.4328125 0.21640625 0.071875
2 0.33671875 0.43125 0.11796875 0.03359375
2 0.4421875 0.43125 0.0890625 0.03359375
2 0.54296875 0.43125 0.1078125 0.03359375
2 0.64453125 0.41328125 0.06953125 0.09375
6 0.81484375 0.4328125 0.2453125 0.0578125
2 0.9171875 0.4328125 0.040625 0.0578125
2 0.9015625 0.5 0.06953125 0.03828125
2 0.865625 0.4109375 0.03828125 0.053125
6 0.42890625 0.4328125 0.19453125 0.0578125
6 0.66484375 0.4328125 0.2015625 0.03828125
2 0.78515625 0.43359375 0.03828125 0.06015625