6 0.3734375 0.15859375 0.2984375 0.05078125
6 0.3734375 0.2375 0.2984375 0.05078125
6 0.37265625 0.32578125 0.29609375 0.07421875
2 0.4640625 0.41875 0.11484375 0.04609375
6 0.23828125 0.4765625 0.0125 0.025
2 0.5 0.68203125 0.15625 0.0953125
6 0.29453125 0.08125 0.14140625 0.05078125
6 0.4515625 0.08125 0.14140625 0.05078125
2 0.490625 0.87421875 0.02578125 0.04609375
2 0.5265625 0.87421875 0.02578125 0.04609375
2 0.5640625 0.87421875 0.02578125 0.04609375
2 0.6 0.87421875 0.02578125 0.04609375