2 0.475 0.17265625 0.3359375 0.196875
2 0.71796875 0.17265625 0.01484375 0.0265625
2 0.73828125 0.17265625 0.01484375 0.0265625
2 0.75859375 0.17265625 0.01484375 0.0265625
6 0.7484375 0.22109375 0.096875 0.02421875
2 0.209375 0.0375 0.04453125 0.07421875
2 0.2671875 0.0375 0.06953125 0.07421875
2 0.328125 0.0375 0.053125 0.07421875
2 0.38359375 0.0375 0.0578125 0.07421875
2 0.44375 0.0375 0.06328125 0.07421875
2 0.5296875 0.0375 0.10703125 0.07421875
2 0.59921875 0.0375 0.03359375 0.07421875
2 0.64375 0.0375 0.0546875 0.07421875
2 0.53046875 0.5609375 0.0984375 0.04140625
2 0.5296875 0.56171875 0.0984375 0.03828125
2 0.78359375 0.11640625 0.02578125 0.04609375