2 0.115625 0.16953125 0.15703125 0.0421875
2 0.115625 0.2109375 0.15703125 0.0421875
2 0.6171875 0.2234375 0.259375 0.23359375
2 0.115625 0.25234375 0.15703125 0.0421875
2 0.228125 0.27734375 0.015625 0.028125
2 0.25625 0.39765625 0.07265625 0.03125
2 0.534375 0.04453125 0.07265625 0.03125
2 0.50625 0.44765625 0.015625 0.028125
6 0.115625 0.05703125 0.14140625 0.0421875
2 0.175 0.05703125 0.0234375 0.0421875
2 0.228125 0.5671875 0.015625 0.028125
2 0.534375 0.56875 0.07265625 0.03125
2 0.25625 0.68828125 0.07265625 0.03125
2 0.6171875 0.76484375 0.259375 0.23515625
2 0.25625 0.078125 0.07265625 0.03125
2 0.1140625 0.12734375 0.15703125 0.0421875