2 0.26328125 0.58203125 0.140625 0.0453125
2 0.42109375 0.58203125 0.140625 0.0453125
2 0.57890625 0.58203125 0.140625 0.0453125
2 0.7375 0.58203125 0.140625 0.0453125
2 0.26328125 0.6625 0.140625 0.0671875
2 0.42109375 0.6625 0.140625 0.0671875
2 0.7375 0.6625 0.140625 0.0671875
2 0.26328125 0.753125 0.140625 0.0671875
2 0.42109375 0.753125 0.140625 0.0671875
2 0.57890625 0.753125 0.140625 0.0671875
2 0.7375 0.753125 0.140625 0.0671875
2 0.26328125 0.84375 0.140625 0.0671875
2 0.7375 0.84375 0.140625 0.0671875
2 0.42109375 0.97578125 0.140625 0.02421875
2 0.57890625 0.97578125 0.140625 0.02421875
2 0.7375 0.97578125 0.140625 0.02421875
2 0.78125 0.246875 0.03125 0.05625
2 0.4140625 0.3515625 0.00859375 0.0125
6 0.396875 0.246875 0.3875 0.05625
6 0.6109375 0.25 0.00703125 0.0125
6 0.68359375 0.25 0.00703125 0.0125