2 0.653125 0.23046875 0.07578125 0.03203125
6 0.275 0.2796875 0.13046875 0.028125
2 0.3234375 0.31875 0.03203125 0.028125
2 0.275 0.39140625 0.13046875 0.03203125
2 0.64453125 0.46953125 0.08125 0.07421875
2 0.725 0.04765625 0.140625 0.09453125
2 0.3640625 0.05234375 0.05 0.028125
2 0.671875 0.56328125 0.0265625 0.01796875
2 0.3875 0.56484375 0.0453125 0.0265625
2 0.64453125 0.69375 0.08125 0.07421875
2 0.275 0.76640625 0.13046875 0.03203125
2 0.671875 0.78671875 0.0265625 0.01796875
2 0.3875 0.78828125 0.0453125 0.0265625
2 0.64453125 0.9171875 0.08125 0.07421875
2 0.2234375 0.12890625 0.0375 0.0578125
2 0.26953125 0.12890625 0.0546875 0.0578125
2 0.33125 0.12890625 0.06953125 0.0578125
2 0.40859375 0.12890625 0.08515625 0.0578125
2 0.4890625 0.12890625 0.07578125 0.0578125