2 0.159375 0.16015625 0.03828125 0.0421875
2 0.2046875 0.16015625 0.05234375 0.0421875
2 0.2546875 0.16015625 0.04609375 0.0421875
2 0.30625 0.16015625 0.0578125 0.0421875
2 0.365625 0.16015625 0.06015625 0.0421875
2 0.44140625 0.16015625 0.0921875 0.0421875
2 0.5171875 0.16015625 0.06015625 0.0421875
2 0.79296875 0.0171875 0.01328125 0.03359375
2 0.81328125 0.0171875 0.01328125 0.03359375
2 0.8328125 0.0171875 0.01328125 0.03359375
2 0.853125 0.0171875 0.01328125 0.03359375
2 0.19140625 0.42421875 0.10234375 0.03125
2 0.3046875 0.42421875 0.11171875 0.03125
2 0.21015625 0.0671875 0.140625 0.0578125
2 0.78125 0.91953125 0.09375 0.08046875
2 0.85078125 0.09375 0.01875 0.0265625
6 0.771875 0.09375 0.1359375 0.0265625