2 0.1390625 0.17734375 0.11328125 0.0546875
2 0.26875 0.17734375 0.146875 0.0546875
2 0.390625 0.17734375 0.09765625 0.0546875
2 0.46953125 0.17734375 0.0609375 0.0546875
2 0.05078125 0.17734375 0.0625 0.0546875
2 0.54453125 0.17734375 0.0890625 0.0546875
2 0.65 0.17734375 0.121875 0.0546875
2 0.21875 0.02578125 0.165625 0.0515625
2 0.375 0.02578125 0.15 0.0515625
2 0.5375 0.02578125 0.178125 0.0515625
2 0.71484375 0.02578125 0.1765625 0.0515625
2 0.078125 0.02578125 0.11875 0.0515625
2 0.8125 0.703125 0.04453125 0.0625
2 0.18828125 0.703125 0.04609375 0.06171875
2 0.5 0.703125 0.0453125 0.06171875
6 0.89375 0.08046875 0.1734375 0.0390625
2 0.1875 0.98125 0.29296875 0.0375
2 0.5 0.98125 0.29296875 0.0375
2 0.8125 0.98125 0.29296875 0.0375
2 0.81640625 0.11484375 0.1125 0.03046875
2 0.9234375 0.11640625 0.09140625 0.02734375