2 0.078125 0.0265625 0.11796875 0.05078125
2 0.21875 0.0265625 0.165625 0.05078125
2 0.375 0.0265625 0.14921875 0.05078125
2 0.53828125 0.0265625 0.18046875 0.05078125
2 0.71484375 0.0265625 0.178125 0.05078125
6 0.89296875 0.08046875 0.17578125 0.03828125
2 0.8171875 0.10078125 0.115625 0.0578125
2 0.92421875 0.10078125 0.09375 0.0578125
2 0.05078125 0.1765625 0.0625 0.05546875
2 0.13828125 0.1765625 0.11328125 0.05546875
2 0.26796875 0.1765625 0.146875 0.05546875
2 0.390625 0.1765625 0.0984375 0.05546875
2 0.4703125 0.1765625 0.06015625 0.05546875
2 0.54453125 0.1765625 0.0890625 0.05546875
2 0.65 0.1765625 0.12265625 0.05546875
2 0.1875 0.7234375 0.0453125 0.021875
2 0.1875 0.98046875 0.2953125 0.0359375
2 0.5 0.7234375 0.04296875 0.021875
2 0.5 0.98046875 0.2953125 0.0359375
2 0.8125 0.7234375 0.0453125 0.021875
2 0.8125 0.98046875 0.2953125 0.0359375