2 0.0515625 0.1546875 0.09140625 0.03359375
2 0.1421875 0.15546875 0.04609375 0.05078125
2 0.24296875 0.15546875 0.09765625 0.05078125
2 0.3390625 0.15546875 0.03671875 0.05078125
2 0.396875 0.15546875 0.021875 0.05078125
2 0.465625 0.15546875 0.0578125 0.05078125
2 0.54453125 0.15546875 0.04296875 0.05078125
2 0.60859375 0.15546875 0.02734375 0.05078125
6 0.87421875 0.2078125 0.2125 0.03671875
2 0.825 0.25859375 0.05859375 0.0390625
2 0.8890625 0.25859375 0.04765625 0.0390625
2 0.953125 0.26015625 0.059375 0.05
2 0.95703125 0.05546875 0.0234375 0.0421875