6 0.71875 0.6953125 0.09765625 0.03203125
2 0.7765625 0.6953125 0.0203125 0.03203125
2 0.5734375 0.75078125 0.11015625 0.175
6 0.71875 0.75859375 0.09765625 0.03203125
2 0.7765625 0.75859375 0.0203125 0.03203125
2 0.221875 0.0765625 0.01640625 0.0578125
2 0.7796875 0.07734375 0.01875 0.0546875
2 0.6984375 0.8078125 0.0578125 0.0296875
2 0.48125 0.91171875 0.01015625 0.01953125
2 0.49375 0.91171875 0.01015625 0.01953125
2 0.50625 0.91171875 0.01015625 0.01953125
2 0.51875 0.91171875 0.01015625 0.01953125
2 0.284375 0.09609375 0.11796875 0.1921875
2 0.5671875 0.096875 0.14375 0.19296875
2 0.7171875 0.096875 0.140625 0.19375
2 0.42109375 0.09921875 0.1234375 0.1984375