2 0.1453125 0.13359375 0.25234375 0.13125
2 0.13203125 0.02265625 0.0390625 0.04296875
2 0.17265625 0.02265625 0.0390625 0.04296875
2 0.2140625 0.02265625 0.0390625 0.04296875
2 0.6203125 0.02265625 0.065625 0.04296875
2 0.69609375 0.02265625 0.0828125 0.04296875
2 0.7703125 0.02265625 0.06328125 0.04296875
2 0.8375 0.02265625 0.06953125 0.04296875
2 0.090625 0.02265625 0.03984375 0.04296875
2 0.9265625 0.02265625 0.10625 0.04296875
2 0.0453125 0.02421875 0.05078125 0.04296875
6 0.8109375 0.2625 0.215625 0.0328125
2 0.94296875 0.26328125 0.03046875 0.03046875
2 0.20390625 0.265625 0.15 0.046875
2 0.30625 0.265625 0.05 0.046875
2 0.36796875 0.265625 0.0703125 0.046875
2 0.471875 0.265625 0.1328125 0.046875
2 0.08359375 0.265625 0.08671875 0.046875
2 0.80703125 0.41015625 0.25859375 0.16171875
2 0.5609375 0.4703125 0.16875 0.32578125
2 0.371875 0.47421875 0.1609375 0.33125
2 0.18125 0.47734375 0.1515625 0.3328125
2 0.1921875 0.9921875 0.29609375 0.015625
2 0.4875 0.9921875 0.29609375 0.015625