2 0.04453125 0.02421875 0.05078125 0.04296875
2 0.08984375 0.02265625 0.040625 0.04296875
2 0.13203125 0.02265625 0.03828125 0.04296875
2 0.1734375 0.02265625 0.03828125 0.04296875
2 0.2140625 0.02265625 0.03828125 0.04296875
2 0.6203125 0.02265625 0.06484375 0.04296875
2 0.69609375 0.02265625 0.084375 0.04296875
2 0.7703125 0.02265625 0.06484375 0.04296875
2 0.8375 0.02265625 0.06953125 0.04296875
2 0.9265625 0.02265625 0.1078125 0.04296875
2 0.0828125 0.265625 0.08671875 0.0484375
2 0.2046875 0.265625 0.14921875 0.0484375
2 0.30625 0.265625 0.0484375 0.0484375
2 0.36796875 0.265625 0.06953125 0.0484375
2 0.47109375 0.265625 0.13203125 0.0484375
2 0.9390625 0.26171875 0.021875 0.0265625
6 0.8109375 0.26171875 0.21640625 0.03359375
2 0.8078125 0.41015625 0.259375 0.1609375
2 0.8078125 0.525 0.259375 0.02890625
2 0.8078125 0.553125 0.259375 0.02890625
2 0.1921875 0.99140625 0.2984375 0.0140625
2 0.48828125 0.99140625 0.2984375 0.0140625