2 0.04296875 0.09609375 0.0578125 0.021875
2 0.17421875 0.0875 0.05546875 0.04296875
2 0.234375 0.0875 0.040625 0.04296875
2 0.29296875 0.0875 0.05078125 0.04296875
2 0.37734375 0.0875 0.09140625 0.04296875
2 0.46171875 0.0875 0.05546875 0.04296875
2 0.18515625 0.1421875 0.0796875 0.04296875
2 0.28125 0.1421875 0.0890625 0.04296875
2 0.3640625 0.1421875 0.053125 0.04296875
2 0.43984375 0.1421875 0.071875 0.04296875
2 0.1828125 0.196875 0.071875 0.04296875
2 0.2671875 0.196875 0.06953125 0.04296875
2 0.6296875 0.23046875 0.2328125 0.0890625
2 0.046875 0.05390625 0.05546875 0.0578125
2 0.0984375 0.35546875 0.06015625 0.0796875
2 0.1625 0.35546875 0.0671875 0.0796875
2 0.24765625 0.35546875 0.103125 0.0796875
2 0.89453125 0.35546875 0.084375 0.0796875
6 0.10234375 0.4640625 0.18515625 0.0453125
6 0.10234375 0.52890625 0.17578125 0.053125
2 0.1390625 0.58984375 0.0359375 0.0171875
2 0.23671875 0.4203125 0.0625 0.053125
2 0.3078125 0.88203125 0.2046875 0.053125
2 0.6296875 0.4203125 0.05546875 0.053125