2 0.1859375 0.1421875 0.078125 0.04140625
2 0.28125 0.1421875 0.0875 0.04140625
2 0.3640625 0.1421875 0.053125 0.04140625
2 0.4390625 0.1421875 0.071875 0.04140625
2 0.1828125 0.196875 0.071875 0.04140625
2 0.26640625 0.196875 0.0703125 0.04140625
2 0.6296875 0.23046875 0.2328125 0.08828125
2 0.0984375 0.35546875 0.0609375 0.078125
2 0.1625 0.35546875 0.0671875 0.078125
2 0.24765625 0.35546875 0.10234375 0.078125
2 0.89453125 0.35546875 0.084375 0.078125
2 0.9625 0.35546875 0.0390625 0.078125
2 0.2359375 0.4203125 0.0625 0.05234375
2 0.63046875 0.4203125 0.05546875 0.05234375
6 0.10234375 0.46328125 0.184375 0.04453125
6 0.10234375 0.52890625 0.175 0.05234375
2 0.046875 0.05390625 0.0546875 0.05625
2 0.1390625 0.590625 0.0359375 0.0171875
6 0.0640625 0.59140625 0.10859375 0.02734375
2 0.17421875 0.0875 0.05546875 0.04140625
2 0.23515625 0.0875 0.03984375 0.04140625
2 0.29375 0.0875 0.0515625 0.04140625
2 0.3765625 0.0875 0.08984375 0.04140625
2 0.46171875 0.0875 0.0546875 0.04140625
2 0.3078125 0.88203125 0.2046875 0.053125
2 0.04296875 0.0953125 0.05625 0.021875