2 0.3625 0.33359375 0.096875 0.2421875
2 0.45859375 0.334375 0.0828125 0.2421875
2 0.596875 0.334375 0.18046875 0.2421875
2 0.5109375 0.0453125 0.05546875 0.04765625
2 0.5625 0.0453125 0.04765625 0.04765625
2 0.60703125 0.0453125 0.04140625 0.04765625
2 0.65390625 0.0453125 0.053125 0.04765625
2 0.69921875 0.0453125 0.03671875 0.04765625
2 0.321875 0.05078125 0.103125 0.0984375
2 0.43671875 0.053125 0.0890625 0.10625
2 0.39375 0.61640625 0.0703125 0.1265625
6 0.56796875 0.76796875 0.1265625 0.028125