2 0.84453125 0.18125 0.0734375 0.02890625
2 0.1984375 0.18203125 0.1 0.02890625
2 0.340625 0.18203125 0.0859375 0.02890625
2 0.46015625 0.18203125 0.0515625 0.02890625
2 0.58359375 0.18203125 0.09453125 0.02890625
2 0.06953125 0.18203125 0.05859375 0.02890625
2 0.71875 0.18203125 0.0765625 0.02890625
2 0.0984375 0.5796875 0.04609375 0.053125
2 0.14296875 0.5796875 0.04609375 0.053125
2 0.18828125 0.5796875 0.04609375 0.053125
2 0.2328125 0.5796875 0.0453125 0.053125
2 0.05390625 0.5796875 0.0453125 0.053125
2 0.27890625 0.584375 0.0203125 0.02734375
2 0.2203125 0.1 0.378125 0.125
6 0.8578125 0.10859375 0.22265625 0.0328125
2 0.95625 0.11015625 0.015625 0.021875
2 0.82734375 0.41171875 0.2796875 0.3890625
2 0.75390625 0.8265625 0.43046875 0.32578125