2 0.38359375 0.0140625 0.12265625 0.0171875
2 0.2203125 0.1 0.37734375 0.125
6 0.85703125 0.1078125 0.2234375 0.03359375
6 0.95546875 0.1109375 0.0171875 0.021875
2 0.06953125 0.1828125 0.06015625 0.02890625
2 0.1984375 0.1828125 0.0984375 0.02890625
2 0.34140625 0.1828125 0.08671875 0.02890625
2 0.46015625 0.1828125 0.053125 0.02890625
2 0.5828125 0.1828125 0.09609375 0.02890625
2 0.71875 0.1828125 0.0765625 0.02890625
2 0.84375 0.18125 0.07421875 0.02890625
2 0.05390625 0.58046875 0.0453125 0.053125
2 0.0984375 0.58046875 0.0453125 0.053125
2 0.14296875 0.58046875 0.0453125 0.053125
2 0.1875 0.58046875 0.0453125 0.053125
2 0.23203125 0.58046875 0.0453125 0.053125
2 0.27890625 0.584375 0.021875 0.02890625