2 0.7609375 0.2234375 0.11796875 0.02265625
2 0.8140625 0.27421875 0.05390625 0.01796875
2 0.7453125 0.27421875 0.0859375 0.01796875
2 0.84609375 0.29921875 0.090625 0.01796875
2 0.7515625 0.29921875 0.0984375 0.01796875
2 0.7203125 0.3234375 0.03515625 0.01796875
2 0.75078125 0.3234375 0.025 0.01796875
2 0.796875 0.03515625 0.20234375 0.06953125
2 0.7078125 0.74296875 0.0203125 0.03671875
2 0.7296875 0.74296875 0.0203125 0.03671875
2 0.753125 0.74296875 0.0203125 0.03671875
2 0.77578125 0.74296875 0.0203125 0.03671875
6 0.796875 0.93828125 0.20234375 0.03671875