2 0.88203125 0.05859375 0.11796875 0.0484375
2 0.5 0.16015625 0.17578125 0.02890625
2 0.046875 0.16015625 0.0484375 0.05546875
2 0.88828125 0.16015625 0.06484375 0.02890625
2 0.9578125 0.16015625 0.03828125 0.02890625
2 0.14765625 0.24375 0.02890625 0.03125
2 0.2609375 0.24375 0.14921875 0.03125
2 0.41015625 0.24375 0.103125 0.03125
2 0.5 0.24375 0.03125 0.03125
2 0.5828125 0.24375 0.09140625 0.03125
2 0.6765625 0.24375 0.05078125 0.03125
2 0.74765625 0.24375 0.04296875 0.03125
2 0.8296875 0.24375 0.07421875 0.03125
2 0.2859375 0.67890625 0.45703125 0.5578125
2 0.1203125 0.9890625 0.125 0.01953125
2 0.44453125 0.9890625 0.040625 0.01953125
2 0.4953125 0.9890625 0.040625 0.01953125
2 0.646875 0.459375 0.14921875 0.11796875
2 0.73203125 0.50234375 0.0265625 0.03359375
2 0.76328125 0.50234375 0.0265625 0.03359375
2 0.79296875 0.50234375 0.0265625 0.03359375
2 0.646875 0.609375 0.14921875 0.11796875
2 0.73203125 0.6515625 0.0265625 0.03359375
2 0.76328125 0.6515625 0.0265625 0.03359375
2 0.79296875 0.6515625 0.0265625 0.03359375
2 0.646875 0.759375 0.14921875 0.11796875
2 0.73203125 0.8015625 0.0265625 0.03359375
2 0.76328125 0.8015625 0.0265625 0.03359375
2 0.79296875 0.8015625 0.0265625 0.03359375