2 0.7296875 0.1921875 0.140625 0.2109375
2 0.2453125 0.20234375 0.08359375 0.07578125
2 0.33515625 0.20234375 0.08359375 0.07578125
2 0.42421875 0.20234375 0.08359375 0.07578125
2 0.51328125 0.20234375 0.08359375 0.07578125
2 0.603125 0.20234375 0.08359375 0.07578125
2 0.3921875 0.2640625 0.01015625 0.01796875
2 0.2171875 0.31328125 0.00859375 0.0140625
2 0.271875 0.31328125 0.00859375 0.0140625
2 0.328125 0.31328125 0.00859375 0.0140625
2 0.384375 0.31328125 0.00859375 0.0140625
2 0.44375 0.31328125 0.00859375 0.0140625
2 0.45390625 0.31328125 0.046875 0.02421875
2 0.496875 0.31328125 0.00859375 0.0140625
2 0.51015625 0.31328125 0.046875 0.02421875
2 0.55234375 0.31328125 0.00859375 0.0140625
2 0.5734375 0.31328125 0.06015625 0.02421875
2 0.621875 0.31328125 0.00859375 0.0140625
2 0.7921875 0.32734375 0.00859375 0.015625
2 0.2671875 0.4046875 0.12578125 0.11953125
2 0.3546875 0.4375 0.03203125 0.0578125
2 0.4953125 0.4375 0.03203125 0.0578125
6 0.77734375 0.46875 0.03671875 0.0109375
2 0.6734375 0.49453125 0.02734375 0.01796875
2 0.7015625 0.49453125 0.015625 0.01796875
2 0.73125 0.49453125 0.028125 0.01796875
2 0.66484375 0.51953125 0.0109375 0.01953125
2 0.66484375 0.54375 0.0109375 0.01953125
2 0.2671875 0.54609375 0.12578125 0.11953125
2 0.66484375 0.575 0.0109375 0.01953125
2 0.3546875 0.57890625 0.03203125 0.0578125
2 0.4953125 0.57890625 0.03203125 0.0578125
2 0.66484375 0.59921875 0.0109375 0.01953125
2 0.66484375 0.63046875 0.0109375 0.01953125
2 0.6390625 0.63671875 0.009375 0.0171875
2 0.66484375 0.6546875 0.0109375 0.01953125
2 0.2671875 0.6875 0.12578125 0.11953125
2 0.3546875 0.7203125 0.03203125 0.0578125
2 0.4953125 0.7203125 0.03203125 0.0578125
6 0.7765625 0.7234375 0.0390625 0.0140625
2 0.33515625 0.07734375 0.2625 0.1546875
2 0.6390625 0.778125 0.009375 0.0171875
2 0.2671875 0.82890625 0.12578125 0.11953125
2 0.3546875 0.86171875 0.03203125 0.0578125
2 0.4953125 0.86171875 0.03203125 0.0578125
2 0.6390625 0.91875 0.009375 0.0171875