2 0.5828125 0.24140625 0.05859375 0.05390625
2 0.6328125 0.24140625 0.03828125 0.05234375
2 0.68046875 0.2421875 0.0578125 0.0546875
2 0.41875 0.24296875 0.05703125 0.04375
2 0.47421875 0.24375 0.04921875 0.05234375
2 0.5265625 0.24375 0.05078125 0.0484375
2 0.3625 0.2453125 0.053125 0.0453125
2 0.31640625 0.246875 0.03671875 0.0453125
2 0.4046875 0.328125 0.00859375 0.0234375
6 0.66640625 0.47890625 0.109375 0.03828125
6 0.66640625 0.55390625 0.109375 0.03828125
6 0.62265625 0.6421875 0.01171875 0.03125
2 0.665625 0.759375 0.103125 0.03828125