2 0.5 0.36484375 1 0.4328125
2 0.33203125 0.50546875 0.15703125 0.04765625
2 0.5 0.50546875 0.15703125 0.04765625
2 0.66796875 0.50546875 0.15703125 0.04765625
2 0.11875 0.06015625 0.20546875 0.053125
2 0.01171875 0.68515625 0.0234375 0.1203125
2 0.28515625 0.76171875 0.07890625 0.1421875
2 0.3921875 0.76171875 0.07890625 0.1421875
2 0.5 0.7625 0.07890625 0.1421875
6 0.93203125 0.084375 0.1140625 0.03125
2 0.225 0.12578125 0.04453125 0.0453125
2 0.30859375 0.12578125 0.12265625 0.0453125
2 0.4171875 0.12578125 0.096875 0.0453125
2 0.50703125 0.12578125 0.08359375 0.0453125
2 0.5765625 0.12578125 0.05703125 0.0453125
2 0.64140625 0.12578125 0.07421875 0.0453125