2 0.8046875 0.18984375 0.0984375 0.04609375
2 0.29453125 0.18984375 0.0984375 0.04609375
2 0.396875 0.18984375 0.0984375 0.04609375
2 0.4984375 0.18984375 0.0984375 0.04609375
2 0.6015625 0.18984375 0.0984375 0.04609375
2 0.703125 0.18984375 0.0984375 0.04609375
2 0.29296875 0.02890625 0.0953125 0.0578125
2 0.2625 0.4953125 0.0203125 0.03359375
2 0.7453125 0.50078125 0.1140625 0.0734375
2 0.2625 0.52890625 0.0203125 0.03359375
2 0.2625 0.5625 0.0203125 0.03359375
2 0.2625 0.59609375 0.0203125 0.03359375
2 0.2625 0.63046875 0.0203125 0.03359375
2 0.2625 0.66484375 0.0203125 0.03359375
2 0.2625 0.6984375 0.0203125 0.03359375
2 0.2625 0.73203125 0.0203125 0.03359375
2 0.8453125 0.11171875 0.015625 0.02421875
6 0.784375 0.11484375 0.13984375 0.0296875