2 0.6359375 0.2625 0.1453125 0.0453125
2 0.85078125 0.34609375 0.1421875 0.04921875
2 0.58359375 0.4234375 0.1421875 0.0453125
2 0.06171875 0.0484375 0.11640625 0.059375
2 0.5125 0.04921875 0.08515625 0.078125
2 0.60234375 0.04921875 0.0953125 0.078125
2 0.68203125 0.04921875 0.06328125 0.078125
2 0.7453125 0.04921875 0.0625 0.078125
2 0.8140625 0.04921875 0.075 0.078125
2 0.92109375 0.04921875 0.1265625 0.06015625
2 0.72734375 0.52890625 0.14921875 0.03828125
6 0.23359375 0.565625 0.35 0.09296875
2 0.35390625 0.56640625 0.07421875 0.06015625
2 0.75546875 0.95625 0.01875 0.02578125