2 0.0515625 0.01953125 0.06484375 0.03828125
2 0.88359375 0.01953125 0.08671875 0.03828125
2 0.96015625 0.01953125 0.04296875 0.03828125
2 0.98046875 0.5046875 0.0359375 0.05078125
6 0.39765625 0.0875 0.396875 0.06015625
6 0.56953125 0.0875 0.04296875 0.0484375
2 0.7078125 0.09140625 0.0484375 0.06015625
2 0.7765625 0.09140625 0.03359375 0.06015625
2 0.9015625 0.08984375 0.1609375 0.06015625
2 0.9015625 0.13828125 0.1609375 0.0359375
2 0.06875 0.19921875 0.11328125 0.06953125
2 0.2046875 0.19921875 0.1515625 0.06953125
2 0.3796875 0.19921875 0.1921875 0.06953125
2 0.5625 0.19921875 0.16328125 0.06953125
2 0.671875 0.43515625 0.00234375 0.00234375
2 0.125 0.875 0.1390625 0.24765625
2 0.29765625 0.86015625 0.1390625 0.2796875
2 0.47109375 0.86796875 0.1390625 0.2640625
2 0.64296875 0.86796875 0.1390625 0.2640625
2 0.81640625 0.86015625 0.1390625 0.2796875
2 0.95859375 0.86015625 0.0796875 0.2796875