2 0.0515625 0.01953125 0.0640625 0.0390625
2 0.8203125 0.01953125 0.0375 0.03515625
2 0.89375 0.01953125 0.0796875 0.0390625
2 0.96640625 0.01953125 0.0421875 0.0390625
2 0.20390625 0.2 0.15234375 0.06875
2 0.38046875 0.2 0.1921875 0.06875
2 0.56171875 0.2 0.16328125 0.06875
2 0.06875 0.2 0.1109375 0.06875
2 0.83671875 0.3328125 0.3265625 0.1953125
2 0.33359375 0.4328125 0.665625 0.39609375
2 0.67109375 0.4359375 0.00078125 0.0015625
2 0.121875 0.5234375 0.11328125 0.0390625
2 0.83515625 0.53203125 0.3296875 0.1921875
2 0.98125 0.54375 0.0375 0.12734375
2 0.09609375 0.0859375 0.18125 0.06796875
2 0.296875 0.86015625 0.1375 0.2796875
2 0.815625 0.86015625 0.1375 0.2796875
2 0.93125 0.86015625 0.021875 0.2796875
2 0.4703125 0.86796875 0.1375 0.2640625
2 0.64296875 0.86796875 0.1375 0.2640625
6 0.39765625 0.0875 0.3953125 0.05859375
2 0.56953125 0.0875 0.0453125 0.0484375
2 0.125 0.87578125 0.13671875 0.2484375
2 0.90078125 0.090625 0.1609375 0.05859375
2 0.7078125 0.09140625 0.04765625 0.06015625
2 0.77578125 0.09140625 0.03203125 0.06015625
2 0.971875 0.959375 0.03828125 0.071875