2 0.68828125 0.04375 0.03125 0.025
2 0.5 0.090625 0.12734375 0.07421875
2 0.7140625 0.0421875 0.00625 0.0109375
2 0.7703125 0.10703125 0.00625 0.0109375
2 0.68515625 0.1078125 0.0078125 0.01015625
2 0.6015625 0.1078125 0.0078125 0.01015625
2 0.26953125 0.87578125 0.0078125 0.0125
2 0.37578125 0.87578125 0.0078125 0.0125
2 0.48125 0.87578125 0.0078125 0.0125
2 0.5875 0.87578125 0.0078125 0.0125
2 0.69375 0.87578125 0.0078125 0.0125
2 0.8 0.87578125 0.0078125 0.0125
6 0.7671875 0.0421875 0.09453125 0.02265625