2 0.303125 0.09453125 0.009375 0.0171875
2 0.3109375 0.09453125 0.009375 0.0171875
2 0.3203125 0.09453125 0.009375 0.0171875
2 0.3296875 0.09453125 0.009375 0.0171875
2 0.33828125 0.09453125 0.009375 0.0171875
2 0.3046875 0.72578125 0.009375 0.0171875
2 0.31328125 0.72578125 0.009375 0.0171875
2 0.321875 0.72578125 0.009375 0.0171875
2 0.33125 0.72578125 0.009375 0.0171875
2 0.33984375 0.72578125 0.009375 0.0171875
2 0.2875 0.09296875 0.00859375 0.01015625
2 0.2 0.28125 0.07421875 0.17890625
2 0.28984375 0.72421875 0.00859375 0.01015625
6 0.20703125 0.90234375 0.103125 0.01953125
6 0.20703125 0.95078125 0.103125 0.01953125