2 0.1046875 0.0765625 0.165625 0.021875
6 0.6828125 0.05859375 0.146875 0.03125
6 0.8421875 0.05859375 0.146875 0.03125
6 0.9546875 0.06015625 0.03359375 0.02421875
6 0.6828125 0.27734375 0.18984375 0.05078125
6 0.88359375 0.27734375 0.18984375 0.05078125
6 0.78359375 0.34140625 0.3921875 0.05078125
6 0.78359375 0.4046875 0.3921875 0.05078125
6 0.62265625 0.5109375 0.06953125 0.03828125
6 0.6828125 0.5109375 0.05546875 0.03828125
6 0.740625 0.5109375 0.06015625 0.03828125
2 0.7875 0.51171875 0.0171875 0.0265625
6 0.603125 0.59609375 0.01171875 0.0171875
6 0.7046875 0.59609375 0.01171875 0.0171875
6 0.77890625 0.59609375 0.0140625 0.0171875
2 0.8796875 0.6 0.0171875 0.0265625
2 0.6828125 0.7390625 0.18984375 0.053125
2 0.7140625 0.96484375 0.03125 0.0265625