6 0.6828125 0.278125 0.190625 0.05078125
6 0.88359375 0.278125 0.190625 0.05078125
6 0.7828125 0.3421875 0.390625 0.05078125
6 0.7828125 0.40546875 0.390625 0.05078125
6 0.621875 0.51015625 0.06875 0.0390625
6 0.6828125 0.51015625 0.05546875 0.0390625
6 0.740625 0.51015625 0.0609375 0.0390625
2 0.7875 0.51171875 0.01640625 0.02578125
2 0.1046875 0.05859375 0.165625 0.05703125
6 0.6828125 0.059375 0.146875 0.0296875
6 0.84296875 0.059375 0.146875 0.0296875
6 0.72578125 0.59765625 0.0578125 0.021875
2 0.95390625 0.06015625 0.04921875 0.0328125
6 0.63515625 0.59921875 0.07734375 0.02421875
6 0.81171875 0.59921875 0.07890625 0.02421875
2 0.8796875 0.6 0.01640625 0.02578125
2 0.6828125 0.73984375 0.190625 0.05234375
2 0.71328125 0.96484375 0.03046875 0.02578125