2 0.071875 0.14453125 0.03125 0.05625
2 0.159375 0.215625 0.1421875 0.0453125
2 0.3015625 0.215625 0.1421875 0.0453125
2 0.44375 0.215625 0.1421875 0.0453125
2 0.5875 0.215625 0.1421875 0.0453125
2 0.0609375 0.215625 0.01015625 0.01796875
2 0.7296875 0.215625 0.1421875 0.0453125
2 0.86328125 0.21640625 0.12734375 0.04453125
2 0.140625 0.02265625 0.04453125 0.0296875
2 0.2 0.02265625 0.0671875 0.0296875
2 0.0625 0.02265625 0.01328125 0.02421875
2 0.0796875 0.52109375 0.046875 0.04921875
2 0.93359375 0.07109375 0.0203125 0.03359375
6 0.86796875 0.07109375 0.11171875 0.03203125
2 0.80625 0.70625 0.0515625 0.03203125
2 0.8640625 0.70625 0.0421875 0.03203125
2 0.91875 0.70625 0.04921875 0.02421875
2 0.071875 0.70625 0.03125 0.05625
2 0.7578125 0.0734375 0.05234375 0.0359375