2 0.3875 0.14296875 0.0921875 0.0484375
2 0.26953125 0.146875 0.134375 0.05625
2 0.4703125 0.146875 0.06953125 0.05625
2 0.553125 0.146875 0.09765625 0.05625
2 0.675 0.146875 0.00859375 0.015625
2 0.73828125 0.146875 0.00859375 0.015625
2 0.8 0.4390625 0.01484375 0.084375
2 0.2 0.4390625 0.01484375 0.084375
2 0.75625 0.04921875 0.00859375 0.015625
6 0.70859375 0.05078125 0.1125 0.025
2 0.678125 0.66015625 0.00625 0.0109375
2 0.6890625 0.66015625 0.00625 0.0109375
2 0.70078125 0.66015625 0.00625 0.0109375
2 0.71171875 0.66015625 0.00625 0.0109375
2 0.7234375 0.66015625 0.00625 0.0109375
2 0.734375 0.66015625 0.00625 0.0109375
2 0.7453125 0.66015625 0.00625 0.0109375
2 0.75703125 0.66015625 0.00625 0.0109375
2 0.6609375 0.6609375 0.0078125 0.0140625
2 0.36640625 0.071875 0.3046875 0.05078125