2 0.01328125 0.02421875 0.021875 0.0140625
2 0.01328125 0.26875 0.021875 0.0140625
2 0.01328125 0.31328125 0.021875 0.0140625
2 0.01328125 0.35859375 0.021875 0.0140625
2 0.01328125 0.40390625 0.021875 0.0140625
2 0.01328125 0.4484375 0.021875 0.0140625
2 0.01328125 0.49375 0.021875 0.0140625
2 0.01328125 0.5390625 0.021875 0.0140625
2 0.01328125 0.58359375 0.021875 0.0140625
2 0.01328125 0.62890625 0.021875 0.0140625
2 0.01328125 0.6734375 0.021875 0.0140625
2 0.01328125 0.06875 0.021875 0.0140625
2 0.83515625 0.84453125 0.021875 0.025
2 0.8640625 0.84453125 0.02109375 0.025
2 0.8921875 0.84453125 0.02109375 0.025
2 0.83515625 0.87578125 0.021875 0.025
2 0.8640625 0.87578125 0.02109375 0.025
2 0.8921875 0.87578125 0.02109375 0.025
6 0.5953125 0.88984375 0.18359375 0.0265625
2 0.83515625 0.90703125 0.021875 0.0265625
2 0.8640625 0.90703125 0.02109375 0.0265625
2 0.8921875 0.90703125 0.02109375 0.0265625
2 0.01328125 0.1140625 0.021875 0.0140625