2 0.02890625 0.040625 0.0578125 0.0765625
2 0.11875 0.03984375 0.0359375 0.0796875
2 0.15234375 0.03984375 0.0359375 0.0796875
2 0.1859375 0.03984375 0.0359375 0.0796875
2 0.5 0.03828125 0.10078125 0.05078125
2 0.60703125 0.03828125 0.03125 0.05078125
2 0.6390625 0.03828125 0.0265625 0.05078125
2 0.68125 0.03828125 0.03828125 0.05078125
2 0.73203125 0.03828125 0.04296875 0.05078125
2 0.78515625 0.03828125 0.04296875 0.05078125
2 0.8453125 0.03828125 0.0578125 0.05078125
2 0.9234375 0.03828125 0.02421875 0.05078125
2 0.9625 0.03828125 0.0359375 0.05078125