2 0.1109375 0.26953125 0.08671875 0.02421875
2 0.11171875 0.296875 0.0890625 0.0265625
2 0.11171875 0.32578125 0.0890625 0.0265625
2 0.17578125 0.353125 0.21640625 0.0265625
2 0.109375 0.38125 0.084375 0.0265625
2 0.10703125 0.40859375 0.08203125 0.0265625
2 0.146875 0.4375 0.15859375 0.0265625
2 0.134375 0.46640625 0.134375 0.0265625
2 0.115625 0.49375 0.09609375 0.0265625
6 0.58984375 0.14296875 0.16796875 0.021875
6 0.72578125 0.14296875 0.10078125 0.021875
2 0.54453125 0.5890625 0.07421875 0.03359375
2 0.74296875 0.5921875 0.0578125 0.02421875
2 0.5796875 0.61796875 0.14453125 0.03359375
2 0.74609375 0.61796875 0.06484375 0.03359375
2 0.5625 0.6453125 0.11328125 0.03359375
2 0.7671875 0.6453125 0.10546875 0.03359375
2 0.578125 0.6734375 0.14453125 0.03359375
2 0.75234375 0.6734375 0.0765625 0.03359375
2 0.540625 0.7015625 0.06953125 0.03359375
2 0.75234375 0.7015625 0.0765625 0.03359375
2 0.5359375 0.7296875 0.06015625 0.03359375
2 0.7609375 0.7296875 0.09375 0.03359375
2 0.52890625 0.75703125 0.04296875 0.03359375