2 0.75234375 0.87109375 0.1390625 0.05078125
2 0.89921875 0.87109375 0.1390625 0.05078125
2 0.9234375 0.03515625 0.10546875 0.0265625
2 0.6890625 0.03515625 0.0984375 0.0265625
2 0.2046875 0.10703125 0.353125 0.053125
2 0.1359375 0.2078125 0.06484375 0.01953125
2 0.23046875 0.2078125 0.08671875 0.01953125
2 0.3171875 0.2078125 0.05078125 0.01953125
2 0.38828125 0.2078125 0.05546875 0.01953125
2 0.44921875 0.2078125 0.02890625 0.01953125
2 0.51328125 0.2078125 0.0578125 0.01953125
2 0.59375 0.2078125 0.06484375 0.01953125
2 0.6625 0.2078125 0.03359375 0.01953125
2 0.7171875 0.2078125 0.03828125 0.01953125
2 0.7796875 0.2078125 0.0484375 0.01953125
2 0.8484375 0.2078125 0.05078125 0.01953125
2 0.91328125 0.2078125 0.040625 0.01953125
2 0.0640625 0.4390625 0.08671875 0.0265625
2 0.3015625 0.4390625 0.08671875 0.0265625
2 0.5609375 0.4390625 0.08671875 0.0265625
2 0.6875 0.396875 0.14921875 0.0984375
2 0.8234375 0.4390625 0.08671875 0.0265625
2 0.93359375 0.396875 0.115625 0.0984375