2 0.7875 0.17265625 0.02109375 0.0375
2 0.7875 0.23828125 0.01796875 0.0328125
2 0.78984375 0.278125 0.0203125 0.0390625
2 0.215625 0.30703125 0.034375 0.02421875
2 0.65 0.3125 0.04453125 0.01015625
6 0.7125 0.44140625 0.13203125 0.03203125
2 0.4078125 0.515625 0.06171875 0.03828125
2 0.5 0.059375 0.02265625 0.05234375
2 0.725 0.6453125 0.15859375 0.06015625
2 0.725 0.70546875 0.15859375 0.059375
2 0.725 0.7640625 0.15859375 0.059375
2 0.725 0.8234375 0.15859375 0.059375
2 0.725 0.8828125 0.15859375 0.059375
2 0.4078125 0.88671875 0.06171875 0.03828125
2 0.7234375 0.94453125 0.16015625 0.059375