2 0.0328125 0.0296875 0.0375 0.059375
2 0.11171875 0.021875 0.115625 0.04296875
2 0.94609375 0.01953125 0.0796875 0.03828125
2 0.59765625 0.09609375 0.1421875 0.053125
6 0.7875 0.103125 0.2234375 0.0453125
2 0.0609375 0.15390625 0.09140625 0.03359375
2 0.16484375 0.15390625 0.11796875 0.03359375
2 0.3015625 0.15390625 0.15859375 0.03359375
2 0.46875 0.15390625 0.17578125 0.03359375
2 0.60078125 0.15390625 0.09375 0.03359375
2 0.0984375 0.37109375 0.10078125 0.02421875
2 0.25625 0.40234375 0.28828125 0.02421875
2 0.14453125 0.43359375 0.18984375 0.02421875
2 0.06953125 0.478125 0.08203125 0.02421875
2 0.31484375 0.478125 0.20703125 0.02421875
2 0.41484375 0.734375 0.103125 0.02421875