2 0.665625 0.27265625 0.06484375 0.04609375
2 0.690625 0.38828125 0.11484375 0.04609375
2 0.71171875 0.0296875 0.046875 0.03203125
2 0.2578125 0.0296875 0.12421875 0.03203125
2 0.78671875 0.0875 0.021875 0.0390625
2 0.2328125 0.5578125 0.02890625 0.06640625
2 0.3453125 0.5578125 0.03671875 0.06640625
2 0.459375 0.5578125 0.03125 0.06640625
2 0.2421875 0.7921875 0.0515625 0.09453125
6 0.61875 0.0296875 0.13671875 0.03203125
2 0.4015625 0.95703125 0.25 0.0859375
2 0.50859375 0.94609375 0.0140625 0.034375
2 0.29453125 0.94765625 0.021875 0.0328125