2 0.56875 0.01796875 0.05 0.03515625
2 0.628125 0.01875 0.040625 0.0375
2 0.70078125 0.01796875 0.065625 0.03515625
2 0.7796875 0.0171875 0.06640625 0.034375
2 0.2453125 0.15546875 0.09921875 0.03515625
2 0.346875 0.15546875 0.09921875 0.03515625
2 0.4484375 0.15546875 0.09921875 0.03515625
2 0.55 0.15546875 0.1 0.03515625
2 0.6515625 0.15546875 0.09921875 0.03515625
2 0.753125 0.15546875 0.09921875 0.03515625
2 0.7328125 0.26015625 0.15078125 0.0359375
2 0.240625 0.08125 0.10625 0.0734375
2 0.72109375 0.72890625 0.01328125 0.02421875
2 0.7515625 0.72890625 0.01328125 0.02421875
2 0.7828125 0.72890625 0.01328125 0.02421875
2 0.23984375 0.83203125 0.0890625 0.0546875
2 0.2 0.91484375 0.009375 0.0171875
2 0.2 0.940625 0.009375 0.0171875
2 0.2 0.96796875 0.009375 0.0171875
2 0.2 0.99375 0.009375 0.00703125
6 0.42421875 0.26015625 0.4625 0.03828125