2 0.2125 0.2125 0.03359375 0.025
2 0.2515625 0.2125 0.04296875 0.025
2 0.296875 0.2125 0.04453125 0.025
2 0.3421875 0.2125 0.04609375 0.025
2 0.3875 0.2125 0.0421875 0.025
2 0.43125 0.2125 0.0421875 0.025
2 0.46875 0.2125 0.03203125 0.025
2 0.5015625 0.21328125 0.03046875 0.025
2 0.540625 0.2125 0.04609375 0.025
2 0.5890625 0.21171875 0.0484375 0.025
2 0.6421875 0.2125 0.05546875 0.025
2 0.6859375 0.2125 0.0296875 0.025
2 0.7171875 0.2125 0.0296875 0.025
2 0.7546875 0.2125 0.04453125 0.025
2 0.7890625 0.13203125 0.03125 0.028125
2 0.50859375 0.36796875 0.35390625 0.08515625
6 0.71875 0.13203125 0.1109375 0.028125
2 0.31015625 0.040625 0.2328125 0.08125