2 0.921875 0.04296875 0.0453125 0.0234375
2 0.9640625 0.04296875 0.009375 0.0234375
2 0.0609375 0.04296875 0.07578125 0.053125
6 0.81171875 0.04375 0.1453125 0.028125
2 0.096875 0.49296875 0.13046875 0.04453125
2 0.46796875 0.6328125 0.01171875 0.015625
2 0.5 0.6328125 0.01171875 0.015625
2 0.53203125 0.6328125 0.01171875 0.015625
2 0.215625 0.8703125 0.021875 0.0359375
2 0.27265625 0.87109375 0.02578125 0.0390625
2 0.24609375 0.8734375 0.021875 0.0375
2 0.4265625 0.8734375 0.021875 0.0390625
2 0.45390625 0.8734375 0.02421875 0.0390625
2 0.3984375 0.875 0.025 0.0359375
2 0.4296875 0.94453125 0.0609375 0.06953125
2 0.35234375 0.94765625 0.05234375 0.07265625