2 0.1046875 0.04296875 0.1515625 0.053125
6 0.3953125 0.03359375 0.384375 0.0453125
6 0.6140625 0.03359375 0.053125 0.0484375
2 0.678125 0.03359375 0.053125 0.0484375
2 0.9640625 0.03359375 0.05078125 0.0484375
2 0.4078125 0.4421875 0.12734375 0.24765625
2 0.55078125 0.4359375 0.12734375 0.26171875
2 0.396875 0.8640625 0.10078125 0.1828125
2 0.56015625 0.8640625 0.10078125 0.20703125
2 0.72265625 0.8640625 0.10078125 0.18515625
2 0.8859375 0.8640625 0.10078125 0.20703125
2 0.1734375 0.18125 0.27890625 0.03125
2 0.1734375 0.2140625 0.27890625 0.03125
2 0.1734375 0.24609375 0.27890625 0.03125
2 0.1734375 0.27890625 0.27890625 0.03125
2 0.1734375 0.3109375 0.27890625 0.03125
2 0.1734375 0.34375 0.27890625 0.03125
2 0.1734375 0.3765625 0.27890625 0.03125
2 0.1734375 0.40859375 0.27890625 0.03125
2 0.1734375 0.44140625 0.27890625 0.03125
2 0.1734375 0.4734375 0.27890625 0.03125
2 0.1734375 0.50625 0.27890625 0.03125
2 0.1734375 0.53828125 0.27890625 0.03125
2 0.1734375 0.571875 0.27890625 0.03125
2 0.1734375 0.6046875 0.27890625 0.03125
2 0.1734375 0.63671875 0.27890625 0.03125
2 0.1734375 0.66953125 0.27890625 0.03125
2 0.1734375 0.7015625 0.27890625 0.03125
2 0.1734375 0.734375 0.27890625 0.03125
2 0.1734375 0.7671875 0.27890625 0.03125
2 0.1734375 0.79921875 0.27890625 0.03125
2 0.1734375 0.8421875 0.27890625 0.053125
2 0.1734375 0.8859375 0.27890625 0.03125
2 0.1734375 0.91796875 0.27890625 0.03125
2 0.1734375 0.95078125 0.27890625 0.03125
2 0.01796875 0.41328125 0.0359375 0.0453125
2 0.7796875 0.928125 0.10078125 0.02421875