2 0.08984375 0.84609375 0.08671875 0.040625
2 0.203125 0.9109375 0.3125 0.053125
2 0.975 0.03359375 0.0484375 0.0671875
2 0.5 0.03359375 0.22578125 0.04296875
2 0.08671875 0.09765625 0.1109375 0.06484375
6 0.25390625 0.0984375 0.1828125 0.040625
2 0.75234375 0.09765625 0.09140625 0.053125
2 0.8546875 0.09765625 0.0578125 0.02890625
2 0.93515625 0.09765625 0.0765625 0.06484375
2 0.5 0.37734375 0.146875 0.053125
2 0.921875 0.56015625 0.07421875 0.0265625
2 0.30078125 0.9828125 0.0453125 0.03125
2 0.6109375 0.9828125 0.04296875 0.03125
2 0.9203125 0.9828125 0.04296875 0.03125
2 0.4 0.953125 0.0984375 0.053125
2 0.49765625 0.953125 0.0984375 0.053125
2 0.59609375 0.953125 0.0984375 0.053125