2 0.97578125 0.0328125 0.0484375 0.06484375
2 0.5 0.03359375 0.225 0.04140625
2 0.5 0.37734375 0.146875 0.05234375
2 0.921875 0.56015625 0.07421875 0.02578125
2 0.4109375 0.73515625 0.04921875 0.03125
2 0.7015625 0.7359375 0.06328125 0.0328125
2 0.76171875 0.7359375 0.046875 0.03515625
2 0.46796875 0.73671875 0.05078125 0.03671875
2 0.81484375 0.7375 0.05 0.02890625
2 0.52734375 0.7375 0.05390625 0.03125
2 0.80625 0.8578125 0.2875 0.1921875
2 0.203125 0.91171875 0.3125 0.05234375
2 0.4984375 0.953125 0.09765625 0.05234375
2 0.5953125 0.953125 0.09765625 0.05234375
2 0.4203125 0.95390625 0.05859375 0.05390625
2 0.7515625 0.09765625 0.0921875 0.05234375
2 0.08671875 0.09765625 0.11015625 0.06484375
2 0.93515625 0.09765625 0.07734375 0.06484375
2 0.8515625 0.09765625 0.078125 0.046875
6 0.253125 0.0984375 0.1828125 0.040625
2 0.36171875 0.09921875 0.02109375 0.03046875
2 0.61015625 0.98359375 0.04296875 0.0328125
2 0.9203125 0.98359375 0.04296875 0.0328125
2 0.72109375 0.98828125 0.09921875 0.0234375