2 0.10078125 0.0140625 0.084375 0.021875
2 0.18515625 0.0140625 0.06953125 0.021875
2 0.2546875 0.0140625 0.0578125 0.021875
2 0.015625 0.053125 0.02890625 0.040625
2 0.2296875 0.053125 0.3796875 0.01953125
2 0.7859375 0.1359375 0.42578125 0.01953125
2 0.7859375 0.1734375 0.42578125 0.01953125
2 0.7859375 0.209375 0.42578125 0.01953125
2 0.7859375 0.2515625 0.42578125 0.03828125
2 0.7859375 0.2921875 0.42578125 0.01953125
6 0.58984375 0.3953125 0.6734375 0.02890625
6 0.9484375 0.396875 0.03828125 0.053125
6 0.32109375 0.4484375 0.0140625 0.01953125
6 0.41015625 0.4484375 0.0140625 0.01953125
6 0.4015625 0.80859375 0.11796875 0.0265625
6 0.4953125 0.80859375 0.06484375 0.02890625