2 0.275 0.21640625 0.034375 0.05546875
2 0.309375 0.21640625 0.03515625 0.05546875
2 0.34765625 0.21640625 0.04140625 0.05546875
2 0.39375 0.21640625 0.04921875 0.05546875
2 0.4375 0.21640625 0.0375 0.05546875
2 0.4828125 0.21640625 0.05234375 0.05546875
2 0.534375 0.21640625 0.0515625 0.05546875
2 0.584375 0.21640625 0.04765625 0.05546875
2 0.628125 0.21640625 0.040625 0.05546875
2 0.62265625 0.28515625 0.0578125 0.040625
2 0.9890625 0.3453125 0.01953125 0.04609375
2 0.990625 0.38984375 0.01875 0.04296875
2 0.98984375 0.43046875 0.01953125 0.0390625
2 0.98984375 0.471875 0.01953125 0.04140625
2 0.98984375 0.5140625 0.0203125 0.04453125
2 0.70390625 0.63671875 0.0359375 0.03671875
6 0.63203125 0.6375 0.0984375 0.03515625
6 0.528125 0.63828125 0.09765625 0.03671875
2 0.29375 0.80703125 0.040625 0.09609375
2 0.4484375 0.80703125 0.040625 0.09609375
2 0.603125 0.80703125 0.040625 0.09609375
2 0.29375 0.80859375 0.046875 0.10625
2 0.4484375 0.80625 0.0484375 0.10703125
2 0.603125 0.8078125 0.04765625 0.11015625
2 0.3609375 0.08203125 0.20625 0.06640625