2 0.90078125 0.2796875 0.14140625 0.021875
6 0.603125 0.28984375 0.05078125 0.01796875
2 0.64609375 0.290625 0.03046875 0.01953125
6 0.1375 0.30078125 0.07421875 0.01953125
2 0.1921875 0.3015625 0.02890625 0.01953125
2 0.0640625 0.303125 0.06015625 0.0453125
6 0.5828125 0.31796875 0.00703125 0.015625
2 0.90078125 0.46875 0.14140625 0.02265625
2 0.9 0.49375 0.14140625 0.02265625
2 0.9 0.5890625 0.14140625 0.0234375
2 0.3328125 0.63671875 0.140625 0.0234375
2 0.90078125 0.67578125 0.140625 0.0234375
2 0.47421875 0.675 0.1421875 0.0265625
2 0.0953125 0.6375 0.140625 0.02421875
2 0.09609375 0.67421875 0.14140625 0.025
2 0.47421875 0.63671875 0.140625 0.025
2 0.61640625 0.6375 0.140625 0.02421875
2 0.75859375 0.63671875 0.140625 0.025
2 0.90078125 0.63671875 0.14140625 0.0234375
2 0.90078125 0.42109375 0.140625 0.02265625
2 0.9 0.4453125 0.140625 0.02265625
2 0.9 0.51640625 0.1421875 0.02109375
2 0.9 0.540625 0.14140625 0.02421875
2 0.9 0.56484375 0.1421875 0.02421875
2 0.9 0.61328125 0.14140625 0.0203125
2 0.825 0.615625 0.0078125 0.0140625
2 0.825 0.3375 0.00625 0.20703125
2 0.825 0.2265625 0.00703125 0.0125
2 0.90078125 0.23125 0.140625 0.0234375
2 0.9 0.25625 0.140625 0.0234375
2 0.07265625 0.20859375 0.09375 0.02109375
2 0.07265625 0.1859375 0.09375 0.02109375
2 0.07265625 0.1625 0.09296875 0.01953125
2 0.9234375 0.0203125 0.096875 0.0328125
2 0.5 0.30625 0.078125 0.053125