2 0.1734375 0.18125 0.0234375 0.0328125
2 0.8265625 0.18125 0.0234375 0.0328125
2 0.7546875 0.19296875 0.11640625 0.17421875
2 0.3734375 0.19375 0.115625 0.175
2 0.6265625 0.19375 0.11640625 0.17109375
2 0.246875 0.19375 0.11640625 0.171875
2 0.5 0.19375 0.11796875 0.171875
2 0.284375 0.021875 0.0734375 0.04375
2 0.44609375 0.02265625 0.06328125 0.0390625
2 0.53203125 0.021875 0.0890625 0.04375
2 0.36796875 0.0234375 0.0734375 0.04453125
2 0.19375 0.0234375 0.07109375 0.046875
6 0.91640625 0.02421875 0.14375 0.03125
2 0.78984375 0.34375 0.04296875 0.05703125
6 0.478125 0.346875 0.5828125 0.06015625
2 0.49765625 0.4109375 0.08515625 0.0484375
2 0.40546875 0.4125 0.07734375 0.0484375
2 0.5921875 0.4125 0.0828125 0.0484375
6 0.50625 0.46484375 0.17109375 0.02578125