2 0.3078125 0.4421875 0.17734375 0.31953125
2 0.5 0.4421875 0.17734375 0.31953125
2 0.76953125 0.475 0.05703125 0.05
6 0.68828125 0.475 0.1046875 0.0515625
2 0.625 0.62421875 0.040625 0.05703125
2 0.6703125 0.62421875 0.04140625 0.05546875
2 0.715625 0.625 0.04140625 0.05546875
2 0.7609375 0.62421875 0.03984375 0.05625
2 0.94765625 0.06875 0.04765625 0.03671875
2 0.146875 0.0671875 0.221875 0.0953125
2 0.79375 0.06796875 0.08359375 0.0359375
2 0.8546875 0.06796875 0.0375 0.03671875
2 0.8984375 0.06875 0.05078125 0.03671875
2 0.53359375 0.06796875 0.04296875 0.034375
2 0.603125 0.06796875 0.096875 0.03671875
2 0.70234375 0.06875 0.1 0.0359375
2 0.625 0.6890625 0.040625 0.05625
2 0.6703125 0.6875 0.040625 0.05625
2 0.715625 0.68828125 0.040625 0.05546875
2 0.7609375 0.68828125 0.03984375 0.05546875
2 0.625 0.7515625 0.04140625 0.05546875
2 0.6703125 0.7515625 0.04140625 0.05546875
2 0.715625 0.7515625 0.040625 0.05546875
2 0.7609375 0.75234375 0.040625 0.05546875
2 0.3078125 0.7890625 0.17734375 0.31796875
2 0.5 0.790625 0.17734375 0.31796875
2 0.625 0.8140625 0.04140625 0.05625
2 0.6703125 0.81484375 0.040625 0.05625
2 0.715625 0.815625 0.040625 0.05546875
2 0.7609375 0.8140625 0.03984375 0.05703125
2 0.625 0.87890625 0.040625 0.05546875
2 0.6703125 0.87890625 0.040625 0.05546875
2 0.715625 0.87890625 0.040625 0.05390625
2 0.76015625 0.878125 0.040625 0.05546875