6 0.53125 0.38828125 0.115625 0.02421875
2 0.609375 0.38828125 0.034375 0.02421875
2 0.4015625 0.521875 0.0609375 0.06171875
2 0.47578125 0.5265625 0.0609375 0.0703125
2 0.6984375 0.5265625 0.0609375 0.0703125
2 0.55 0.52734375 0.0609375 0.0734375
2 0.62421875 0.52734375 0.0609375 0.0734375
2 0.4015625 0.6375 0.0609375 0.0546875
2 0.478125 0.6375 0.0609375 0.0546875
2 0.625 0.64296875 0.0609375 0.06640625
2 0.5515625 0.64609375 0.06015625 0.0734375
2 0.7 0.646875 0.0609375 0.07421875
2 0.55 0.83125 0.0640625 0.08125
2 0.3953125 0.83203125 0.0546875 0.0828125
2 0.7046875 0.84765625 0.0640625 0.1140625
2 0.47265625 0.8484375 0.05625 0.115625
2 0.628125 0.8484375 0.05390625 0.115625
2 0.72734375 0.01328125 0.09453125 0.0265625