6 0.8359375 0.2671875 0.14609375 0.04609375
6 0.8359375 0.36640625 0.14609375 0.04609375
2 0.2625 0.4609375 0.16171875 0.2
6 0.8359375 0.465625 0.14609375 0.04609375
2 0.22734375 0.05078125 0.090625 0.1015625
6 0.8359375 0.565625 0.14609375 0.04609375
2 0.2625 0.57578125 0.1234375 0.05078125
2 0.90390625 0.65078125 0.00859375 0.01484375
2 0.9046875 0.6734375 0.00625 0.03125
6 0.8359375 0.69765625 0.14609375 0.1125
2 0.9046875 0.74453125 0.00703125 0.0171875
2 0.9046875 0.81875 0.00703125 0.01484375
2 0.9046875 0.8578125 0.00703125 0.0640625
6 0.8359375 0.86484375 0.14609375 0.1125
2 0.9046875 0.9109375 0.00703125 0.01640625
2 0.8875 0.98828125 0.040625 0.0234375
6 0.8140625 0.98828125 0.103125 0.0234375