2 0.2375 0.58671875 0.0390625 0.03125
2 0.2859375 0.58671875 0.0375 0.03515625
2 0.33046875 0.58828125 0.03125 0.03125
2 0.790625 0.134375 0.184375 0.05234375
2 0.790625 0.4890625 0.184375 0.0578125
2 0.4296875 0.13046875 0.425 0.26015625
2 0.2796875 0.784375 0.1265625 0.0546875
6 0.7046875 0.00546875 0.01171875 0.0109375
6 0.7046875 0.03515625 0.01171875 0.02109375
6 0.7046875 0.06953125 0.01171875 0.02109375
2 0.70234375 0.7390625 0.01796875 0.03671875
2 0.70234375 0.7875 0.01875 0.0328125
2 0.7015625 0.83671875 0.01953125 0.03203125
2 0.71328125 0.36875 0.028125 0.03515625
2 0.7484375 0.36875 0.02890625 0.03515625
2 0.7859375 0.36875 0.034375 0.03671875