2 0.1140625 0.0328125 0.12265625 0.06484375
2 0.23671875 0.0328125 0.09375 0.0453125
6 0.47109375 0.0328125 0.3578125 0.0453125
2 0.63125 0.0328125 0.03828125 0.03828125
2 0.8234375 0.03359375 0.0671875 0.04296875
2 0.91015625 0.03359375 0.07421875 0.04296875
2 0.11640625 0.084375 0.12734375 0.03828125
2 0.22734375 0.084375 0.06484375 0.03828125
2 0.53828125 0.084375 0.05546875 0.03828125
2 0.640625 0.084375 0.1109375 0.03828125
2 0.7546875 0.084375 0.0796875 0.03828125
2 0.8921875 0.084375 0.11328125 0.03828125
2 0.5 0.38671875 0.178125 0.053125