2 0.9875 0.05859375 0.025 0.0796875
6 0.87734375 0.0609375 0.1390625 0.02421875
2 0.08046875 0.1515625 0.1609375 0.07421875
2 0.265625 0.1515625 0.209375 0.07421875
2 0.453125 0.1515625 0.16796875 0.07421875
2 0.61171875 0.1515625 0.1515625 0.07421875
2 0.76171875 0.1515625 0.1515625 0.07421875
2 0.9046875 0.1515625 0.134375 0.07421875
2 0.08515625 0.48046875 0.1703125 0.58671875
2 0.58515625 0.48046875 0.8296875 0.5890625
2 0.54296875 0.74609375 0.01171875 0.0171875
2 0.56484375 0.74609375 0.01171875 0.0171875
2 0.58671875 0.74609375 0.01171875 0.0171875
2 0.60703125 0.74609375 0.01171875 0.0171875
2 0.62890625 0.74609375 0.01171875 0.0171875
2 0.165625 0.4625 0.0359375 0.071875
2 0.99375 0.4640625 0.01171875 0.07421875