2 0.19375 0.18515625 0.18828125 0.02890625
2 0.40546875 0.18515625 0.15703125 0.02890625
2 0.57890625 0.18515625 0.11015625 0.02578125
2 0.74140625 0.18515625 0.1375 0.02578125
2 0.87734375 0.18515625 0.05546875 0.02578125
2 0.971875 0.18515625 0.05546875 0.02578125
2 0.06015625 0.25234375 0.04140625 0.05390625
2 0.61328125 0.25625 0.0609375 0.075
2 0.52890625 0.25703125 0.0828125 0.07265625
2 0.89453125 0.2953125 0.14453125 0.16640625
2 0.7375 0.296875 0.13984375 0.17421875
2 0.8078125 0.38984375 0.00078125 0.0015625
2 0.965625 0.38984375 0.00078125 0.0015625
2 0.34296875 0.44609375 0.06796875 0.06328125
2 0.8953125 0.47421875 0.14296875 0.17109375
2 0.7375 0.47578125 0.1421875 0.171875
2 0.34140625 0.47734375 0.6265625 0.53125
2 0.8078125 0.56953125 0.00078125 0.0015625
2 0.965625 0.57109375 0.00078125 0.0015625
2 0.7375 0.65390625 0.13984375 0.17109375
2 0.89453125 0.65546875 0.14140625 0.17109375
2 0.26328125 0.92109375 0.44453125 0.1578125
2 0.73671875 0.92109375 0.44453125 0.1578125
2 0.9359375 0.09609375 0.0265625 0.0546875
2 0.9078125 0.096875 0.02890625 0.05
2 0.9640625 0.096875 0.0296875 0.04921875
2 0.10078125 0.09765625 0.1484375 0.14296875
2 0.85078125 0.0984375 0.02265625 0.03125
6 0.76328125 0.1015625 0.121875 0.03671875