2 0.10078125 0.09765625 0.14921875 0.14453125
6 0.7609375 0.1 0.10078125 0.02421875
2 0.79453125 0.0953125 0.19453125 0.06015625
2 0.19375 0.18515625 0.18984375 0.02890625
2 0.40625 0.18515625 0.15859375 0.02890625
2 0.578125 0.18515625 0.1109375 0.0265625
2 0.74140625 0.18515625 0.1390625 0.0265625
2 0.87734375 0.18515625 0.05546875 0.0265625
2 0.97109375 0.18515625 0.05546875 0.02890625
2 0.8078125 0.3890625 0.00234375 0.00234375
2 0.8078125 0.56953125 0.00234375 0.00234375
2 0.96484375 0.3890625 0.00234375 0.00234375
2 0.96484375 0.57109375 0.00234375 0.00234375
2 0.26328125 0.9203125 0.44453125 0.15625
2 0.73671875 0.9203125 0.44453125 0.15625