2 0.5 0.1875 0.0609375 0.0546875
2 0.6578125 0.03671875 0.0078125 0.01875
2 0.6703125 0.03671875 0.0046875 0.01875
6 0.721875 0.03671875 0.08515625 0.028125
6 0.49375 0.38984375 0.08359375 0.0265625
2 0.55234375 0.38984375 0.02890625 0.0265625
2 0.31875 0.4484375 0.1671875 0.40078125
2 0.2796875 0.05546875 0.08828125 0.0671875
2 0.265625 0.7640625 0.06171875 0.05078125
2 0.29375 0.1328125 0.04296875 0.0546875
2 0.3484375 0.1328125 0.0640625 0.0546875
2 0.4140625 0.1328125 0.0640625 0.0546875
2 0.4734375 0.1328125 0.05234375 0.0546875
2 0.54765625 0.1328125 0.09296875 0.0546875
2 0.63125 0.1328125 0.0703125 0.0546875
2 0.69765625 0.1328125 0.06015625 0.0546875
2 0.74453125 0.7640625 0.05546875 0.0765625