2 0.071875 0.17265625 0.0390625 0.03671875
2 0.06796875 0.06484375 0.109375 0.06484375
6 0.0703125 0.3765625 0.13828125 0.02421875
2 0.0703125 0.39921875 0.03671875 0.02265625
2 0.071875 0.42265625 0.03515625 0.02265625
2 0.3796875 0.0109375 0.07578125 0.0171875
2 0.45859375 0.0109375 0.07578125 0.0171875
2 0.55 0.0109375 0.1015625 0.0171875
2 0.64140625 0.0109375 0.07578125 0.0171875
2 0.7203125 0.0109375 0.07578125 0.0171875
2 0.14765625 0.13046875 0.0109375 0.0234375
2 0.11796875 0.6671875 0.0171875 0.02890625
2 0.12109375 0.4796875 0.00859375 0.0140625
2 0.13046875 0.48046875 0.009375 0.015625
2 0.0703125 0.21875 0.1140625 0.02109375
2 0.1125 0.16953125 0.0296875 0.065625
2 0.0265625 0.1703125 0.04296875 0.0671875
2 0.0703125 0.240625 0.11328125 0.021875
2 0.0703125 0.2625 0.11328125 0.021875
2 0.0703125 0.28359375 0.1140625 0.02109375
2 0.0703125 0.30625 0.1140625 0.021875
2 0.0703125 0.32734375 0.1140625 0.02109375