9 0.22421875 0.025 0.10234375 0.0359375
12 0.8109375 0.028125 0.02890625 0.03046875
9 0.26640625 0.42890625 0.11875 0.0546875
9 0.4984375 0.4234375 0.1203125 0.0734375
9 0.73515625 0.42578125 0.0953125 0.0734375
9 0.26484375 0.603125 0.1125 0.03828125
9 0.4984375 0.59375 0.1328125 0.0625
9 0.73515625 0.603125 0.12578125 0.0625
9 0.26953125 0.775 0.1046875 0.05546875
9 0.49765625 0.77265625 0.121875 0.0515625
9 0.73515625 0.7765625 0.10390625 0.053125
9 0.2671875 0.93984375 0.1203125 0.0515625
9 0.49921875 0.94296875 0.1 0.0515625
9 0.734375 0.93359375 0.14375 0.03671875