2 0.25 0.0328125 0.5 0.06484375
2 0.0828125 0.20703125 0.05078125 0.0671875
2 0.0828125 0.31640625 0.05078125 0.0671875
2 0.0828125 0.4515625 0.05078125 0.0671875
2 0.0828125 0.5609375 0.05078125 0.0671875
2 0.0828125 0.6703125 0.05078125 0.0671875
2 0.390625 0.20703125 0.05078125 0.0671875
2 0.390625 0.3421875 0.05078125 0.0671875
2 0.390625 0.4515625 0.05078125 0.0671875
2 0.390625 0.53515625 0.05078125 0.0671875
2 0.390625 0.61875 0.05078125 0.0671875
2 0.6984375 0.20703125 0.05078125 0.0671875
2 0.6984375 0.31640625 0.05078125 0.0671875
2 0.6984375 0.4515625 0.05078125 0.0671875
2 0.6984375 0.5609375 0.05078125 0.0671875
2 0.6984375 0.6703125 0.05078125 0.0671875
2 0.19375 0.9265625 0.26953125 0.14453125
2 0.5 0.9265625 0.271875 0.14453125
2 0.8078125 0.9265625 0.271875 0.14453125