2 0.37578125 0.02265625 0.03671875 0.04453125
2 0.265625 0.221875 0.12734375 0.1015625
2 0.2640625 0.0234375 0.10859375 0.04609375
2 0.3375 0.0234375 0.0375 0.04609375
2 0.19921875 0.025 0.02265625 0.04921875
2 0.4328125 0.025 0.0703125 0.04453125
2 0.79296875 0.02578125 0.0203125 0.03203125
6 0.7328125 0.0265625 0.09453125 0.0296875
2 0.78671875 0.378125 0.02890625 0.03515625
2 0.78671875 0.378125 0.0296875 0.03515625
2 0.72265625 0.378125 0.02890625 0.03515625
2 0.72265625 0.378125 0.02890625 0.03515625
2 0.7546875 0.378125 0.02890625 0.03515625
2 0.7546875 0.378125 0.02890625 0.03515625
2 0.2796875 0.4703125 0.153125 0.14765625
2 0.60390625 0.471875 0.1546875 0.146875
2 0.4421875 0.475 0.153125 0.1515625
2 0.75703125 0.5109375 0.08046875 0.18671875
2 0.28125 0.64453125 0.1546875 0.15
2 0.6046875 0.640625 0.1546875 0.14921875
2 0.44375 0.64296875 0.15390625 0.15234375
2 0.2984375 0.08203125 0.19375 0.0453125
2 0.4828125 0.98046875 0.059375 0.0390625
6 0.4171875 0.98203125 0.07265625 0.0359375
2 0.7171875 0.2140625 0.1765625 0.259375
2 0.79140625 0.08828125 0.0078125 0.01328125
2 0.8 0.08828125 0.0078125 0.01328125