2 0.5 0.2109375 0.10234375 0.05078125
6 0.3765625 0.640625 0.10625 0.04375
6 0.4828125 0.640625 0.10625 0.04375
6 0.5890625 0.640625 0.10625 0.04375
2 0.5 0.7 0.35390625 0.04609375
2 0.94140625 0.0765625 0.0671875 0.03828125
2 0.440625 0.82890625 0.01640625 0.0296875
2 0.4640625 0.82890625 0.01640625 0.0296875
2 0.4875 0.82890625 0.01640625 0.0296875
2 0.5125 0.82890625 0.01640625 0.0296875
2 0.5359375 0.82890625 0.01640625 0.0296875
2 0.559375 0.82890625 0.01640625 0.0296875
2 0.940625 0.00859375 0.06875 0.0171875