2 0.25390625 0.58203125 0.04296875 0.028125
2 0.43359375 0.528125 0.0359375 0.06484375
2 0.43359375 0.60390625 0.0359375 0.06484375
2 0.43359375 0.6796875 0.0359375 0.06484375
2 0.43359375 0.75625 0.0359375 0.06484375
2 0.63671875 0.5375 0.071875 0.0734375
2 0.728125 0.5375 0.071875 0.0734375
2 0.63671875 0.6359375 0.071875 0.0734375
2 0.728125 0.6359375 0.071875 0.0734375
2 0.63671875 0.73515625 0.071875 0.0734375
2 0.728125 0.73515625 0.071875 0.0734375
6 0.3171875 0.5171875 0.16875 0.028125
6 0.3171875 0.5453125 0.16875 0.028125
2 0.24453125 0.11484375 0.0234375 0.0421875
2 0.2515625 0.27734375 0.0234375 0.04296875
2 0.42734375 0.11484375 0.0234375 0.0421875
2 0.4296875 0.27734375 0.0234375 0.04296875
2 0.61015625 0.11484375 0.0234375 0.0421875
2 0.6078125 0.27734375 0.02421875 0.04296875