2 0.2546875 0.19140625 0.0140625 0.015625
2 0.26875 0.19140625 0.01484375 0.015625
2 0.28203125 0.19140625 0.0140625 0.015625
2 0.29609375 0.19140625 0.0140625 0.015625
2 0.309375 0.19140625 0.0140625 0.015625
2 0.3234375 0.19140625 0.0140625 0.015625
2 0.33828125 0.19140625 0.01484375 0.015625
2 0.3515625 0.19140625 0.0140625 0.015625
2 0.365625 0.19140625 0.0140625 0.015625
2 0.3796875 0.19140625 0.0140625 0.015625
2 0.58125 0.68125 0.35546875 0.3625
2 0.58125 0.68515625 0.0375 0.05078125
6 0.31015625 0.7734375 0.12578125 0.03125
2 0.265625 0.9125 0.02109375 0.03828125
2 0.296875 0.9125 0.02109375 0.03828125
2 0.328125 0.9125 0.02109375 0.03828125
2 0.359375 0.9125 0.02109375 0.03828125
2 0.421875 0.53515625 0.025 0.03984375
2 0.73125 0.53984375 0.04296875 0.0546875