2 0.1046875 0.02265625 0.209375 0.0453125
2 0.9328125 0.025 0.03359375 0.02421875
2 0.12890625 0.0734375 0.1703125 0.06015625
2 0.2984375 0.0734375 0.1703125 0.06015625
2 0.4671875 0.0734375 0.1703125 0.06015625
2 0.6359375 0.0734375 0.16796875 0.06015625
6 0.56484375 0.3078125 0.64453125 0.03828125
2 0.134375 0.553125 0.178125 0.26171875
2 0.32578125 0.553125 0.178125 0.26171875
2 0.5171875 0.553125 0.178125 0.26171875
2 0.7078125 0.553125 0.18046875 0.26171875
2 0.89921875 0.553125 0.178125 0.26171875
2 0.1734375 0.75625 0.09609375 0.040625
2 0.1359375 0.896875 0.18046875 0.2046875
2 0.32578125 0.896875 0.18046875 0.2046875
2 0.5171875 0.896875 0.18046875 0.2046875
2 0.7078125 0.896875 0.18046875 0.2046875
2 0.89921875 0.896875 0.18046875 0.2046875