2 0.62421875 0.21796875 0.03046875 0.0421875
2 0.9484375 0.225 0.0140625 0.02265625
2 0.5 0.2953125 0.2734375 0.053125
2 0.2109375 0.03515625 0.071875 0.03359375
2 0.2859375 0.03515625 0.078125 0.03359375
2 0.36953125 0.03515625 0.0890625 0.03359375
2 0.5 0.3625 0.2734375 0.053125
2 0.61796875 0.0390625 0.0796875 0.04140625
2 0.70625 0.0390625 0.090625 0.04140625
2 0.7953125 0.0390625 0.0796875 0.04140625
2 0.09140625 0.0390625 0.13984375 0.03359375
2 0.9078125 0.0390625 0.140625 0.04140625
6 0.5 0.52578125 0.2734375 0.046875
2 0.8828125 0.5453125 0.14453125 0.04375
6 0.5 0.61875 0.2734375 0.046875
6 0.3796875 0.72109375 0.0125 0.01796875
2 0.5 0.72109375 0.2734375 0.046875
2 0.8828125 0.83203125 0.1875 0.0625
2 0.8828125 0.9046875 0.1875 0.0625
6 0.4609375 0.1140625 0.2484375 0.0453125
6 0.634375 0.1140625 0.1015625 0.0453125
6 0.77421875 0.1140625 0.1796875 0.0453125
2 0.92109375 0.1140625 0.115625 0.0453125
6 0.178125 0.11484375 0.31640625 0.0453125