2 0.1875 0.0328125 0.165625 0.03828125
2 0.65859375 0.0328125 0.04296875 0.06484375
2 0.7859375 0.0328125 0.12734375 0.03828125
6 0.46875 0.08671875 0.0265625 0.01953125
2 0.53359375 0.12890625 0.08671875 0.053125
2 0.53359375 0.18046875 0.08671875 0.053125
2 0.53359375 0.2328125 0.08671875 0.053125
2 0.53359375 0.2859375 0.08671875 0.053125
2 0.62109375 0.12890625 0.08671875 0.053125
2 0.62109375 0.18046875 0.08671875 0.053125
2 0.62109375 0.2328125 0.08671875 0.053125
2 0.62109375 0.2859375 0.08671875 0.053125
2 0.71015625 0.08671875 0.071875 0.0171875
2 0.8125 0.1359375 0.29296875 0.0671875
2 0.8125 0.196875 0.29296875 0.053125
2 0.8125 0.25703125 0.29296875 0.06953125
2 0.8125 0.3265625 0.29296875 0.06953125
2 0.8125 0.38671875 0.29296875 0.053125
2 0.8125 0.4484375 0.29296875 0.06953125
2 0.8125 0.509375 0.29296875 0.053125
2 0.8125 0.56953125 0.29296875 0.06953125
2 0.8125 0.63125 0.29296875 0.053125
2 0.8125 0.6921875 0.29296875 0.06953125
2 0.34296875 0.92265625 0.6078125 0.1546875
2 0.5 0.75390625 0.115625 0.0484375
2 0.55078125 0.9328125 0.10546875 0.01953125
2 0.09609375 0.9734375 0.11328125 0.05078125
2 0.2046875 0.9734375 0.10546875 0.05078125
2 0.3078125 0.9734375 0.10546875 0.05078125
2 0.40234375 0.9734375 0.08671875 0.05078125
2 0.5 0.9734375 0.1109375 0.05078125