2 0.09140625 0.03828125 0.1390625 0.03359375
2 0.21171875 0.03515625 0.071875 0.03359375
2 0.2859375 0.03515625 0.0796875 0.03359375
2 0.3703125 0.03515625 0.0890625 0.03359375
2 0.61796875 0.03828125 0.08203125 0.04296875
2 0.70703125 0.03828125 0.09140625 0.04296875
2 0.79453125 0.03828125 0.08203125 0.04296875
2 0.90859375 0.03828125 0.1421875 0.04296875
6 0.18046875 0.1140625 0.3171875 0.0453125
6 0.46171875 0.1140625 0.24765625 0.0453125
6 0.634375 0.1140625 0.10078125 0.0453125
6 0.77421875 0.1140625 0.18046875 0.0453125
2 0.9203125 0.1140625 0.115625 0.0453125
2 0.11328125 0.8234375 0.16328125 0.06953125
2 0.11328125 0.92421875 0.16328125 0.09140625
2 0.1140625 0.99375 0.165625 0.009375
2 0.3125 0.87890625 0.18046875 0.240625
2 0.5046875 0.87890625 0.18046875 0.240625
2 0.6984375 0.87890625 0.18046875 0.240625
2 0.8921875 0.87890625 0.18046875 0.240625
2 0.5 0.29453125 0.27421875 0.053125
2 0.5 0.36328125 0.27421875 0.053125
6 0.5 0.5265625 0.27421875 0.0484375
6 0.5 0.61875 0.27421875 0.0484375
2 0.5 0.65859375 0.27421875 0.01953125
6 0.3796875 0.72109375 0.0140625 0.01953125
2 0.5 0.77734375 0.27421875 0.053125
2 0.88203125 0.83203125 0.1875 0.0625
2 0.88203125 0.9046875 0.1875 0.0625