2 0.984375 0.02109375 0.03125 0.0375
2 0.10390625 0.021875 0.2078125 0.04375
2 0.9328125 0.025 0.0328125 0.0234375
2 0.959375 0.303125 0.04609375 0.0671875
6 0.584375 0.30703125 0.7015625 0.0640625
2 0.134375 0.553125 0.178125 0.26015625
2 0.32578125 0.553125 0.17890625 0.26015625
2 0.51640625 0.553125 0.178125 0.26015625
2 0.7078125 0.553125 0.17890625 0.26015625
2 0.8984375 0.553125 0.178125 0.26015625
2 0.12890625 0.0734375 0.1703125 0.05859375
2 0.2984375 0.0734375 0.16875 0.05859375
2 0.4671875 0.0734375 0.16875 0.05859375
2 0.6359375 0.0734375 0.16875 0.05859375
2 0.1734375 0.75625 0.096875 0.040625
2 0.134375 0.89765625 0.178125 0.2046875
2 0.32578125 0.89765625 0.17890625 0.2046875
2 0.51640625 0.89765625 0.178125 0.2046875
2 0.7078125 0.89765625 0.17890625 0.2046875
2 0.8984375 0.89765625 0.178125 0.2046875