6 0.67421875 0.2359375 0.1671875 0.0265625
2 0.765625 0.2359375 0.01484375 0.0265625
2 0.78203125 0.040625 0.0296875 0.08125
2 0.82578125 0.040625 0.0328125 0.08125
2 0.86953125 0.040625 0.0265625 0.08125
2 0.91328125 0.040625 0.0359375 0.08125
2 0.95703125 0.040625 0.0265625 0.08125
2 0.69453125 0.040625 0.0390625 0.08125
2 0.740625 0.040625 0.028125 0.08125
2 0.0578125 0.04140625 0.07890625 0.06484375
2 0.7828125 0.96171875 0.01015625 0.01796875
2 0.74140625 0.96171875 0.01015625 0.01796875
2 0.7625 0.96171875 0.01015625 0.01796875