2 0.9515625 0.1515625 0.06328125 0.0375
2 0.0828125 0.1703125 0.14609375 0.0421875
2 0.0828125 0.2125 0.14609375 0.0421875
2 0.0828125 0.2546875 0.14609375 0.0421875
6 0.071875 0.3140625 0.1125 0.03125
2 0.15 0.315625 0.01328125 0.03359375
2 0.01875 0.434375 0.01796875 0.03125
2 0.040625 0.434375 0.0171875 0.03125
2 0.0828125 0.04375 0.14609375 0.0421875
2 0.5828125 0.80625 0.06171875 0.040625
2 0.0828125 0.0859375 0.14609375 0.0421875
2 0.565625 0.0765625 0.00546875 0.0109375
2 0.57265625 0.0765625 0.00625 0.0109375
2 0.5796875 0.07578125 0.00625 0.0109375
2 0.58671875 0.0765625 0.00625 0.01015625
2 0.59453125 0.07578125 0.00625 0.0109375
2 0.6015625 0.0765625 0.00625 0.0109375