6 0.4859375 0.165625 0.00703125 0.0125
6 0.4453125 0.184375 0.00703125 0.0125
6 0.415625 0.20390625 0.021875 0.01953125
6 0.44375 0.20390625 0.025 0.01796875
6 0.4765625 0.20390625 0.0296875 0.01953125
6 0.51875 0.20390625 0.021875 0.01953125
6 0.546875 0.20390625 0.025 0.01796875
6 0.5796875 0.20390625 0.0296875 0.01953125
2 0.5 0.2390625 0.03046875 0.01953125
6 0.38515625 0.3484375 0.09453125 0.01796875
6 0.5 0.08125 0.26484375 0.01953125
6 0.425 0.115625 0.0484375 0.01796875
6 0.4953125 0.115625 0.04453125 0.01796875
6 0.5640625 0.115625 0.0234375 0.01796875
2 0.484375 0.43515625 0.0078125 0.0140625
2 0.49296875 0.43515625 0.00703125 0.0140625
2 0.41875 0.54921875 0.15703125 0.2453125
2 0.696875 0.8328125 0.0109375 0.0171875