6 0.4984375 0.35703125 0.23125 0.01796875
6 0.43125 0.38828125 0.04296875 0.015625
6 0.49453125 0.38828125 0.03984375 0.015625
6 0.5546875 0.38828125 0.0203125 0.015625
6 0.4859375 0.43359375 0.0078125 0.0109375
6 0.45 0.4484375 0.00703125 0.0125
6 0.4484375 0.46796875 0.02265625 0.015625
6 0.540625 0.46796875 0.02265625 0.015625
6 0.4234375 0.46796875 0.01875 0.01796875
6 0.478125 0.46796875 0.0265625 0.01796875
6 0.51484375 0.46796875 0.01875 0.01796875
6 0.56875 0.46796875 0.0265625 0.01796875
2 0.4984375 0.49921875 0.028125 0.01796875
6 0.3953125 0.6375 0.084375 0.015625
2 0.5046875 0.0796875 0.14296875 0.15859375