2 0.52265625 0.15703125 0.12109375 0.31328125
6 0.5 0.403125 0.26484375 0.01953125
6 0.425 0.43671875 0.0484375 0.01796875
6 0.4953125 0.43671875 0.04453125 0.01796875
6 0.5640625 0.43671875 0.0234375 0.01796875
6 0.4859375 0.48671875 0.00703125 0.0125
6 0.4453125 0.50546875 0.00703125 0.0125
6 0.415625 0.525 0.021875 0.01953125
6 0.44375 0.525 0.025 0.01796875
6 0.4765625 0.525 0.0296875 0.01953125
6 0.51875 0.525 0.021875 0.01953125
6 0.546875 0.525 0.025 0.01796875
6 0.5796875 0.525 0.0296875 0.01953125
2 0.5 0.56015625 0.03046875 0.01953125
6 0.38515625 0.71328125 0.09453125 0.01796875
2 0.5796875 0.81640625 0.00859375 0.01640625
2 0.4171875 0.93984375 0.15703125 0.11953125
2 0.484375 0.88828125 0.00859375 0.0140625
2 0.49296875 0.8890625 0.0078125 0.01484375