2 0.1921875 0.15390625 0.01171875 0.01953125
2 0.8875 0.021875 0.0140625 0.025
2 0.90625 0.021875 0.0140625 0.025
2 0.9234375 0.021875 0.0140625 0.025
2 0.55 0.3609375 0.2453125 0.2234375
2 0.20546875 0.5296875 0.02109375 0.04296875
2 0.8875 0.53515625 0.03046875 0.07109375
2 0.83984375 0.5359375 0.05078125 0.06953125
2 0.92890625 0.071875 0.0125 0.0296875
2 0.1828125 0.0703125 0.04140625 0.05078125
2 0.2359375 0.0703125 0.06640625 0.05078125
2 0.3046875 0.0703125 0.0703125 0.05078125
2 0.3671875 0.0703125 0.05546875 0.05078125
2 0.4265625 0.0703125 0.06171875 0.05078125
2 0.4796875 0.0703125 0.04453125 0.05078125
2 0.54296875 0.0703125 0.08125 0.05078125
2 0.6078125 0.0703125 0.04765625 0.05078125
6 0.8765625 0.06875 0.12421875 0.04765625
2 0.55 0.74765625 0.728125 0.5046875
2 0.55 0.8640625 0.03828125 0.0484375