2 0.8078125 0.02109375 0.03828125 0.0421875
2 0.61796875 0.02109375 0.196875 0.0421875
2 0.734375 0.02109375 0.034375 0.0421875
2 0.7703125 0.02109375 0.03671875 0.0421875
2 0.253125 0.77578125 0.21875 0.225
2 0.5 0.77578125 0.21875 0.225
2 0.746875 0.77578125 0.21875 0.225
2 0.234375 0.08046875 0.1234375 0.04765625
2 0.31875 0.08046875 0.02265625 0.03828125
2 0.36640625 0.08046875 0.046875 0.03828125
2 0.42109375 0.08046875 0.0359375 0.03828125
2 0.4703125 0.08046875 0.0359375 0.03828125
2 0.528125 0.08046875 0.05390625 0.03828125
2 0.58671875 0.08046875 0.0359375 0.03828125
2 0.6421875 0.08046875 0.0484375 0.03828125
2 0.80390625 0.090625 0.02109375 0.03984375
6 0.740625 0.0890625 0.10625 0.0421875