2 0.36640625 0.14140625 0.00859375 0.015625
2 0.38125 0.14140625 0.02265625 0.015625
2 0.24375 0.16640625 0.02109375 0.028125
2 0.5890625 0.1703125 0.0390625 0.04921875
2 0.58828125 0.01796875 0.0390625 0.0359375
2 0.2625 0.23671875 0.05703125 0.028125
2 0.5890625 0.24609375 0.0390625 0.04921875
2 0.27109375 0.27578125 0.07578125 0.028125
2 0.2546875 0.325 0.04140625 0.028125
2 0.253125 0.484375 0.03984375 0.028125
2 0.284375 0.5234375 0.10234375 0.028125
2 0.24765625 0.5859375 0.028125 0.028125
2 0.246875 0.62421875 0.02734375 0.028125
2 0.24375 0.6734375 0.0203125 0.028125
2 0.24765625 0.7234375 0.02890625 0.028125
6 0.26953125 0.07421875 0.071875 0.0171875
2 0.315625 0.07421875 0.01640625 0.0171875
2 0.7203125 0.96875 0.053125 0.0328125
2 0.5890625 0.11640625 0.0390625 0.03828125