2 0.58671875 0.0875 0.01953125 0.0171875
2 0.7171875 0.771875 0.1234375 0.025
2 0.27265625 0.246875 0.06640625 0.16875
2 0.38125 0.246875 0.06796875 0.16875
2 0.4765625 0.246875 0.06796875 0.16875
2 0.57265625 0.246875 0.06796875 0.16875
2 0.7171875 0.03359375 0.09453125 0.0671875
2 0.7171875 0.184375 0.09453125 0.09453125
2 0.7171875 0.29375 0.09453125 0.0578125
2 0.7171875 0.39765625 0.09453125 0.05625
2 0.7171875 0.50390625 0.09453125 0.0875
2 0.7171875 0.61796875 0.10390625 0.1
2 0.7171875 0.72734375 0.028125 0.05078125
2 0.7171875 0.8703125 0.046875 0.084375
6 0.4078125 0.084375 0.34765625 0.01953125