2 0.7734375 0.02578125 0.0203125 0.0359375
2 0.784375 0.14453125 0.0203125 0.0359375
2 0.2765625 0.01796875 0.12578125 0.0359375
2 0.26484375 0.709375 0.103125 0.06171875
2 0.4515625 0.92421875 0.02890625 0.03671875
2 0.51484375 0.92578125 0.096875 0.0390625
2 0.2234375 0.4140625 0.025 0.04375
2 0.371875 0.4140625 0.021875 0.0453125
2 0.51875 0.4140625 0.02265625 0.046875
2 0.665625 0.4140625 0.02265625 0.0453125
6 0.684375 0.02421875 0.15703125 0.0359375
6 0.48984375 0.14453125 0.5671875 0.034375
2 0.2625 0.0921875 0.1234375 0.040625
2 0.3890625 0.09296875 0.12890625 0.0421875
2 0.5015625 0.0921875 0.09453125 0.04140625
2 0.578125 0.09140625 0.0578125 0.040625
2 0.64375 0.09296875 0.07265625 0.0390625
2 0.73828125 0.09140625 0.115625 0.03671875