6 0.64453125 0.02890625 0.115625 0.0328125
2 0.671875 0.4875 0.07890625 0.08125
2 0.33125 0.48828125 0.1015625 0.08046875
2 0.4609375 0.4921875 0.11875 0.06640625
2 0.578125 0.49609375 0.09140625 0.06484375
2 0.4953125 0.59453125 0.11328125 0.09453125
2 0.3 0.60390625 0.040625 0.0734375
2 0.7 0.6046875 0.040625 0.0734375
2 0.3796875 0.6078125 0.096875 0.0671875
2 0.615625 0.6125 0.11171875 0.05625
6 0.64609375 0.065625 0.11484375 0.0296875
2 0.46875 0.7015625 0.11640625 0.084375
2 0.5625 0.71171875 0.053125 0.06484375
2 0.56171875 0.834375 0.04921875 0.03671875
2 0.315625 0.83671875 0.1078125 0.053125
2 0.315625 0.93515625 0.121875 0.06484375
2 0.6140625 0.1046875 0.05234375 0.03359375
6 0.5921875 0.1359375 0.009375 0.0171875