2 0.2734375 0.14296875 0.0296875 0.0390625
2 0.3109375 0.14296875 0.04453125 0.0390625
2 0.3578125 0.14296875 0.046875 0.0390625
2 0.40703125 0.14296875 0.0515625 0.0390625
2 0.4796875 0.14296875 0.0921875 0.0390625
2 0.5546875 0.14296875 0.05625 0.0390625
2 0.5953125 0.14296875 0.0265625 0.0390625
2 0.63046875 0.14296875 0.0421875 0.0390625
2 0.67265625 0.14296875 0.04140625 0.0390625
2 0.7171875 0.14296875 0.04765625 0.0390625
2 0.67109375 0.03046875 0.0484375 0.0296875
2 0.721875 0.03203125 0.03984375 0.0296875
2 0.621875 0.334375 0.23203125 0.2671875
2 0.33125 0.3921875 0.1 0.028125
2 0.43515625 0.3921875 0.09921875 0.028125
2 0.321875 0.0515625 0.12734375 0.06875
2 0.621875 0.5765625 0.1390625 0.040625
2 0.73203125 0.08046875 0.01953125 0.02421875
6 0.646875 0.08125 0.1375 0.03203125
2 0.7078125 0.08125 0.01796875 0.03203125
2 0.51640625 0.084375 0.01015625 0.0171875
2 0.5328125 0.084375 0.009375 0.01796875
2 0.54921875 0.084375 0.0109375 0.0140625
2 0.56484375 0.084375 0.01015625 0.0171875
2 0.26640625 0.95078125 0.015625 0.02890625
2 0.265625 0.98984375 0.0171875 0.0203125