6 0.671875 0.19375 0.12265625 0.0421875
2 0.7484375 0.19375 0.028125 0.0421875
2 0.63828125 0.2703125 0.0546875 0.03359375
2 0.5 0.03125 0.42578125 0.06171875
2 0.634375 0.3484375 0.04609375 0.03359375
2 0.64375 0.4265625 0.06640625 0.03359375
2 0.265625 0.4453125 0.0546875 0.03359375
2 0.2734375 0.79296875 0.07109375 0.128125
2 0.35234375 0.79296875 0.07109375 0.128125
2 0.43125 0.79296875 0.07109375 0.128125
2 0.61484375 0.92890625 0.0078125 0.0140625
2 0.6265625 0.92890625 0.0078125 0.0140625
2 0.6375 0.92890625 0.0078125 0.0140625
2 0.6484375 0.92890625 0.0078125 0.0140625
2 0.2890625 0.12109375 0.06875 0.05078125
2 0.3578125 0.12109375 0.0671875 0.05078125
2 0.41484375 0.12109375 0.04609375 0.05078125
2 0.4640625 0.12109375 0.0515625 0.05078125
2 0.5296875 0.12109375 0.078125 0.05078125
2 0.5953125 0.12109375 0.053125 0.05078125
2 0.6625 0.12109375 0.08203125 0.05078125
2 0.72421875 0.12109375 0.04140625 0.05078125