6 0.21953125 0.4625 0.3125 0.046875
6 0.21953125 0.525 0.3125 0.046875
2 0.11015625 0.603125 0.09296875 0.05703125
2 0.59375 0.0640625 0.0640625 0.0453125
2 0.66953125 0.0640625 0.08203125 0.0421875
2 0.0484375 0.06484375 0.0390625 0.05234375
2 0.784375 0.06796875 0.1328125 0.0453125
6 0.1375 0.678125 0.1515625 0.02890625
2 0.91953125 0.06953125 0.11953125 0.04140625
2 0.20078125 0.7328125 0.27421875 0.02890625
2 0.1375 0.7984375 0.14765625 0.0578125
2 0.13671875 0.8625 0.146875 0.0609375
2 0.978125 0.925 0.0296875 0.03984375