2 0.5 0.2015625 0.453125 0.08046875
6 0.64375 0.296875 0.0703125 0.028125
2 0.69453125 0.2953125 0.02734375 0.02578125
2 0.34453125 0.47734375 0.1421875 0.2859375
2 0.2984375 0.1171875 0.059375 0.03671875
2 0.3546875 0.1171875 0.053125 0.03671875
2 0.40078125 0.11796875 0.03828125 0.03671875
2 0.4609375 0.11796875 0.08125 0.03671875
2 0.53125 0.11796875 0.0578125 0.03671875
2 0.590625 0.1171875 0.059375 0.03671875
2 0.6390625 0.1171875 0.03671875 0.03671875
2 0.68125 0.1171875 0.04453125 0.03671875