2 0.8390625 0.209375 0.165625 0.06484375
2 0.0640625 0.209375 0.06953125 0.06484375
2 0.134375 0.209375 0.07421875 0.06484375
2 0.2453125 0.209375 0.14921875 0.06484375
2 0.35703125 0.209375 0.07421875 0.06484375
2 0.44453125 0.209375 0.103125 0.06484375
2 0.5484375 0.209375 0.103125 0.06484375
2 0.63359375 0.209375 0.06953125 0.06484375
2 0.71171875 0.209375 0.08671875 0.06484375
2 0.94609375 0.209375 0.05078125 0.06484375
2 0.83671875 0.0359375 0.03359375 0.0453125
2 0.875 0.0359375 0.03359375 0.0453125
2 0.91484375 0.0359375 0.03359375 0.0453125
2 0.953125 0.0359375 0.03359375 0.0453125
2 0.34375 0.68984375 0.6296875 0.4734375
2 0.74140625 0.48046875 0.12734375 0.09609375
2 0.74140625 0.65234375 0.12734375 0.09609375
2 0.74140625 0.80625 0.12734375 0.09609375