6 0.26484375 0.41953125 0.4515625 0.05234375
6 0.73515625 0.41953125 0.4515625 0.05234375
6 0.26484375 0.49765625 0.4515625 0.05234375
6 0.73515625 0.49765625 0.4515625 0.05234375
6 0.5 0.57578125 0.921875 0.05234375
6 0.12578125 0.63359375 0.17265625 0.021875
6 0.28984375 0.67109375 0.51328125 0.0234375
2 0.5 0.75 0.334375 0.07265625
2 0.57578125 0.084375 0.17890625 0.03125
2 0.43046875 0.0859375 0.0546875 0.03125
2 0.0984375 0.0875 0.1375 0.06015625
2 0.73515625 0.0875 0.0828125 0.05234375
2 0.8875 0.0875 0.165625 0.07265625