2 0.7390625 0.7359375 0.08203125 0.06484375
2 0.2109375 0.23046875 0.01796875 0.03203125
2 0.3359375 0.2125 0.18515625 0.42265625
2 0.375 0.32109375 0.01015625 0.01796875
2 0.2671875 0.375 0.015625 0.028125
2 0.55 0.21328125 0.184375 0.4
2 0.4890625 0.3625 0.015625 0.028125
2 0.7640625 0.21328125 0.1828125 0.4109375
2 0.696875 0.3703125 0.015625 0.028125
2 0.8859375 0.23046875 0.01796875 0.03203125
6 0.5015625 0.7359375 0.36328125 0.06484375
2 0.53203125 0.4875 0.0125 0.021875
2 0.55 0.4875 0.01171875 0.0203125
2 0.5671875 0.4875 0.01171875 0.01953125
2 0.41328125 0.953125 0.0609375 0.09375
2 0.48125 0.953125 0.06015625 0.09296875
2 0.54921875 0.953125 0.0578125 0.09375
2 0.61640625 0.953125 0.0609375 0.09375
2 0.6859375 0.953125 0.059375 0.09375