2 0.2109375 0.4671875 0.02578125 0.04296875
6 0.5 0.4703125 0.6171875 0.0640625
2 0.1921875 0.72890625 0.19375 0.15078125
2 0.39609375 0.72890625 0.1921875 0.15078125
2 0.59921875 0.72890625 0.1921875 0.15078125
2 0.803125 0.72890625 0.19375 0.15078125
2 0.165625 0.0921875 0.3125 0.08046875
2 0.1828125 0.9609375 0.2859375 0.078125
2 0.51796875 0.1171875 0.0984375 0.05703125
2 0.6296875 0.1171875 0.1203125 0.05703125
2 0.734375 0.1171875 0.0859375 0.05703125
2 0.8484375 0.1171875 0.1390625 0.05703125
2 0.959375 0.1171875 0.07890625 0.05703125