2 0.20703125 0.0328125 0.09609375 0.0625
2 0.28359375 0.0328125 0.05078125 0.0625
2 0.3484375 0.0328125 0.06953125 0.0625
2 0.4171875 0.0328125 0.06015625 0.0625
2 0.4734375 0.0328125 0.0484375 0.0625
2 0.525 0.0328125 0.05078125 0.0625
2 0.58515625 0.0328125 0.06484375 0.0625
2 0.77890625 0.03515625 0.1078125 0.0671875
2 0.8734375 0.0328125 0.03359375 0.0578125
2 0.9125 0.03125 0.0171875 0.0625
2 0.5 0.1 1 0.05546875
2 0.5 0.7765625 0.1421875 0.053125
2 0.1421875 0.975 0.18046875 0.0484375
2 0.32109375 0.975 0.18046875 0.0484375
2 0.5015625 0.975 0.18046875 0.0484375
2 0.68046875 0.975 0.18046875 0.0484375
2 0.8609375 0.975 0.1828125 0.0484375