2 0.01875 0.9671875 0.03359375 0.0578125
2 0.01953125 0.1203125 0.03515625 0.06328125
2 0.97734375 0.0125 0.0125 0.0203125
2 0.990625 0.0125 0.0109375 0.01953125
2 0.9625 0.0125 0.01328125 0.01953125
2 0.9484375 0.0125 0.0109375 0.01953125
2 0.8265625 0.12109375 0.0125 0.02109375
2 0.859375 0.12109375 0.0125 0.02109375
2 0.84296875 0.121875 0.015625 0.02265625
2 0.19921875 0.1234375 0.128125 0.03515625
2 0.4515625 0.125 0.12421875 0.0296875
2 0.52265625 0.125 0.01796875 0.02734375
2 0.32578125 0.12734375 0.125 0.03125
2 0.25546875 0.1265625 0.0078125 0.01484375
2 0.50546875 0.1265625 0.0078125 0.0140625
2 0.38046875 0.12734375 0.0078125 0.01328125
2 0.19609375 0.1578125 0.01953125 0.028125
2 0.15 0.1578125 0.0171875 0.0265625
2 0.85390625 0.15859375 0.0171875 0.0234375
2 0.221875 0.15859375 0.0125 0.02265625
2 0.78359375 0.15859375 0.01875 0.02421875
2 0.80625 0.15859375 0.01796875 0.025
2 0.1734375 0.15859375 0.01796875 0.028125
2 0.8296875 0.15859375 0.01328125 0.02109375
2 0.7359375 0.159375 0.0125 0.01875
2 0.76015625 0.159375 0.01796875 0.02421875
6 0.478125 0.159375 0.5359375 0.0296875
2 0.07109375 0.1609375 0.046875 0.08046875
2 0.01875 0.18203125 0.034375 0.06015625
2 0.86484375 0.18515625 0.0078125 0.0125
2 0.16640625 0.228125 0.02109375 0.0375
2 0.8296875 0.228125 0.02109375 0.034375
2 0.01875 0.2453125 0.03359375 0.06328125
2 0.67734375 0.30625 0.01484375 0.025
6 0.4984375 0.30703125 0.3953125 0.04140625
2 0.01796875 0.31015625 0.03359375 0.06484375
2 0.86484375 0.35234375 0.00625 0.32265625
2 0.01875 0.37421875 0.03515625 0.06171875
2 0.01875 0.4375 0.03359375 0.06171875
2 0.01875 0.4984375 0.0328125 0.05859375
2 0.01875 0.5625 0.0328125 0.06015625
2 0.01953125 0.05703125 0.034375 0.05859375
2 0.07109375 0.0640625 0.03828125 0.071875
2 0.6390625 0.7109375 0.04765625 0.0859375
2 0.52734375 0.71171875 0.0453125 0.0859375
2 0.58359375 0.71171875 0.046875 0.0875
2 0.3578125 0.71171875 0.053125 0.084375
2 0.3 0.7125 0.05 0.08359375
2 0.47109375 0.7125 0.04921875 0.08671875
2 0.4140625 0.7125 0.05 0.0859375
2 0.6953125 0.71640625 0.02265625 0.03984375
2 0.790625 0.875 0.05859375 0.0328125
2 0.7046875 0.87578125 0.01640625 0.028125
2 0.23984375 0.87578125 0.0453125 0.028125
2 0.55703125 0.8765625 0.03359375 0.028125
2 0.190625 0.8765625 0.040625 0.03125
2 0.3328125 0.8765625 0.059375 0.0296875
2 0.3859375 0.8765625 0.0375 0.0296875
2 0.66875 0.8765625 0.0453125 0.028125
2 0.5921875 0.87734375 0.02578125 0.028125
2 0.625 0.87734375 0.03125 0.02734375
2 0.46328125 0.87734375 0.03359375 0.028125
2 0.5109375 0.87734375 0.04921875 0.0296875
2 0.28359375 0.87734375 0.03046875 0.0296875
2 0.4265625 0.87734375 0.03359375 0.02890625
2 0.86484375 0.8921875 0.0078125 0.0140625