2 0.228125 0.1796875 0.07890625 0.03828125
2 0.3140625 0.1796875 0.09296875 0.03828125
2 0.38984375 0.1796875 0.05859375 0.03828125
2 0.475 0.1796875 0.11171875 0.03828125
2 0.5578125 0.1796875 0.05234375 0.03828125
2 0.63515625 0.1796875 0.103125 0.03828125
2 0.7203125 0.1796875 0.06796875 0.03828125
2 0.78046875 0.1796875 0.05234375 0.03828125
2 0.80390625 0.01953125 0.009375 0.0109375
6 0.77109375 0.0515625 0.08046875 0.028125
2 0.2203125 0.0640625 0.06328125 0.109375
2 0.4015625 0.83359375 0.1859375 0.20546875
2 0.5984375 0.83359375 0.1859375 0.2046875
2 0.321875 0.8921875 0.01015625 0.015625
2 0.4328125 0.89296875 0.01171875 0.01875
2 0.45703125 0.89296875 0.0109375 0.02109375
2 0.4828125 0.89296875 0.009375 0.02109375
2 0.5171875 0.89296875 0.0109375 0.01875
2 0.628125 0.89296875 0.01171875 0.02109375
2 0.653125 0.8921875 0.01171875 0.01953125
2 0.67890625 0.89140625 0.009375 0.021875