2 0.8296875 0.153125 0.31640625 0.0921875
2 0.2609375 0.22265625 0.03984375 0.02109375
2 0.26171875 0.2578125 0.0390625 0.02109375
6 0.83125 0.2890625 0.275 0.0546875
2 0.2484375 0.29296875 0.0390625 0.02109375
2 0.2484375 0.328125 0.0390625 0.02109375
2 0.26171875 0.36328125 0.0390625 0.02109375
2 0.0890625 0.03671875 0.040625 0.046875
2 0.03203125 0.03828125 0.0375 0.04765625
6 0.83125 0.38046875 0.275 0.0546875
2 0.26171875 0.3984375 0.0390625 0.02109375
2 0.259375 0.43359375 0.03984375 0.02109375
6 0.7828125 0.44140625 0.18359375 0.0203125
2 0.5953125 0.453125 0.03984375 0.02109375
2 0.26171875 0.46875 0.0390625 0.02109375
2 0.2484375 0.50390625 0.0390625 0.02109375
2 0.8296875 0.5640625 0.27734375 0.06484375
2 0.6234375 0.60234375 0.01171875 0.01484375
2 0.6390625 0.60234375 0.01328125 0.0203125
2 0.27734375 0.6046875 0.01640625 0.02265625
2 0.8296875 0.68359375 0.27734375 0.06484375
2 0.16171875 0.75546875 0.2453125 0.3265625
2 0.5015625 0.75703125 0.28984375 0.32578125
2 0.95546875 0.778125 0.0140625 0.02109375
2 0.94140625 0.77890625 0.01328125 0.02109375
2 0.8171875 0.88515625 0.28828125 0.22890625
2 0.965625 0.94296875 0.06875 0.0796875