2 0.0890625 0.0359375 0.040625 0.0484375
2 0.59375 0.1453125 0.10546875 0.01953125
2 0.2609375 0.22265625 0.040625 0.01953125
2 0.26171875 0.25703125 0.03828125 0.01953125
2 0.24765625 0.29296875 0.03828125 0.01953125
2 0.24765625 0.328125 0.03828125 0.021875
2 0.26171875 0.36328125 0.03828125 0.021875
2 0.26171875 0.39921875 0.03828125 0.021875
2 0.259375 0.43359375 0.040625 0.021875
2 0.26171875 0.46875 0.03828125 0.021875
2 0.24765625 0.50390625 0.03828125 0.01953125
2 0.5953125 0.453125 0.03828125 0.021875
2 0.58046875 0.978125 0.134375 0.021875
2 0.83046875 0.15234375 0.3171875 0.09140625
6 0.83046875 0.28828125 0.2765625 0.05546875
6 0.83046875 0.3796875 0.2765625 0.05546875
6 0.6984375 0.43984375 0.0140625 0.01953125
6 0.83046875 0.5640625 0.27890625 0.06484375
2 0.83046875 0.68359375 0.27890625 0.06484375