2 0.6140625 0.33203125 0.04296875 0.0546875
2 0.6765625 0.57109375 0.009375 0.0171875
2 0.6875 0.57109375 0.009375 0.0171875
2 0.6984375 0.57109375 0.00703125 0.0171875
2 0.7078125 0.57109375 0.009375 0.0171875
2 0.71875 0.57109375 0.009375 0.0171875
2 0.3 0.57578125 0.11953125 0.21484375
2 0.4296875 0.57421875 0.11953125 0.21484375
2 0.55859375 0.57421875 0.11953125 0.21484375
6 0.68046875 0.6234375 0.08515625 0.01796875
2 0.74375 0.6234375 0.028125 0.01796875
6 0.7 0.67109375 0.0578125 0.01796875
6 0.7 0.69453125 0.0578125 0.01796875
2 0.6828125 0.71796875 0.0234375 0.01796875
2 0.26328125 0.09375 0.03671875 0.06640625
2 0.6171875 0.09375 0.03671875 0.06640625
2 0.440625 0.09609375 0.03671875 0.06640625