2 0.06640625 0.0359375 0.06953125 0.0578125
2 0.14453125 0.0375 0.0578125 0.07421875
2 0.196875 0.0375 0.0578125 0.07421875
2 0.2546875 0.0375 0.0671875 0.07421875
2 0.3125 0.0375 0.053125 0.07421875
2 0.6453125 0.0375 0.06484375 0.07421875
2 0.709375 0.0375 0.071875 0.07421875
2 0.77421875 0.0375 0.053125 0.07421875
2 0.834375 0.0375 0.0625 0.07421875
2 0.88359375 0.0375 0.040625 0.07421875
2 0.92421875 0.0359375 0.0171875 0.01953125
2 0.95078125 0.0359375 0.0359375 0.0265625
2 0.0578125 0.3578125 0.05546875 0.071875
2 0.10546875 0.35078125 0.14921875 0.05546875
2 0.42421875 0.34609375 0.42578125 0.228125
2 0.42421875 0.5 0.39453125 0.04296875
2 0.42421875 0.81015625 0.396875 0.37734375
2 0.81875 0.90859375 0.303125 0.1828125
2 0.69375 0.95078125 0.12265625 0.053125
2 0.84375 0.95078125 0.1421875 0.0578125