2 0.5875 0.21953125 0.0703125 0.1265625
2 0.8625 0.3015625 0.1046875 0.0421875
2 0.79375 0.03359375 0.02734375 0.03203125
2 0.6 0.03359375 0.01015625 0.01875
2 0.62421875 0.03359375 0.0140625 0.0203125
2 0.6484375 0.03359375 0.0109375 0.0203125
2 0.67421875 0.03359375 0.015625 0.01953125
6 0.75078125 0.03359375 0.1125 0.03203125
2 0.078125 0.5078125 0.1109375 0.0421875
2 0.5125 0.5578125 0.08046875 0.0421875
2 0.2453125 0.0703125 0.1046875 0.05625
2 0.50078125 0.7953125 0.05546875 0.03203125
2 0.6171875 0.08203125 0.059375 0.06484375
2 0.6765625 0.08203125 0.059375 0.06484375
2 0.42890625 0.0828125 0.0546875 0.06484375
2 0.4921875 0.0828125 0.075 0.06484375
2 0.55859375 0.0828125 0.05703125 0.06484375
2 0.72421875 0.0828125 0.0375 0.06484375
2 0.7796875 0.0828125 0.0546875 0.03203125
2 0.225 0.7828125 0.44921875 0.240625
2 0.9640625 0.8734375 0.0171875 0.03203125
2 0.98359375 0.871875 0.01875 0.0328125
2 0.8625 0.7375 0.27421875 0.153125