2 0.78671875 0.0140625 0.040625 0.0171875
2 0.5515625 0.6609375 0.08984375 0.0421875
6 0.73515625 0.71171875 0.140625 0.02265625
2 0.68984375 0.75234375 0.0484375 0.03046875
2 0.2953125 0.1328125 0.18984375 0.16875
2 0.5 0.1328125 0.18984375 0.16875
2 0.7046875 0.1328125 0.18984375 0.16875
2 0.5765625 0.7609375 0.1421875 0.07265625
2 0.196875 0.728125 0.0109375 0.01953125
2 0.2125 0.728125 0.0125 0.0203125
2 0.228125 0.728125 0.0125 0.01875
2 0.24375 0.728125 0.0109375 0.01953125
2 0.259375 0.728125 0.01171875 0.01953125