2 0.6546875 0.025 0.6875 0.05
2 0.65390625 0.16875 0.68515625 0.15859375
2 0.4515625 0.16875 0.01171875 0.02109375
2 0.9484375 0.16875 0.01171875 0.02109375
2 0.6546875 0.3625 0.684375 0.16171875
2 0.4515625 0.36484375 0.01171875 0.02109375
2 0.9484375 0.36484375 0.01171875 0.02109375
2 0.65390625 0.55859375 0.68671875 0.16015625
2 0.4515625 0.5609375 0.01171875 0.02109375
2 0.9484375 0.5609375 0.01171875 0.02109375
2 0.65546875 0.75390625 0.68359375 0.16328125
2 0.4515625 0.75703125 0.01171875 0.02109375
2 0.9484375 0.75703125 0.01171875 0.02109375
2 0.4515625 0.95390625 0.01171875 0.02109375
2 0.9484375 0.95390625 0.01171875 0.02109375
2 0.65625 0.9359375 0.6875 0.128125
6 0.97578125 0.2046875 0.0109375 0.021875
6 0.97578125 0.40234375 0.01328125 0.02421875
6 0.97578125 0.5984375 0.0125 0.025
6 0.97578125 0.79453125 0.01171875 0.0234375
6 0.97578125 0.98984375 0.0140625 0.01953125