2 0.57734375 0.18125 0.50625 0.11640625
2 0.79375 0.1828125 0.00859375 0.015625
2 0.42734375 0.1828125 0.00859375 0.015625
2 0.57734375 0.325 0.50859375 0.11953125
2 0.79375 0.32734375 0.00859375 0.015625
2 0.42734375 0.32734375 0.00859375 0.015625
2 0.79375 0.03828125 0.00859375 0.015625
2 0.42734375 0.03828125 0.00859375 0.015625
2 0.5765625 0.0484375 0.50546875 0.09609375
2 0.57734375 0.46953125 0.50546875 0.12109375
2 0.79375 0.47265625 0.00859375 0.015625
2 0.42734375 0.47265625 0.00859375 0.015625
2 0.57734375 0.615625 0.50546875 0.12109375
2 0.79375 0.61640625 0.00859375 0.015625
2 0.42734375 0.61640625 0.00859375 0.015625
2 0.578125 0.76015625 0.5046875 0.121875
2 0.79375 0.76171875 0.00859375 0.015625
2 0.42734375 0.76171875 0.00859375 0.015625
2 0.48359375 0.86953125 0.01875 0.03359375
2 0.50234375 0.86953125 0.01875 0.03359375
2 0.52109375 0.86953125 0.01875 0.03359375
2 0.53984375 0.86953125 0.01875 0.03359375
2 0.5578125 0.86953125 0.01875 0.03359375
2 0.57734375 0.86953125 0.01875 0.03359375
2 0.59609375 0.86796875 0.01875 0.03359375
2 0.61484375 0.86953125 0.01875 0.03359375
2 0.634375 0.86953125 0.01875 0.03359375
2 0.67109375 0.86953125 0.01875 0.03359375
2 0.68984375 0.86953125 0.01953125 0.034375
6 0.8140625 0.065625 0.00859375 0.01484375
6 0.81484375 0.20859375 0.0078125 0.015625
6 0.8140625 0.35390625 0.009375 0.01640625
6 0.8140625 0.4984375 0.009375 0.0171875
6 0.8140625 0.64375 0.00859375 0.0171875
6 0.8140625 0.78828125 0.009375 0.01640625