2 0.328125 0.3625 0.353125 0.309375
2 0.83046875 0.0453125 0.0421875 0.0296875
6 0.4875 0.0453125 0.39296875 0.04921875
2 0.7140625 0.0453125 0.06015625 0.04921875
2 0.93125 0.046875 0.04140625 0.03046875
2 0.20625 0.0484375 0.109375 0.0546875
2 0.88203125 0.04921875 0.02734375 0.04609375
2 0.859375 0.50390625 0.1890625 0.28515625
2 0.80859375 0.56015625 0.05703125 0.0234375
2 0.2078125 0.58125 0.1125 0.10234375
2 0.328125 0.58125 0.1125 0.10234375
2 0.4484375 0.58125 0.1125 0.10234375
2 0.56796875 0.58125 0.1125 0.10234375
2 0.6875 0.58125 0.1125 0.10234375
2 0.40546875 0.66484375 0.015625 0.02890625
2 0.2609375 0.73046875 0.06484375 0.03125
2 0.48828125 0.73125 0.06328125 0.03125
2 0.5640625 0.73125 0.06328125 0.03125
2 0.646875 0.73125 0.07890625 0.03125
2 0.33828125 0.73203125 0.0640625 0.03359375
2 0.1859375 0.7328125 0.065625 0.0328125
2 0.41328125 0.7328125 0.065625 0.0328125
2 0.72734375 0.734375 0.0109375 0.01953125
2 0.7375 0.78515625 0.0125 0.02265625
2 0.2359375 0.85390625 0.16875 0.1609375
2 0.3546875 0.89765625 0.04296875 0.07734375
2 0.54453125 0.89765625 0.04296875 0.07734375
2 0.78125 0.91171875 0.034375 0.0265625
2 0.81875 0.91171875 0.02109375 0.0265625
2 0.85625 0.91171875 0.03515625 0.0265625
2 0.771875 0.94609375 0.01484375 0.0265625
2 0.7375 0.975 0.0125 0.02265625
2 0.771875 0.97734375 0.01484375 0.02265625
2 0.23515625 0.98046875 0.1671875 0.0390625
2 0.15703125 0.1125 0.01015625 0.01796875