2 0.6453125 0.2078125 0.06328125 0.08046875
6 0.396875 0.23984375 0.3921875 0.0421875
2 0.57265625 0.24140625 0.03984375 0.0421875
2 0.6453125 0.3125 0.06328125 0.08046875
2 0.6453125 0.43515625 0.06328125 0.08046875
2 0.7875 0.04921875 0.021875 0.04375
2 0.2578125 0.04921875 0.11328125 0.04765625
2 0.3484375 0.04921875 0.06796875 0.04765625
2 0.421875 0.04921875 0.07890625 0.04765625
2 0.50625 0.04921875 0.090625 0.04765625
2 0.571875 0.04921875 0.0421875 0.04765625
2 0.6234375 0.04921875 0.06171875 0.04765625
2 0.6453125 0.57734375 0.06328125 0.08046875
2 0.6453125 0.7 0.06328125 0.08046875
2 0.64453125 0.12578125 0.06171875 0.03125
2 0.70625 0.12578125 0.06171875 0.03125
2 0.76875 0.12578125 0.06171875 0.03125