2 0.240625 0.1984375 0.0375 0.03203125
2 0.28046875 0.1984375 0.046875 0.03203125
2 0.32578125 0.1984375 0.04765625 0.03203125
2 0.3859375 0.1984375 0.07578125 0.03203125
2 0.44140625 0.1984375 0.03984375 0.03203125
2 0.4828125 0.1984375 0.04609375 0.03203125
2 0.525 0.1984375 0.04296875 0.03203125
2 0.571875 0.1984375 0.05546875 0.03203125
2 0.6296875 0.1984375 0.0640625 0.03203125
6 0.63359375 0.025 0.08203125 0.02421875
6 0.7203125 0.025 0.05546875 0.02421875
6 0.290625 0.24375 0.11796875 0.02421875
2 0.34375 0.2453125 0.01484375 0.0265625
2 0.7703125 0.02578125 0.01484375 0.0265625
2 0.26875 0.02890625 0.084375 0.03203125
2 0.35625 0.0296875 0.08046875 0.059375
2 0.4375 0.0296875 0.08203125 0.059375
2 0.5234375 0.0296875 0.08984375 0.059375
6 0.56875 0.32109375 0.396875 0.02421875
2 0.7609375 0.3234375 0.01484375 0.0265625
2 0.33984375 0.63671875 0.0109375 0.01796875
2 0.3421875 0.6734375 0.01484375 0.02265625
2 0.24453125 0.68203125 0.01875 0.03125
2 0.28828125 0.953125 0.0890625 0.09375
2 0.7234375 0.1390625 0.0890625 0.04765625