2 0.015625 0.0203125 0.03125 0.040625
2 0.33046875 0.0421875 0.12734375 0.04296875
2 0.96484375 0.0359375 0.03125 0.04296875
2 0.196875 0.1390625 0.05546875 0.071875
2 0.2859375 0.1390625 0.1078125 0.071875
2 0.36796875 0.1390625 0.053125 0.071875
2 0.44375 0.1390625 0.10078125 0.071875
2 0.87109375 0.1390625 0.09375 0.071875
2 0.953125 0.140625 0.0625 0.04296875
2 0.1671875 0.459375 0.334375 0.10546875
2 0.5 0.459375 0.334375 0.10546875
2 0.8328125 0.459375 0.334375 0.1078125
2 0.1671875 0.5640625 0.334375 0.10546875
2 0.5 0.5640625 0.334375 0.10546875
2 0.8328125 0.5640625 0.334375 0.10546875
2 0.1671875 0.6671875 0.334375 0.10546875
2 0.5 0.6671875 0.334375 0.10546875
2 0.8328125 0.66796875 0.334375 0.10546875
2 0.1671875 0.771875 0.334375 0.10546875
2 0.5 0.771875 0.334375 0.10546875
2 0.8328125 0.771875 0.334375 0.10546875
2 0.1671875 0.8765625 0.334375 0.10546875
2 0.5 0.8765625 0.334375 0.10546875
2 0.8328125 0.8765625 0.334375 0.10546875
2 0.16796875 0.9609375 0.3359375 0.071875
2 0.5 0.9625 0.33671875 0.071875
2 0.8328125 0.9625 0.334375 0.071875