2 0.53828125 0.27109375 0.05078125 0.01953125
2 0.59609375 0.27109375 0.05078125 0.01953125
2 0.6546875 0.27109375 0.05078125 0.01953125
2 0.7125 0.27109375 0.05078125 0.01953125
6 0.47109375 0.27109375 0.06953125 0.02421875
2 0.7625 0.27109375 0.0375 0.02421875
2 0.23125 0.36015625 0.01328125 0.03671875
2 0.3875 0.35625 0.015625 0.03984375
2 0.51875 0.35625 0.0078125 0.02265625
2 0.7703125 0.35625 0.0078125 0.02265625
2 0.45234375 0.44296875 0.08671875 0.23359375
2 0.221875 0.21796875 0.0078125 0.0171875
2 0.23203125 0.21796875 0.00859375 0.01484375
2 0.24140625 0.21796875 0.009375 0.01640625