2 0.3375 0.0453125 0.5 0.0671875
2 0.7828125 0.0609375 0.11875 0.121875
2 0.90390625 0.04453125 0.11796875 0.0359375
2 0.06015625 0.1609375 0.06953125 0.04296875
6 0.43046875 0.1609375 0.31953125 0.0578125
2 0.6828125 0.1609375 0.1078125 0.0578125
2 0.08203125 0.115625 0.16328125 0.0484375
2 0.071875 0.115625 0.1421875 0.0484375
2 0.0671875 0.115625 0.134375 0.0484375
2 0.8390625 0.1578125 0.05546875 0.0453125
2 0.946875 0.1578125 0.0484375 0.0484375
2 0.11640625 0.26171875 0.16328125 0.0578125
2 0.296875 0.26171875 0.18046875 0.0578125
2 0.46640625 0.26171875 0.14453125 0.0578125
2 0.6203125 0.26171875 0.14453125 0.0578125
2 0.759375 0.26171875 0.11796875 0.0578125
2 0.9109375 0.26171875 0.1703125 0.0578125
2 0.80546875 0.4328125 0.0625 0.01953125
2 0.28515625 0.46015625 0.1390625 0.021875
2 0.37109375 0.46171875 0.01953125 0.02421875
2 0.18984375 0.71484375 0.30546875 0.43515625
2 0.49375 0.60703125 0.30546875 0.21875
2 0.49375 0.82421875 0.30546875 0.21875
2 0.7984375 0.71484375 0.30546875 0.43515625
2 0.9734375 0.6078125 0.05078125 0.21875
2 0.9734375 0.82578125 0.05078125 0.21875
2 0.72265625 0.92421875 0.09375 0.021875
2 0.853125 0.92421875 0.15859375 0.021875
2 0.7484375 0.95703125 0.146875 0.021875
2 0.87265625 0.95703125 0.09375 0.021875
2 0.72734375 0.9890625 0.103125 0.01953125
2 0.85703125 0.9890625 0.14921875 0.01953125
2 0.97109375 0.51796875 0.0140625 0.03125