2 0.253125 0.16015625 0.09921875 0.04609375
2 0.3515625 0.16015625 0.09921875 0.04609375
2 0.45 0.16015625 0.09921875 0.04609375
2 0.55 0.16015625 0.09921875 0.04609375
2 0.64921875 0.16015625 0.09921875 0.04609375
2 0.74765625 0.16015625 0.09921875 0.04609375
2 0.3265625 0.06796875 0.24609375 0.084375
2 0.49921875 0.6828125 0.203125 0.40625
2 0.78515625 0.07109375 0.0234375 0.03828125
6 0.696875 0.07109375 0.15390625 0.03828125
2 0.57109375 0.01328125 0.0359375 0.0265625
2 0.6078125 0.01328125 0.03828125 0.0265625
2 0.646875 0.01328125 0.03984375 0.0265625
2 0.6859375 0.01328125 0.0375 0.0265625
2 0.71875 0.01328125 0.02890625 0.0265625
2 0.74765625 0.01328125 0.02890625 0.0265625
2 0.7796875 0.01328125 0.03515625 0.0265625