2 0.64921875 0.1640625 0.01484375 0.0265625
2 0.665625 0.1640625 0.01484375 0.0265625
2 0.6828125 0.1640625 0.01484375 0.0265625
2 0.7 0.1640625 0.01484375 0.0265625
2 0.7171875 0.16484375 0.0140625 0.025
2 0.43125 0.2234375 0.05703125 0.09296875
2 0.509375 0.2234375 0.05703125 0.09296875
2 0.5875 0.2234375 0.05703125 0.09296875
2 0.7296875 0.26875 0.00859375 0.01640625
2 0.73671875 0.31015625 0.00703125 0.01484375
2 0.72265625 0.32109375 0.01015625 0.01875
2 0.65078125 0.33046875 0.0171875 0.03203125
2 0.73671875 0.33203125 0.00625 0.02890625
2 0.7359375 0.49140625 0.0078125 0.015625
6 0.51484375 0.52109375 0.12109375 0.01796875
2 0.590625 0.52109375 0.0265625 0.01796875
2 0.44375 0.521875 0.01796875 0.03203125
2 0.484375 0.68515625 0.015625 0.028125
2 0.5015625 0.68515625 0.015625 0.028125
2 0.51796875 0.68515625 0.015625 0.028125
2 0.53515625 0.68515625 0.015625 0.028125
2 0.2859375 0.78515625 0.03359375 0.059375
2 0.7046875 0.78515625 0.0359375 0.04375
2 0.4984375 0.78828125 0.084375 0.059375