2 0.37890625 0.015625 0.04296875 0.03125
2 0.28515625 0.01640625 0.04140625 0.0328125
2 0.4234375 0.0171875 0.04453125 0.03359375
2 0.8296875 0.0171875 0.07890625 0.03359375
2 0.24375 0.0171875 0.0390625 0.03359375
2 0.33125 0.0171875 0.04921875 0.03125
2 0.809375 0.16953125 0.05078125 0.04375
2 0.2609375 0.16953125 0.06015625 0.04375
2 0.340625 0.16953125 0.09921875 0.04375
2 0.44140625 0.16953125 0.1015625 0.04375
2 0.5265625 0.16953125 0.06875 0.04375
2 0.6109375 0.16953125 0.10078125 0.04375
2 0.68828125 0.16953125 0.053125 0.04375
2 0.74921875 0.16953125 0.06953125 0.04375
2 0.2828125 0.3125 0.1125 0.03359375
2 0.2828125 0.3625 0.1140625 0.0625
2 0.2828125 0.41015625 0.1125 0.03359375
2 0.2828125 0.44765625 0.1125 0.03359375
2 0.40078125 0.46640625 0.0796875 0.14375
2 0.48359375 0.47890625 0.06875 0.0296875
2 0.578125 0.47890625 0.10859375 0.0296875
2 0.2828125 0.49609375 0.1125 0.05625
2 0.2828125 0.5453125 0.1125 0.03359375
2 0.40078125 0.6984375 0.0796875 0.14375
2 0.4828125 0.7359375 0.06640625 0.0296875
2 0.5609375 0.7359375 0.0796875 0.0296875
2 0.640625 0.7359375 0.06796875 0.0296875
2 0.7125 0.7359375 0.06328125 0.0296875
2 0.5125 0.76953125 0.12734375 0.028125
2 0.84921875 0.0796875 0.0421875 0.05078125
6 0.6859375 0.0859375 0.27734375 0.05078125
2 0.29453125 0.09296875 0.1265625 0.0828125
2 0.40078125 0.9328125 0.0828125 0.13359375
2 0.4921875 0.95078125 0.0859375 0.0296875
2 0.5875 0.95078125 0.09609375 0.0296875
2 0.6859375 0.95078125 0.0875 0.0296875
2 0.753125 0.95078125 0.03515625 0.0296875