2 0.65 0.24609375 0.059375 0.0421875
2 0.28125 0.0265625 0.11171875 0.03125
6 0.6 0.0265625 0.12265625 0.03125
2 0.684375 0.0265625 0.0421875 0.03125
2 0.6734375 0.3484375 0.10625 0.0421875
2 0.2609375 0.50234375 0.0265625 0.059375
2 0.3609375 0.50234375 0.03359375 0.059375
2 0.4625 0.50234375 0.028125 0.059375
2 0.26875 0.71171875 0.04609375 0.084375
2 0.2421875 0.07734375 0.0328125 0.03125
2 0.278125 0.07734375 0.03828125 0.03125
2 0.32421875 0.07734375 0.053125 0.03125
2 0.3796875 0.07734375 0.06015625 0.03125
2 0.4421875 0.07734375 0.0640625 0.03125
2 0.75625 0.078125 0.0109375 0.01796875
2 0.50625 0.8515625 0.01484375 0.03515625
2 0.31796875 0.85234375 0.01875 0.0359375
2 0.4125 0.9109375 0.225 0.178125
2 0.4125 0.9359375 0.03359375 0.046875