2 0.07890625 0.15 0.1390625 0.0453125
2 0.3390625 0.15 0.36171875 0.059375
2 0.259375 0.21640625 0.08515625 0.0421875
2 0.334375 0.21640625 0.0640625 0.0421875
2 0.39453125 0.21640625 0.05625 0.0421875
2 0.45546875 0.21640625 0.0640625 0.0421875
2 0.54140625 0.21640625 0.1078125 0.0421875
2 0.621875 0.21640625 0.05390625 0.0421875
6 0.715625 0.21640625 0.10078125 0.025
2 0.77421875 0.21640625 0.01796875 0.025
2 0.7515625 0.475 0.14921875 0.0421875
2 0.7515625 0.515625 0.14921875 0.0390625
2 0.7515625 0.55546875 0.14921875 0.0390625
2 0.7515625 0.5953125 0.14921875 0.0390625
2 0.7515625 0.63515625 0.14921875 0.0390625
2 0.7515625 0.675 0.12109375 0.0390625
2 0.7515625 0.72109375 0.12109375 0.05234375
2 0.7515625 0.7671875 0.12109375 0.0390625
2 0.7515625 0.815625 0.14921875 0.0390625
2 0.7515625 0.85546875 0.14921875 0.0390625
2 0.7515625 0.8953125 0.14921875 0.0390625
2 0.7515625 0.93515625 0.14921875 0.0390625
2 0.7515625 0.975 0.14921875 0.025