2 0.1265625 0.178125 0.20234375 0.0390625
2 0.1265625 0.22265625 0.20234375 0.0390625
2 0.1265625 0.2671875 0.20234375 0.0390625
2 0.95 0.03515625 0.06171875 0.03671875
2 0.0671875 0.03671875 0.0859375 0.0234375
2 0.45546875 0.42421875 0.325 0.24453125
2 0.8 0.42421875 0.325 0.2484375
2 0.71328125 0.77421875 0.15234375 0.25
2 0.88359375 0.77578125 0.15078125 0.25234375
2 0.54140625 0.77734375 0.1515625 0.25
2 0.36953125 0.77734375 0.15 0.24921875
2 0.9 0.9515625 0.121875 0.04140625
6 0.1265625 0.1109375 0.20390625 0.04140625