2 0.8015625 0.19296875 0.03359375 0.02421875
2 0.8359375 0.19296875 0.03359375 0.02421875
2 0.734375 0.19296875 0.03359375 0.02421875
2 0.7671875 0.19296875 0.03359375 0.02421875
2 0.8015625 0.25 0.03359375 0.02421875
2 0.8359375 0.25 0.03359375 0.02421875
2 0.734375 0.25 0.03359375 0.02421875
2 0.7671875 0.25 0.03359375 0.02421875
2 0.784375 0.29921875 0.13515625 0.03671875
6 0.30703125 0.31875 0.146875 0.0265625
2 0.54375 0.41796875 0.303125 0.3484375
2 0.72109375 0.4140625 0.0125 0.02265625
6 0.30703125 0.5390625 0.146875 0.0265625
2 0.78515625 0.59609375 0.15625 0.228125
6 0.30703125 0.06328125 0.146875 0.0265625
2 0.46484375 0.72890625 0.14609375 0.21875
2 0.621875 0.72890625 0.14609375 0.21953125
2 0.2515625 0.7328125 0.0359375 0.03828125
2 0.29453125 0.7328125 0.05 0.03828125
2 0.35 0.7328125 0.0609375 0.03828125
2 0.784375 0.85546875 0.15625 0.22890625
2 0.3453125 0.878125 0.0078125 0.01171875
6 0.29453125 0.878125 0.121875 0.03671875
2 0.36796875 0.87890625 0.02578125 0.03359375
2 0.621875 0.928125 0.14609375 0.12109375
2 0.46484375 0.9296875 0.14609375 0.11953125
2 0.359375 0.98125 0.03125 0.01796875
2 0.54375 0.10703125 0.3046875 0.2140625
2 0.8015625 0.13515625 0.03359375 0.02421875
2 0.8359375 0.13515625 0.03359375 0.02421875
2 0.734375 0.13515625 0.03359375 0.02421875
2 0.7671875 0.13515625 0.03359375 0.02421875