2 0.7265625 0.1640625 0.1359375 0.03984375
2 0.7265625 0.20234375 0.1359375 0.03984375
2 0.26640625 0.0234375 0.0703125 0.046875
2 0.31875 0.0234375 0.034375 0.046875
2 0.3546875 0.0234375 0.034375 0.046875
2 0.390625 0.0234375 0.040625 0.046875
2 0.7265625 0.24140625 0.1359375 0.03984375
2 0.225 0.0265625 0.01328125 0.02421875
2 0.7265625 0.28046875 0.1359375 0.03984375
2 0.7265625 0.31953125 0.1359375 0.03984375
2 0.7265625 0.3578125 0.1359375 0.03984375
2 0.7265625 0.396875 0.1359375 0.03984375
2 0.23359375 0.52109375 0.05546875 0.03125
2 0.3484375 0.52109375 0.05859375 0.03125
2 0.4578125 0.52109375 0.05 0.03125
2 0.76953125 0.7171875 0.034375 0.02578125
6 0.47890625 0.7171875 0.53046875 0.02734375
2 0.7265625 0.0859375 0.1359375 0.03984375
2 0.72578125 0.125 0.1359375 0.03984375