6 0.78984375 0.20703125 0.1125 0.02265625
2 0.8390625 0.25390625 0.01015625 0.01875
2 0.32890625 0.2671875 0.15234375 0.04140625
2 0.3265625 0.303125 0.1515625 0.03515625
2 0.3265625 0.340625 0.1515625 0.03515625
2 0.3265625 0.37734375 0.1515625 0.03515625
2 0.75 0.3921875 0.159375 0.19765625
2 0.3265625 0.41484375 0.1515625 0.03515625
2 0.3265625 0.45234375 0.1515625 0.03515625
2 0.3265625 0.4890625 0.1515625 0.03515625
2 0.3265625 0.52578125 0.1515625 0.03515625
2 0.3265625 0.5625 0.1515625 0.03515625
2 0.3265625 0.59921875 0.1515625 0.03515625
2 0.3265625 0.63671875 0.1515625 0.03515625
2 0.3265625 0.67421875 0.1515625 0.03515625
2 0.3265625 0.7109375 0.1515625 0.03515625
2 0.3265625 0.7484375 0.1515625 0.03515625