2 0.0734375 0.1890625 0.09765625 0.0390625
2 0.4265625 0.19453125 0.5609375 0.38515625
2 0.0734375 0.228125 0.09765625 0.0390625
2 0.0734375 0.2671875 0.09765625 0.0390625
2 0.0734375 0.30625 0.09765625 0.0390625
2 0.0734375 0.034375 0.09765625 0.021875
2 0.0734375 0.42578125 0.09765625 0.0546875
2 0.228125 0.428125 0.07734375 0.04453125
2 0.365625 0.428125 0.1578125 0.04453125
2 0.496875 0.428125 0.06640625 0.04453125
2 0.65078125 0.428125 0.20234375 0.04453125
2 0.80859375 0.428125 0.07421875 0.04453125
2 0.90546875 0.42890625 0.103125 0.0453125
2 0.0734375 0.49609375 0.09765625 0.0546875
2 0.771875 0.715625 0.36796875 0.4109375
2 0.37421875 0.71640625 0.36796875 0.4125
6 0.90859375 0.0796875 0.0890625 0.0296875
2 0.775 0.0859375 0.0890625 0.15625
2 0.1140625 0.9625 0.0234375 0.03125
2 0.05546875 0.9625 0.0234375 0.03125
2 0.08515625 0.9625 0.0234375 0.03125
2 0.0734375 0.1 0.09765625 0.0875
2 0.925 0.1296875 0.05625 0.03515625