2 0.0734375 0.03515625 0.0984375 0.021875
2 0.0734375 0.1 0.0984375 0.0890625
2 0.0734375 0.1890625 0.0984375 0.03828125
2 0.0734375 0.228125 0.0984375 0.03828125
2 0.0734375 0.2671875 0.0984375 0.03828125
2 0.0734375 0.30625 0.0984375 0.03828125
2 0.0734375 0.42578125 0.0984375 0.05546875
2 0.0734375 0.49609375 0.0984375 0.05546875
2 0.775 0.08671875 0.0890625 0.15625
6 0.90859375 0.08046875 0.0890625 0.03125
2 0.92421875 0.1296875 0.0578125 0.03359375
2 0.9046875 0.42890625 0.103125 0.0453125
2 0.228125 0.428125 0.0765625 0.0453125
2 0.365625 0.428125 0.15859375 0.0453125
2 0.49765625 0.428125 0.0671875 0.0453125
2 0.6515625 0.428125 0.2015625 0.0453125
2 0.80859375 0.428125 0.07421875 0.0453125
2 0.375 0.63359375 0.36796875 0.24765625
2 0.771875 0.63359375 0.36796875 0.24765625
2 0.375 0.98046875 0.3703125 0.03359375
2 0.77265625 0.98046875 0.3703125 0.03359375
2 0.05546875 0.9625 0.02421875 0.03125
2 0.08515625 0.9625 0.02421875 0.03125
2 0.1140625 0.9625 0.02421875 0.03125