2 0.29921875 0.1390625 0.10078125 0.03125
2 0.434375 0.1390625 0.11015625 0.03125
2 0.59140625 0.1390625 0.1453125 0.03125
2 0.76640625 0.1390625 0.146875 0.03125
2 0.40703125 0.246875 0.07421875 0.02734375
2 0.5125 0.246875 0.0890625 0.02734375
2 0.63125 0.246875 0.10234375 0.02734375
2 0.7453125 0.246875 0.07890625 0.02734375
2 0.0890625 0.246875 0.07421875 0.0421875
2 0.1640625 0.24765625 0.0515625 0.040625
2 0.31640625 0.24765625 0.07265625 0.03828125
2 0.23671875 0.24921875 0.071875 0.04140625
2 0.5421875 0.0484375 0.02578125 0.0296875
6 0.41015625 0.0515625 0.31796875 0.04921875
2 0.5625 0.615625 0.1484375 0.05078125
2 0.27421875 0.890625 0.4265625 0.21875
2 0.7453125 0.8921875 0.46015625 0.215625
2 0.9484375 0.95234375 0.07109375 0.0953125
2 0.12109375 0.09921875 0.1703125 0.1765625