2 0.5 0.30859375 0.28359375 0.084375
2 0.5 0.4859375 0.18984375 0.05703125
2 0.38046875 0.0578125 0.21640625 0.096875
2 0.4578125 0.73671875 0.07109375 0.1796875
2 0.5421875 0.73828125 0.071875 0.1765625
2 0.375 0.73828125 0.071875 0.17890625
2 0.625 0.7390625 0.071875 0.1796875
2 0.59296875 0.86015625 0.009375 0.025
2 0.571875 0.8609375 0.0078125 0.02109375
6 0.6609375 0.0859375 0.13515625 0.03984375
2 0.721875 0.0859375 0.00859375 0.025
2 0.3109375 0.1515625 0.07890625 0.06328125
2 0.38515625 0.1515625 0.06875 0.06328125
2 0.44375 0.1515625 0.05 0.06328125
2 0.5140625 0.1515625 0.08984375 0.06328125
2 0.5984375 0.1515625 0.0796875 0.06328125
2 0.6671875 0.1515625 0.0578125 0.06328125