2 0.25625 0.015625 0.03359375 0.03125
2 0.315625 0.015625 0.08359375 0.03125
2 0.38359375 0.015625 0.05234375 0.03125
2 0.434375 0.015625 0.04921875 0.03125
2 0.48671875 0.015625 0.05625 0.03125
2 0.534375 0.015625 0.03359375 0.03125
2 0.5984375 0.015625 0.08984375 0.03125
2 0.6625 0.015625 0.0328125 0.03125
2 0.70625 0.015625 0.05546875 0.03125
2 0.31640625 0.45234375 0.12734375 0.03203125
2 0.6171875 0.64609375 0.0359375 0.09140625
2 0.265625 0.646875 0.040625 0.09296875
2 0.43984375 0.64765625 0.03515625 0.09375
6 0.4890625 0.8703125 0.11328125 0.028125
6 0.4890625 0.91875 0.11328125 0.028125
2 0.446875 0.959375 0.02890625 0.02421875
2 0.3578125 0.128125 0.23671875 0.13359375