6 0.67421875 0.165625 0.10390625 0.0296875
2 0.74296875 0.165625 0.03046875 0.0296875
2 0.2953125 0.24765625 0.12265625 0.03828125
2 0.2953125 0.2859375 0.12265625 0.03828125
2 0.2953125 0.325 0.12265625 0.03828125
2 0.2953125 0.3625 0.12265625 0.03828125
2 0.2953125 0.41171875 0.12265625 0.06015625
2 0.2953125 0.4609375 0.12265625 0.03828125
2 0.2953125 0.5 0.12265625 0.03828125
2 0.2953125 0.53828125 0.12265625 0.03828125
2 0.2953125 0.5765625 0.12265625 0.03828125
2 0.2953125 0.625 0.12265625 0.06015625
2 0.2953125 0.675 0.12265625 0.03828125
2 0.2953125 0.7140625 0.12265625 0.03828125
2 0.2953125 0.7515625 0.12265625 0.03828125
2 0.2515625 0.0765625 0.03515625 0.0453125
2 0.2953125 0.8015625 0.12265625 0.06015625
2 0.2953125 0.8515625 0.12265625 0.03828125
2 0.2953125 0.88984375 0.12265625 0.03828125
2 0.2953125 0.93984375 0.12265625 0.06015625
2 0.5984375 0.0953125 0.06484375 0.040625
2 0.665625 0.0953125 0.05234375 0.040625
2 0.7328125 0.0953125 0.06640625 0.040625
2 0.2015625 0.01328125 0.01328125 0.0125
2 0.2515625 0.13203125 0.03671875 0.03203125
2 0.2890625 0.13203125 0.0390625 0.03203125
2 0.3390625 0.13203125 0.06015625 0.03203125
2 0.396875 0.13203125 0.05625 0.03203125
2 0.4421875 0.13203125 0.03203125 0.03203125
2 0.48125 0.13203125 0.04609375 0.03203125
2 0.528125 0.13203125 0.0484375 0.03203125