2 0.665625 0.27265625 0.06484375 0.04609375
2 0.2578125 0.0296875 0.12421875 0.03203125
6 0.61875 0.0296875 0.13671875 0.03203125
2 0.71171875 0.0296875 0.046875 0.03203125
2 0.690625 0.38828125 0.11484375 0.04609375
2 0.278125 0.5953125 0.165625 0.12265625
2 0.2140625 0.08515625 0.03671875 0.03359375
2 0.253125 0.08515625 0.04296875 0.03359375
2 0.30546875 0.08515625 0.06015625 0.03359375
2 0.36796875 0.08515625 0.0671875 0.03359375
2 0.4375 0.08515625 0.07109375 0.03359375
2 0.7859375 0.0875 0.01328125 0.02109375