2 0.34921875 0.1578125 0.2625 0.0453125
2 0.35 0.2015625 0.26328125 0.03984375
6 0.58203125 0.228125 0.12265625 0.03828125
6 0.7140625 0.228125 0.12265625 0.03828125
2 0.35 0.26015625 0.2625 0.07109375
6 0.58203125 0.3265625 0.12265625 0.03828125
6 0.7140625 0.3265625 0.12265625 0.03828125
6 0.58203125 0.425 0.12265625 0.03828125
6 0.7140625 0.425 0.12265625 0.03828125
6 0.6484375 0.5234375 0.2546875 0.03828125
6 0.58203125 0.621875 0.12265625 0.03828125
6 0.7140625 0.621875 0.12265625 0.03828125
2 0.35 0.0703125 0.2609375 0.03828125
2 0.5 0.81796875 0.0640625 0.1078125
2 0.35 0.1125 0.2625 0.04296875
6 0.6484375 0.1296875 0.2546875 0.03828125