2 0.07421875 0.1125 0.1484375 0.175
6 0.86875 0.0828125 0.15390625 0.053125
6 0.93046875 0.0828125 0.02890625 0.040625
2 0.1234375 0.1609375 0.1203125 0.05078125
2 0.2328125 0.1609375 0.10078125 0.05078125
2 0.31015625 0.1609375 0.053125 0.05078125
2 0.37734375 0.1609375 0.084375 0.05078125
2 0.44453125 0.1609375 0.053125 0.05078125
2 0.55390625 0.1609375 0.1703125 0.05078125
2 0.703125 0.1609375 0.13203125 0.05078125
2 0.79921875 0.1609375 0.0625 0.05078125
2 0.884375 0.1609375 0.1078125 0.05078125
2 0.22578125 0.078125 0.07421875 0.10546875
2 0.3015625 0.078125 0.0765625 0.10546875
2 0.37734375 0.078125 0.0765625 0.10546875
2 0.4640625 0.078125 0.0984375 0.10546875
2 0.55625 0.078125 0.08671875 0.10546875
2 0.63125 0.078125 0.06015625 0.10546875
2 0.7203125 0.078125 0.11796875 0.10546875
2 0.3703125 0.25234375 0.22109375 0.0671875
2 0.59609375 0.4671875 0.18046875 0.0453125
2 0.62734375 0.4046875 0.2546875 0.4109375
2 0.8796875 0.2796875 0.22578125 0.06484375
2 0.8796875 0.35 0.22578125 0.0625
2 0.8796875 0.42890625 0.22578125 0.084375
2 0.8796875 0.51953125 0.22578125 0.084375
2 0.8796875 0.60703125 0.22578125 0.084375
2 0.8109375 0.56953125 0.09140625 0.04296875
2 0.9375 0.56953125 0.11796875 0.04296875
2 0.75 0.80546875 0.5 0.3890625