2 0.1078125 0.03828125 0.215625 0.0765625
2 0.27421875 0.03828125 0.09140625 0.0765625
2 0.34765625 0.03828125 0.06484375 0.0765625
2 0.40859375 0.03828125 0.0671875 0.0765625
2 0.4734375 0.03828125 0.0671875 0.0765625
2 0.5359375 0.03828125 0.0671875 0.0765625
2 0.61796875 0.03828125 0.10078125 0.0765625
2 0.71640625 0.03828125 0.10078125 0.0765625
2 0.81640625 0.03828125 0.103125 0.0765625
2 0.0609375 0.10078125 0.09375 0.021875
2 0.18046875 0.10234375 0.103125 0.01953125
2 0.28125 0.10078125 0.06953125 0.05078125
2 0.3796875 0.1 0.10078125 0.03125
2 0.46875 0.1 0.03125 0.03828125
2 0.55859375 0.1046875 0.103125 0.01953125
2 0.66953125 0.10078125 0.0890625 0.05078125
2 0.7828125 0.10078125 0.13203125 0.05078125
2 0.921875 0.1 0.115625 0.02421875
6 0.7140625 0.15859375 0.32421875 0.05078125
2 0.125 0.31640625 0.25 0.0265625
2 0.125 0.34140625 0.25 0.0171875
2 0.50703125 0.5265625 0.4859375 0.365625
2 0.50703125 0.74296875 0.4859375 0.03828125
2 0.50703125 0.8109375 0.4859375 0.07421875
2 0.87265625 0.4171875 0.19453125 0.146875
2 0.87265625 0.5484375 0.19453125 0.084375
2 0.87265625 0.69140625 0.19453125 0.146875
2 0.87265625 0.80859375 0.19453125 0.05546875
2 0.43125 0.990625 0.334375 0.0171875