2 0.51796875 0.021875 0.03828125 0.02890625
2 0.61796875 0.021875 0.10234375 0.02890625
2 0.709375 0.02265625 0.05078125 0.025
2 0.76484375 0.02265625 0.03125 0.025
2 0.14140625 0.3546875 0.2 0.07421875
2 0.10546875 0.55 0.08984375 0.0375
2 0.25703125 0.55 0.1734375 0.0375
2 0.40859375 0.55 0.090625 0.0375
2 0.5640625 0.55 0.18046875 0.0375
2 0.72578125 0.55 0.1046875 0.0375
2 0.93671875 0.553125 0.04375 0.03671875
6 0.8484375 0.5546875 0.103125 0.04375
2 0.0890625 0.596875 0.0578125 0.0375
2 0.1234375 0.0703125 0.2171875 0.09375
2 0.5 0.84453125 0.2875 0.3109375
2 0.1828125 0.84609375 0.2859375 0.3078125
2 0.81640625 0.846875 0.28515625 0.30625