2 0.8078125 0.01484375 0.03671875 0.0296875
6 0.3046875 0.26796875 0.109375 0.04921875
6 0.440625 0.26796875 0.109375 0.04921875
6 0.575 0.26796875 0.109375 0.04921875
2 0.5 0.0375 0.0390625 0.03203125
2 0.5 0.36796875 0.08046875 0.05625
2 0.47578125 0.0046875 0.0109375 0.009375
2 0.49140625 0.0046875 0.0109375 0.009375
2 0.50703125 0.0046875 0.0109375 0.009375
2 0.52265625 0.0046875 0.0109375 0.009375
2 0.50078125 0.57734375 0.50546875 0.234375
2 0.25 0.08671875 0.134375 0.06640625
2 0.36640625 0.08671875 0.0984375 0.06640625
2 0.4640625 0.08671875 0.09609375 0.06640625
2 0.603125 0.08671875 0.18203125 0.06640625
2 0.75546875 0.08671875 0.12265625 0.06640625
2 0.553125 0.88125 0.10390625 0.17109375
2 0.66015625 0.88125 0.10234375 0.1734375
2 0.23515625 0.88125 0.10390625 0.16875
2 0.34140625 0.88125 0.1046875 0.1703125
2 0.446875 0.88203125 0.1046875 0.16796875
2 0.76640625 0.88203125 0.1015625 0.1703125
2 0.4921875 0.9890625 0.01328125 0.02109375
2 0.5078125 0.98984375 0.0140625 0.0203125