2 0.11875 0.02421875 0.03828125 0.021875
2 0.18515625 0.02421875 0.0578125 0.021875
2 0.24765625 0.025 0.02890625 0.02421875
2 0.30546875 0.02421875 0.0484375 0.021875
2 0.37265625 0.02421875 0.05078125 0.021875
2 0.43515625 0.02421875 0.03828125 0.021875
2 0.509375 0.02421875 0.07421875 0.021875
2 0.58046875 0.02421875 0.03359375 0.021875
2 0.6359375 0.02421875 0.040625 0.021875
2 0.69453125 0.02421875 0.03828125 0.021875
2 0.75703125 0.02421875 0.05078125 0.021875
2 0.83046875 0.02421875 0.06015625 0.021875
2 0.90390625 0.02421875 0.05078125 0.021875
2 0.96171875 0.025 0.02890625 0.02421875
2 0.99609375 0.025 0.0046875 0.0265625
2 0.18359375 0.07578125 0.10078125 0.0265625
2 0.28359375 0.07578125 0.05546875 0.0265625
2 0.3578125 0.07578125 0.05078125 0.0265625
2 0.4265625 0.07578125 0.04296875 0.0265625
2 0.49140625 0.07578125 0.04296875 0.0265625
2 0.5640625 0.07578125 0.05546875 0.0265625
2 0.64453125 0.07578125 0.06015625 0.0265625
2 0.71875 0.07578125 0.0453125 0.0265625
2 0.79453125 0.07578125 0.0625 0.0265625
2 0.165625 0.4859375 0.33125 0.271875
2 0.06640625 0.79921875 0.103125 0.103125
2 0.06640625 0.93046875 0.103125 0.103125
2 0.634375 0.5171875 0.5578125 0.45703125
2 0.49140625 0.88125 0.271875 0.22109375
2 0.77734375 0.88125 0.271875 0.22109375
2 0.77890625 0.9953125 0.271875 0.00703125
2 0.96875 0.72578125 0.0625 0.1109375
2 0.79921875 0.92421875 0.0984375 0.03828125