2 0.34375 0.14375 0.17890625 0.11640625
2 0.134375 0.01796875 0.009375 0.01796875
2 0.1515625 0.01796875 0.01015625 0.01796875
6 0.7375 0.25 0.01640625 0.03125
2 0.734375 0.3265625 0.01015625 0.021875
2 0.74140625 0.353125 0.00703125 0.01484375
2 0.728125 0.3640625 0.01171875 0.0171875
2 0.6171875 0.37109375 0.01640625 0.03359375
2 0.74140625 0.39140625 0.00625 0.06171875
2 0.61328125 0.4828125 0.01328125 0.02421875
2 0.634375 0.484375 0.01484375 0.0234375
2 0.7265625 0.52421875 0.01328125 0.02109375
2 0.61796875 0.5703125 0.01796875 0.03203125
2 0.67109375 0.7984375 0.121875 0.1796875
2 0.6140625 0.91171875 0.0140625 0.0234375
2 0.634375 0.9140625 0.01484375 0.02734375
2 0.72734375 0.953125 0.0140625 0.0234375
2 0.32890625 0.99375 0.02890625 0.0125
2 0.36015625 0.99375 0.02890625 0.0125
2 0.3921875 0.99375 0.028125 0.0125
2 0.2984375 0.99375 0.028125 0.0125