2 0.5953125 0.15078125 0.1046875 0.0390625
6 0.80625 0.15078125 0.25390625 0.0390625
2 0.9484375 0.15078125 0.0296875 0.0390625
2 0.553125 0.02890625 0.03203125 0.02578125
2 0.6140625 0.02890625 0.0328125 0.02578125
2 0.6796875 0.02890625 0.040625 0.02578125
2 0.821875 0.02890625 0.01953125 0.02578125
2 0.84375 0.02890625 0.01953125 0.02578125
2 0.865625 0.02890625 0.01953125 0.02578125
2 0.88671875 0.02890625 0.01953125 0.02578125
2 0.9078125 0.02890625 0.01953125 0.02578125
2 0.9296875 0.02890625 0.01953125 0.02578125
2 0.9515625 0.02890625 0.01953125 0.02578125
2 0.1625 0.02890625 0.25078125 0.040625
2 0.61640625 0.45703125 0.2265625 0.34609375
2 0.85 0.45703125 0.22578125 0.34609375
2 0.26640625 0.6359375 0.4578125 0.7046875
2 0.61640625 0.81484375 0.2265625 0.34609375
2 0.85 0.81484375 0.22578125 0.34609375
2 0.178125 0.12578125 0.28203125 0.0875