2 0.60078125 0.134375 0.0359375 0.04921875
2 0.1578125 0.13515625 0.0765625 0.0546875
2 0.23359375 0.13515625 0.01875 0.0546875
2 0.28984375 0.13515625 0.0359375 0.0546875
2 0.359375 0.13515625 0.046875 0.0546875
2 0.45234375 0.13515625 0.08203125 0.0546875
2 0.54140625 0.13515625 0.03984375 0.0546875
2 0.05546875 0.13515625 0.071875 0.0546875
2 0.8796875 0.13515625 0.01484375 0.0546875
2 0.9046875 0.13515625 0.015625 0.0546875
2 0.92890625 0.13515625 0.01484375 0.0546875
2 0.95390625 0.13515625 0.01484375 0.0546875
2 0.5 0.209375 0.96171875 0.09375
2 0.334375 0.42265625 0.6296875 0.2875
2 0.8375 0.42421875 0.3 0.10390625
2 0.434375 0.53984375 0.03984375 0.053125
2 0.52421875 0.53984375 0.13359375 0.02734375
2 0.20625 0.646875 0.1203125 0.1390625
2 0.334375 0.646875 0.11875 0.1390625
2 0.46171875 0.646875 0.1203125 0.1390625
2 0.5890625 0.646875 0.11875 0.1390625
2 0.07890625 0.646875 0.11875 0.1390625
6 0.28984375 0.0671875 0.1609375 0.0453125
2 0.44375 0.0671875 0.13671875 0.0453125
2 0.58515625 0.0671875 0.13671875 0.0453125
2 0.88046875 0.06875 0.08125 0.03359375
2 0.97109375 0.06953125 0.0578125 0.0453125
2 0.834375 0.696875 0.1171875 0.03671875
2 0.1109375 0.0734375 0.1828125 0.05859375
2 0.63125 0.7921875 0.03515625 0.03515625
2 0.74765625 0.81484375 0.12890625 0.03125
2 0.33671875 0.8171875 0.64140625 0.15703125
2 0.63125 0.821875 0.0390625 0.053125
2 0.6328125 0.86640625 0.028125 0.02109375
2 0.33671875 0.953125 0.64375 0.09296875
2 0.63125 0.959375 0.03515625 0.03515625
2 0.63125 0.98125 0.0390625 0.0375