2 0.81875 0.02265625 0.01640625 0.0265625
2 0.1953125 0.02265625 0.0453125 0.0265625
2 0.3375 0.02265625 0.03984375 0.0453125
2 0.390625 0.02265625 0.06484375 0.0453125
2 0.4515625 0.02265625 0.0578125 0.0453125
2 0.5046875 0.02265625 0.04609375 0.0453125
2 0.5484375 0.02265625 0.0421875 0.0453125
2 0.5953125 0.02265625 0.05078125 0.0453125
2 0.66875 0.02265625 0.0953125 0.0453125
6 0.76640625 0.02265625 0.08828125 0.0265625
2 0.253125 0.02265625 0.046875 0.03984375
2 0.77578125 0.22421875 0.103125 0.0515625
2 0.50390625 0.225 0.14140625 0.0703125
2 0.5 0.61796875 0.328125 0.0671875
2 0.7859375 0.09921875 0.08203125 0.10703125
2 0.2140625 0.09921875 0.08203125 0.10703125
2 0.2953125 0.09921875 0.08203125 0.10703125
2 0.37734375 0.09921875 0.08203125 0.10703125
2 0.459375 0.09921875 0.08203125 0.10703125
2 0.540625 0.09921875 0.08203125 0.10703125
2 0.62265625 0.09921875 0.08203125 0.10703125
2 0.7046875 0.09921875 0.08203125 0.10703125