2 0.015625 0.01484375 0.021875 0.0125
2 0.18515625 0.1453125 0.00859375 0.01015625
2 0.07421875 0.1453125 0.00859375 0.01015625
6 0.3265625 0.01796875 0.07109375 0.01796875
2 0.378125 0.01796875 0.02890625 0.02109375
2 0.0390625 0.16875 0.04765625 0.05078125
2 0.078125 0.01953125 0.01796875 0.01796875
2 0.115625 0.01953125 0.0171875 0.01796875
2 0.1359375 0.01953125 0.01796875 0.01796875
2 0.1703125 0.01953125 0.02421875 0.01796875
2 0.1984375 0.01953125 0.03046875 0.01796875
2 0.096875 0.0203125 0.0171875 0.01953125
2 0.1515625 0.0203125 0.01015625 0.01796875
2 0.23203125 0.25625 0.10546875 0.1421875
2 0.29765625 0.46484375 0.00859375 0.015625
2 0.1875 0.578125 0.0125 0.0125
2 0.2765625 0.61484375 0.01171875 0.0125
2 0.0828125 0.09375 0.0296875 0.0125
2 0.03125 0.09296875 0.0625 0.0609375
2 0.3828125 0.09375 0.02578125 0.04609375