2 0.03125 0.0140625 0.059375 0.025
2 0.27421875 0.1875 0.0265625 0.01015625
2 0.159375 0.25625 0.19453125 0.1296875
2 0.26796875 0.3765625 0.0078125 0.01328125
2 0.2828125 0.41640625 0.0390625 0.01796875
2 0.321875 0.41796875 0.03125 0.0203125
2 0.209375 0.61484375 0.09453125 0.04765625
2 0.028125 0.06953125 0.05625 0.0546875
2 0.34453125 0.071875 0.0234375 0.04765625
2 0.0796875 0.071875 0.03515625 0.01171875
2 0.20859375 0.91796875 0.0953125 0.12578125
2 0.321875 0.0125 0.06875 0.01796875
6 0.18515625 0.0125 0.08671875 0.01796875
2 0.246875 0.01328125 0.03125 0.01796875