2 0.83984375 0.0875 0.0484375 0.03359375
2 0.93125 0.0875 0.11796875 0.03359375
2 0.5 0.06484375 0.38671875 0.0796875
6 0.87109375 0.15859375 0.06015625 0.06953125
2 0.02265625 0.15859375 0.0453125 0.03125
2 0.07421875 0.15859375 0.0578125 0.03125
2 0.14296875 0.15859375 0.08203125 0.03125
2 0.24765625 0.15859375 0.12734375 0.03125
2 0.34609375 0.15859375 0.06953125 0.03125
2 0.42578125 0.15859375 0.09140625 0.03125
2 0.50234375 0.15859375 0.0625 0.03125
2 0.56484375 0.15859375 0.06484375 0.03125
2 0.6453125 0.15859375 0.09609375 0.03125
2 0.73203125 0.15859375 0.0765625 0.03125
2 0.8078125 0.15859375 0.0765625 0.03125
2 0.15625 0.37109375 0.25234375 0.22578125
2 0.15625 0.9328125 0.2546875 0.13203125
2 0.5 0.4125 0.37734375 0.31015625
2 0.3578125 0.83046875 0.09375 0.125
2 0.7484375 0.29921875 0.0625 0.08203125
2 0.7484375 0.40859375 0.0625 0.08203125
2 0.7484375 0.55078125 0.0625 0.08203125
2 0.7484375 0.7203125 0.0625 0.08203125
2 0.765625 0.95546875 0.09609375 0.08671875