2 0.1609375 0.0421875 0.25 0.0140625
2 0.553125 0.02890625 0.03359375 0.0265625
2 0.6140625 0.02890625 0.03359375 0.0265625
2 0.68046875 0.02890625 0.040625 0.0265625
2 0.821875 0.02890625 0.01953125 0.0265625
2 0.84375 0.02890625 0.01953125 0.0265625
2 0.865625 0.02890625 0.01953125 0.0265625
2 0.88671875 0.02890625 0.01953125 0.0265625
2 0.90859375 0.02890625 0.01953125 0.0265625
2 0.93046875 0.02890625 0.01953125 0.0265625
2 0.95078125 0.02890625 0.01953125 0.0265625
2 0.178125 0.1265625 0.28359375 0.08671875
2 0.5953125 0.1515625 0.103125 0.03828125
6 0.80625 0.1515625 0.2546875 0.03828125
6 0.9484375 0.1515625 0.02890625 0.03828125
2 0.265625 0.6359375 0.459375 0.7046875
2 0.61640625 0.45703125 0.22578125 0.34609375
2 0.85 0.45703125 0.22578125 0.34609375
2 0.61640625 0.81484375 0.22578125 0.34609375
2 0.85 0.81484375 0.22578125 0.34609375