2 0.1109375 0.0734375 0.1828125 0.06015625
6 0.28984375 0.0671875 0.1609375 0.0453125
2 0.44375 0.0671875 0.13671875 0.0453125
2 0.58515625 0.0671875 0.13671875 0.0453125
2 0.8796875 0.06875 0.08203125 0.03359375
2 0.97109375 0.06953125 0.0578125 0.0484375
2 0.05546875 0.1359375 0.071875 0.05546875
2 0.8796875 0.1359375 0.0140625 0.05546875
2 0.90390625 0.1359375 0.0171875 0.05546875
2 0.92890625 0.1359375 0.0140625 0.05546875
2 0.953125 0.1359375 0.0140625 0.05546875
2 0.15859375 0.1359375 0.0765625 0.05546875
2 0.234375 0.1359375 0.01953125 0.05546875
2 0.28984375 0.1359375 0.0359375 0.05546875
2 0.359375 0.1359375 0.0484375 0.05546875
2 0.4515625 0.1359375 0.08203125 0.05546875
2 0.5421875 0.1359375 0.03828125 0.05546875
2 0.14453125 0.18984375 0.05078125 0.05546875
2 0.22578125 0.18984375 0.0578125 0.05546875
2 0.31640625 0.18984375 0.0671875 0.05546875
2 0.39921875 0.18984375 0.04296875 0.05546875
2 0.5 0.21015625 1 0.09609375
2 0.21171875 0.4234375 0.384375 0.2859375
2 0.43359375 0.53984375 0.040625 0.053125
2 0.52421875 0.53984375 0.134375 0.02890625
2 0.0796875 0.646875 0.11796875 0.1390625
2 0.20703125 0.646875 0.1203125 0.1390625
2 0.334375 0.646875 0.11796875 0.1390625
2 0.46171875 0.646875 0.1203125 0.1390625
2 0.5890625 0.646875 0.1203125 0.1390625
2 0.63125 0.7921875 0.03359375 0.0359375
2 0.63125 0.821875 0.03828125 0.053125
2 0.63125 0.959375 0.03359375 0.0359375
2 0.63125 0.98046875 0.03828125 0.0359375
2 0.8375 0.42421875 0.30078125 0.10546875
2 0.834375 0.696875 0.11796875 0.0359375
2 0.796875 0.81484375 0.03359375 0.03125