2 0.228125 0.17265625 0.10390625 0.0265625
2 0.91796875 0.20625 0.021875 0.04375
2 0.253125 0.20703125 0.1171875 0.0453125
2 0.371875 0.20703125 0.1171875 0.0453125
2 0.48984375 0.20703125 0.1171875 0.0453125
2 0.60859375 0.20703125 0.1171875 0.0453125
2 0.72734375 0.20703125 0.1171875 0.0453125
2 0.1828125 0.2078125 0.01328125 0.04609375
2 0.91484375 0.02265625 0.01796875 0.0296875
2 0.68359375 0.0234375 0.03125 0.04609375
6 0.83046875 0.02421875 0.15234375 0.02734375
2 0.196875 0.096875 0.04140625 0.07421875
2 0.309375 0.09765625 0.16953125 0.05234375
6 0.50390625 0.975 0.3515625 0.04921875
2 0.7265625 0.97578125 0.090625 0.0484375