2 0.2484375 0.05546875 0.12890625 0.1109375
2 0.71328125 0.5703125 0.38671875 0.4171875
2 0.265625 0.640625 0.0984375 0.065625
2 0.7828125 0.07890625 0.05234375 0.06640625
2 0.84375 0.07890625 0.04921875 0.06640625
2 0.8953125 0.07890625 0.0328125 0.06640625
2 0.3890625 0.07890625 0.0328125 0.06640625
2 0.44453125 0.07890625 0.05859375 0.06640625
2 0.5171875 0.07890625 0.06484375 0.06640625
2 0.578125 0.07890625 0.03671875 0.06640625
2 0.64375 0.07890625 0.075 0.06640625
2 0.71875 0.07890625 0.05390625 0.06640625
2 0.896875 0.13671875 0.01015625 0.015625
6 0.82734375 0.1375 0.15859375 0.03515625