2 0.253125 0.04609375 0.0921875 0.09140625
2 0.634375 0.46796875 0.3171875 0.34296875
2 0.2671875 0.525 0.08046875 0.0578125
2 0.7828125 0.0640625 0.02734375 0.0546875
2 0.3671875 0.0640625 0.02578125 0.0546875
2 0.4125 0.0640625 0.04765625 0.0546875
2 0.471875 0.0640625 0.053125 0.0546875
2 0.521875 0.0640625 0.0296875 0.0546875
2 0.5765625 0.0640625 0.06171875 0.0546875
2 0.6375 0.0640625 0.04453125 0.0546875
2 0.690625 0.0640625 0.04296875 0.0546875
2 0.740625 0.0640625 0.03984375 0.0546875
2 0.784375 0.11171875 0.00859375 0.0125
6 0.728125 0.1125 0.13125 0.0296875