2 0.02734375 0.01953125 0.0546875 0.0390625
2 0.39921875 0.196875 0.028125 0.02265625
6 0.5296875 0.19921875 0.228125 0.01875
2 0.6625 0.19921875 0.03359375 0.01875
2 0.2875 0.23046875 0.0203125 0.0203125
2 0.4484375 0.23046875 0.02109375 0.0203125
2 0.4703125 0.23046875 0.02265625 0.0203125
2 0.4921875 0.23046875 0.01796875 0.0203125
2 0.5234375 0.23046875 0.0453125 0.0203125
2 0.56015625 0.23046875 0.0265625 0.0203125
2 0.58984375 0.23046875 0.03203125 0.0203125
2 0.61796875 0.23046875 0.0234375 0.0203125
2 0.64140625 0.23046875 0.02265625 0.0203125
2 0.3109375 0.23203125 0.01796875 0.02421875
2 0.3390625 0.23203125 0.0359375 0.02421875
2 0.36875 0.23203125 0.0203125 0.02421875
2 0.3890625 0.23203125 0.01875 0.02421875
2 0.409375 0.23203125 0.01796875 0.02421875
2 0.4296875 0.23203125 0.02109375 0.02421875
2 0.490625 0.384375 0.05859375 0.0171875
2 0.55078125 0.384375 0.05859375 0.0171875
2 0.32578125 0.8265625 0.0796875 0.02578125
2 0.6609375 0.88125 0.0078125 0.0171875
2 0.35 0.1328125 0.1578125 0.09296875