2 0.640625 0.17734375 0.14140625 0.05625
2 0.9265625 0.178125 0.146875 0.05625
2 0.7828125 0.17890625 0.14140625 0.05625
2 0.2171875 0.17890625 0.14140625 0.05625
2 0.35859375 0.17890625 0.14140625 0.05625
2 0.5 0.17890625 0.14140625 0.05625
2 0.0765625 0.17890625 0.14140625 0.05625
2 0.92578125 0.01875 0.0140625 0.02578125
2 0.94609375 0.01953125 0.01328125 0.0265625
2 0.98515625 0.01953125 0.0125 0.02578125
2 0.965625 0.01953125 0.0140625 0.02578125
2 0.115625 0.6421875 0.01796875 0.03203125
2 0.69296875 0.64296875 0.0171875 0.0328125
2 0.8859375 0.64296875 0.01484375 0.03203125
2 0.30859375 0.64296875 0.01484375 0.03203125
2 0.5 0.64375 0.01640625 0.03359375
2 0.11640625 0.09453125 0.20859375 0.06328125
6 0.88828125 0.09453125 0.1546875 0.028125
2 0.978125 0.0953125 0.01953125 0.03359375