2 0.64765625 0.04296875 0.0171875 0.03984375
2 0.66953125 0.04296875 0.01640625 0.03828125
2 0.690625 0.04296875 0.01640625 0.03828125
2 0.7125 0.04296875 0.01640625 0.03828125
2 0.734375 0.04296875 0.01640625 0.03828125
2 0.2828125 0.06953125 0.0515625 0.115625
2 0.6921875 0.825 0.03125 0.0328125
6 0.63671875 0.82890625 0.07734375 0.03046875
2 0.29609375 0.859375 0.07734375 0.02890625
2 0.3625 0.859375 0.05078125 0.02890625
2 0.5921875 0.09296875 0.0328125 0.04296875
2 0.6234375 0.09296875 0.02734375 0.04296875
2 0.6609375 0.09296875 0.04921875 0.04296875
2 0.6984375 0.09296875 0.025 0.04296875
2 0.72578125 0.09296875 0.0296875 0.04296875