6 0.309375 0.3578125 0.140625 0.0453125
2 0.309375 0.409375 0.140625 0.040625
2 0.6234375 0.490625 0.0234375 0.0515625
2 0.28828125 0.0578125 0.13359375 0.06328125
2 0.28125 0.71640625 0.08671875 0.50859375
2 0.2890625 0.1375 0.0859375 0.03671875
2 0.371875 0.1375 0.05 0.03671875
2 0.4421875 0.1375 0.06171875 0.03671875
2 0.5140625 0.1375 0.05546875 0.03671875
2 0.5734375 0.1375 0.0359375 0.03671875
2 0.62265625 0.1375 0.034375 0.03671875
2 0.6703125 0.1375 0.03359375 0.03671875
2 0.71171875 0.1375 0.0203125 0.03671875
2 0.74921875 0.1375 0.0265625 0.03671875
2 0.62265625 0.28984375 0.0078125 0.015625
2 0.63046875 0.28984375 0.0078125 0.01484375
2 0.5171875 0.40078125 0.234375 0.2359375