2 0.63046875 0.0328125 0.06328125 0.0265625
2 0.25234375 0.03359375 0.0375 0.0671875
2 0.6890625 0.03359375 0.01796875 0.01953125
6 0.7296875 0.03359375 0.02578125 0.02265625
2 0.7546875 0.03359375 0.02421875 0.01796875
2 0.41171875 0.03359375 0.04765625 0.034375
2 0.51953125 0.034375 0.07734375 0.02890625
2 0.4578125 0.03515625 0.04140625 0.03125
2 0.578125 0.03515625 0.0375 0.03359375
2 0.36015625 0.0359375 0.0484375 0.0328125
2 0.309375 0.0359375 0.046875 0.03359375
2 0.3234375 0.41875 0.08359375 0.0421875
2 0.3296875 0.73515625 0.14140625 0.1671875
2 0.3296875 0.91484375 0.140625 0.1625
2 0.5 0.73359375 0.1421875 0.165625
2 0.5 0.9125 0.14140625 0.165625
2 0.67109375 0.73515625 0.14296875 0.16328125
2 0.67109375 0.915625 0.140625 0.16484375