2 0.70625 0.4171875 0.15703125 0.04375
2 0.70625 0.53984375 0.15703125 0.04375
2 0.70625 0.66328125 0.15703125 0.04375
2 0.2515625 0.0703125 0.06015625 0.0390625
2 0.3140625 0.0703125 0.06015625 0.0390625
2 0.3765625 0.0703125 0.06015625 0.0390625
2 0.43828125 0.0703125 0.06015625 0.0390625
2 0.50078125 0.0703125 0.06015625 0.0390625
2 0.56328125 0.0703125 0.06015625 0.0390625
2 0.70625 0.7078125 0.15703125 0.04375
2 0.70625 0.75078125 0.15703125 0.04375
2 0.70625 0.79453125 0.15703125 0.04375
6 0.70546875 0.0109375 0.1578125 0.021875
2 0.77578125 0.0125 0.01796875 0.025
2 0.70625 0.13984375 0.15703125 0.04375