2 0.90859375 0.1828125 0.02421875 0.0265625
2 0.94921875 0.1828125 0.0625 0.0265625
2 0.0828125 0.23671875 0.12734375 0.0578125
2 0.2125 0.23671875 0.08671875 0.084375
2 0.28984375 0.23671875 0.06953125 0.084375
2 0.35 0.23671875 0.05078125 0.084375
2 0.42578125 0.23671875 0.103125 0.084375
2 0.5140625 0.23671875 0.0796875 0.084375
2 0.59609375 0.23671875 0.08671875 0.084375
2 0.7359375 0.23671875 0.19453125 0.084375
2 0.88828125 0.23671875 0.11328125 0.084375
2 0.12265625 0.384375 0.0796875 0.0625
2 0.2171875 0.384375 0.11328125 0.0625
2 0.3390625 0.384375 0.13203125 0.0625
2 0.4359375 0.384375 0.06484375 0.0625
2 0.5109375 0.384375 0.08671875 0.0625
2 0.6 0.384375 0.09609375 0.0625
2 0.67421875 0.384375 0.05546875 0.0625
2 0.32578125 0.69140625 0.61328125 0.48828125
2 0.3234375 0.9796875 0.134375 0.03828125
2 0.71640625 0.509375 0.09609375 0.125
2 0.71640625 0.6578125 0.09609375 0.12734375
2 0.71640625 0.81875 0.09609375 0.12734375
2 0.71640625 0.95078125 0.09609375 0.09609375