2 0.28125 0.215625 0.0515625 0.0546875
2 0.3375 0.215625 0.06015625 0.0546875
2 0.40390625 0.215625 0.07265625 0.0546875
2 0.4703125 0.215625 0.06015625 0.0546875
2 0.5515625 0.215625 0.1 0.0546875
2 0.63671875 0.215625 0.07109375 0.0546875
2 0.69921875 0.215625 0.05234375 0.0546875
2 0.6671875 0.03203125 0.01015625 0.01796875
2 0.67890625 0.03203125 0.01015625 0.01796875
2 0.690625 0.03203125 0.01015625 0.01796875
2 0.703125 0.03203125 0.01015625 0.01796875
2 0.71484375 0.03203125 0.01015625 0.01796875
2 0.7265625 0.03203125 0.01015625 0.01796875
2 0.7390625 0.03203125 0.01015625 0.01796875
2 0.61171875 0.384375 0.24375 0.24609375
2 0.31171875 0.48203125 0.06015625 0.03203125
2 0.27578125 0.575 0.04140625 0.0390625
2 0.27109375 0.6671875 0.03125 0.05625
2 0.328125 0.10703125 0.1453125 0.08046875
6 0.6796875 0.10703125 0.09921875 0.03125
2 0.7375 0.10703125 0.015625 0.03125
2 0.690625 0.49140625 0.00859375 0.01640625
2 0.70234375 0.49140625 0.0078125 0.01640625
2 0.7125 0.49140625 0.0078125 0.01484375
2 0.7234375 0.49140625 0.0078125 0.01484375