2 0.21875 0.0140625 0.07421875 0.0203125
2 0.21953125 0.1765625 0.06328125 0.034375
2 0.29375 0.1765625 0.08515625 0.034375
2 0.3734375 0.1765625 0.07421875 0.034375
2 0.45703125 0.1765625 0.09296875 0.034375
2 0.6140625 0.1765625 0.06953125 0.034375
2 0.6765625 0.1765625 0.05546875 0.034375
2 0.540625 0.18515625 0.075 0.0515625
6 0.42109375 0.259375 0.48046875 0.02890625
2 0.6484375 0.53125 0.0890625 0.1875
2 0.3765625 0.54609375 0.05234375 0.02578125
2 0.196875 0.090625 0.04140625 0.07578125
2 0.6546875 0.090625 0.0078125 0.02734375
2 0.665625 0.090625 0.01171875 0.02734375
2 0.67890625 0.090625 0.0109375 0.02734375
2 0.6921875 0.090625 0.0109375 0.02734375
2 0.70546875 0.090625 0.0109375 0.02734375