6 0.73359375 0.20625 0.05390625 0.01953125
2 0.27734375 0.21796875 0.1328125 0.0875
2 0.72265625 0.24140625 0.01953125 0.02109375
2 0.27734375 0.02890625 0.1328125 0.0578125
2 0.27734375 0.36640625 0.13359375 0.1625
2 0.48984375 0.41953125 0.26015625 0.62421875
2 0.278125 0.54375 0.13359375 0.13828125
2 0.50859375 0.97734375 0.29609375 0.0453125
2 0.27734375 0.11640625 0.1328125 0.0875
2 0.278125 0.3671875 0.0359375 0.04296875
2 0.27890625 0.5578125 0.0359375 0.046875
2 0.325 0.50703125 0.01796875 0.0359375
2 0.228125 0.50703125 0.02109375 0.040625
2 0.228125 0.31640625 0.0234375 0.04140625
2 0.325 0.315625 0.015625 0.0390625