2 0.63203125 0.178125 0.0703125 0.02734375
2 0.6984375 0.178125 0.05703125 0.0296875
2 0.51484375 0.17890625 0.06796875 0.03125
2 0.5734375 0.17890625 0.04296875 0.0296875
2 0.39921875 0.1796875 0.05546875 0.03203125
2 0.29921875 0.1796875 0.0453125 0.0328125
2 0.34609375 0.18046875 0.04296875 0.03125
2 0.45625 0.18125 0.046875 0.0296875
2 0.671875 0.2890625 0.09375 0.13515625
2 0.5203125 0.07578125 0.39453125 0.1046875
2 0.6375 0.765625 0.02109375 0.0390625
2 0.6609375 0.765625 0.02109375 0.0390625
6 0.6703125 0.865625 0.08984375 0.0203125
2 0.64609375 0.89375 0.03984375 0.02890625
2 0.28359375 0.95703125 0.0125 0.02265625