2 0.5 0.0015625 1 0.00234375
2 0.140625 0.30859375 0.196875 0.02421875
2 0.11796875 0.35234375 0.15390625 0.02421875
2 0.140625 0.42578125 0.19921875 0.04296875
2 0.140625 0.4671875 0.19921875 0.02421875
2 0.140625 0.5 0.19921875 0.02421875
2 0.140625 0.53125 0.19921875 0.02421875
2 0.140625 0.5640625 0.19921875 0.02421875
2 0.140625 0.59609375 0.19921875 0.02421875
2 0.140625 0.62890625 0.19921875 0.02421875
2 0.140625 0.66015625 0.19921875 0.02421875
2 0.140625 0.803125 0.19921875 0.12265625
2 0.140625 0.896875 0.19921875 0.06015625
2 0.140625 0.9390625 0.19921875 0.01171875
2 0.890625 0.2640625 0.03828125 0.03125
2 0.71171875 0.3578125 0.0671875 0.03125