2 0.6390625 0.4109375 0.07578125 0.04296875
6 0.45703125 0.4125 0.2671875 0.04609375
2 0.46015625 0.05234375 0.08515625 0.0390625
2 0.55546875 0.05234375 0.1 0.0390625
2 0.06171875 0.05234375 0.08515625 0.0390625
2 0.65390625 0.05234375 0.09453125 0.0390625
2 0.73515625 0.05234375 0.06953125 0.0390625
2 0.79609375 0.05234375 0.05546875 0.0390625
2 0.87578125 0.05234375 0.0640625 0.0390625
2 0.94375 0.05234375 0.0734375 0.0390625
2 0.28515625 0.778125 0.21484375 0.2953125
2 0.5 0.778125 0.21484375 0.2953125
2 0.71484375 0.778125 0.21484375 0.2953125