2 0.0625 0.0515625 0.08671875 0.03828125
2 0.46015625 0.0515625 0.08671875 0.03828125
2 0.55546875 0.0515625 0.10078125 0.03828125
2 0.65390625 0.0515625 0.09609375 0.03828125
2 0.734375 0.0515625 0.06953125 0.03828125
2 0.796875 0.0515625 0.05546875 0.03828125
2 0.8765625 0.0515625 0.06484375 0.03828125
2 0.94375 0.0515625 0.07421875 0.03828125
6 0.4578125 0.4109375 0.24765625 0.0359375
2 0.28515625 0.77734375 0.21640625 0.2953125
2 0.5 0.77734375 0.21640625 0.2953125
2 0.71484375 0.77734375 0.21640625 0.2953125