2 0.86796875 0.93984375 0.11328125 0.01953125
2 0.5 0.00390625 1 0.00703125
2 0.4984375 0.2484375 0.996875 0.496875
2 0.06640625 0.56875 0.06953125 0.12734375
2 0.1625 0.54921875 0.0671875 0.11328125
2 0.2765625 0.54921875 0.0890625 0.11328125
2 0.396875 0.54921875 0.08671875 0.11328125
2 0.5203125 0.54921875 0.09140625 0.11328125
2 0.63359375 0.54921875 0.06484375 0.11328125
2 0.9109375 0.54921875 0.11796875 0.11328125
6 0.7671875 0.646875 0.05078125 0.04296875
2 0.83671875 0.646875 0.09140625 0.04296875
6 0.921875 0.646875 0.0625 0.04296875
2 0.0984375 0.99375 0.134375 0.009375
6 0.15 0.87890625 0.3 0.0609375
6 0.24765625 0.8796875 0.1078125 0.06015625