2 0.0609375 0.2234375 0.0390625 0.06875
2 0.16875 0.22421875 0.1765625 0.0703125
2 0.3203125 0.22421875 0.1265625 0.0703125
2 0.44453125 0.22421875 0.12109375 0.0703125
2 0.60390625 0.22421875 0.1984375 0.0703125
2 0.75703125 0.22421875 0.1078125 0.0703125
2 0.884375 0.22421875 0.1484375 0.0703125
2 0.9453125 0.303125 0.015625 0.02109375
2 0.05859375 0.62578125 0.03515625 0.0765625
2 0.94140625 0.62578125 0.03515625 0.0765625
2 0.70625 0.659375 0.12734375 0.0375
2 0.88671875 0.0703125 0.0609375 0.02578125
2 0.9390625 0.0703125 0.03984375 0.02578125
2 0.30859375 0.86875 0.20703125 0.05234375
2 0.50859375 0.86875 0.19453125 0.05234375
2 0.7 0.86875 0.190625 0.05234375
2 0.23203125 0.09921875 0.4109375 0.11875
2 0.2703125 0.99296875 0.459375 0.0140625
2 0.7296875 0.99296875 0.459375 0.0140625
2 0.56953125 0.11171875 0.1859375 0.03671875
6 0.8 0.11171875 0.25625 0.0390625
2 0.9421875 0.11171875 0.0328125 0.0390625