2 0.56953125 0.11171875 0.18515625 0.0359375
2 0.88671875 0.06953125 0.06015625 0.0265625
2 0.9390625 0.06953125 0.03828125 0.0265625
6 0.79921875 0.11171875 0.25703125 0.03828125
2 0.9421875 0.11171875 0.03359375 0.03828125
2 0.06015625 0.2234375 0.03828125 0.0671875
2 0.16796875 0.2234375 0.178125 0.06953125
2 0.31953125 0.2234375 0.12734375 0.06953125
2 0.44453125 0.2234375 0.12265625 0.06953125
2 0.6046875 0.2234375 0.19921875 0.06953125
2 0.75703125 0.2234375 0.10546875 0.06953125
2 0.884375 0.2234375 0.14921875 0.06953125
2 0.94453125 0.303125 0.0171875 0.021875
2 0.04921875 0.4515625 0.0171875 0.00703125
2 0.05859375 0.6265625 0.0359375 0.0765625
2 0.94140625 0.6265625 0.03359375 0.0765625
2 0.30859375 0.86875 0.20703125 0.053125
2 0.50859375 0.86875 0.19453125 0.053125
2 0.69921875 0.86875 0.18984375 0.053125
2 0.2703125 0.99296875 0.459375 0.01171875
2 0.7296875 0.99296875 0.46171875 0.01171875