2 0.69453125 0.140625 0.06171875 0.0171875
2 0.42734375 0.2046875 0.05859375 0.05078125
2 0.2890625 0.2046875 0.03828125 0.05078125
2 0.37265625 0.2046875 0.05 0.05078125
2 0.58984375 0.2046875 0.05078125 0.05078125
2 0.6921875 0.2046875 0.053125 0.05078125
2 0.4828125 0.2046875 0.05078125 0.05
2 0.640625 0.20546875 0.04921875 0.04921875
2 0.328125 0.20546875 0.0390625 0.05078125
2 0.53671875 0.20546875 0.0546875 0.0515625
2 0.7 0.02578125 0.053125 0.0171875
6 0.6265625 0.0265625 0.20703125 0.02734375
2 0.5 0.359375 0.459375 0.2078125
2 0.43671875 0.50390625 0.17109375 0.03203125
2 0.6734375 0.540625 0.103125 0.025
2 0.43671875 0.5453125 0.17109375 0.03203125
2 0.6734375 0.56796875 0.103125 0.025
2 0.6734375 0.5953125 0.103125 0.025
2 0.6734375 0.621875 0.103125 0.025
2 0.6734375 0.64921875 0.103125 0.025
2 0.6734375 0.67578125 0.103125 0.025
2 0.6734375 0.70234375 0.103125 0.025
2 0.43671875 0.72578125 0.17109375 0.03203125
2 0.6734375 0.83515625 0.103125 0.09296875
2 0.43671875 0.92109375 0.17109375 0.03203125
6 0.58984375 0.109375 0.08828125 0.01796875
6 0.68125 0.109375 0.08828125 0.01796875
2 0.3625 0.115625 0.18359375 0.0953125
6 0.55078125 0.1375 0.00625 0.01015625
2 0.6734375 0.97734375 0.10390625 0.0453125