2 0.5 0.25859375 0.71015625 0.1171875
2 0.8109375 0.38203125 0.3015625 0.09375
2 0.02421875 0.04140625 0.0484375 0.06484375
2 0.96953125 0.0421875 0.05 0.07265625
2 0.075 0.0421875 0.04609375 0.0625
2 0.51875 0.04296875 0.83203125 0.0828125
2 0.50078125 0.46484375 0.2921875 0.225
2 0.8125 0.496875 0.30625 0.10625
2 0.1875 0.58828125 0.29140625 0.47890625
2 0.8125 0.6171875 0.30078125 0.1109375
2 0.5 0.71484375 0.29140625 0.2265625
2 0.81171875 0.74140625 0.30078125 0.10703125
2 0.8140625 0.85859375 0.3078125 0.09375
2 0.18828125 0.88203125 0.29609375 0.04921875
2 0.4921875 0.88203125 0.2765625 0.05703125
2 0.50234375 0.90546875 0.03671875 0.02890625
2 0.80546875 0.953125 0.11875 0.04140625
2 0.97265625 0.9546875 0.02734375 0.03984375
2 0.94296875 0.1140625 0.03203125 0.04296875
2 0.09296875 0.11796875 0.1234375 0.0453125
6 0.8125 0.12578125 0.29296875 0.0609375