2 0.4703125 0.13046875 0.07734375 0.0328125
2 0.6640625 0.13203125 0.0609375 0.0296875
2 0.73046875 0.13203125 0.05 0.0296875
2 0.340625 0.1328125 0.04765625 0.02734375
2 0.23515625 0.1328125 0.0546875 0.02578125
2 0.39921875 0.13359375 0.05078125 0.02734375
2 0.29140625 0.13359375 0.0375 0.02578125
2 0.15859375 0.1359375 0.07890625 0.03125
6 0.78828125 0.20546875 0.16484375 0.0234375
2 0.72265625 0.3171875 0.0234375 0.0328125
2 0.75 0.3171875 0.0234375 0.0328125
2 0.77734375 0.3171875 0.0234375 0.0328125
2 0.8046875 0.3171875 0.0234375 0.0328125
2 0.83203125 0.3171875 0.0234375 0.0328125
2 0.859375 0.3171875 0.0234375 0.0328125
2 0.78984375 0.41015625 0.15234375 0.0390625
2 0.79375 0.46953125 0.13046875 0.06328125
2 0.7921875 0.59609375 0.07421875 0.0796875
2 0.2640625 0.06171875 0.290625 0.10078125
2 0.871875 0.0640625 0.01875 0.02265625
6 0.7875 0.06796875 0.12421875 0.02109375
2 0.571875 0.12890625 0.11015625 0.0390625