2 0.2421875 0.04609375 0.12578125 0.09140625
2 0.0078125 0.5671875 0.01484375 0.11328125
2 0.796875 0.740625 0.0140625 0.025
6 0.69375 0.740625 0.190625 0.025
2 0.8140625 0.075 0.0140625 0.028125
6 0.7703125 0.075 0.0734375 0.028125
2 0.365625 0.08828125 0.04609375 0.0546875
2 0.44375 0.08828125 0.09375 0.0546875
2 0.5375 0.08828125 0.0796875 0.0546875
2 0.6234375 0.08828125 0.07734375 0.0546875
2 0.6984375 0.08828125 0.05625 0.0546875
2 0.784375 0.01328125 0.0078125 0.0140625
2 0.8015625 0.01328125 0.0078125 0.0140625
2 0.8171875 0.01328125 0.00625 0.0140625
2 0.734375 0.01328125 0.0078125 0.0140625
2 0.7515625 0.01328125 0.0078125 0.0140625
2 0.76796875 0.01328125 0.0078125 0.0140625