6 0.7671875 0.15390625 0.1453125 0.03515625
2 0.1921875 0.15546875 0.20078125 0.05234375
2 0.871875 0.15546875 0.03828125 0.0328125
2 0.37890625 0.15625 0.16953125 0.0484375
2 0.0609375 0.15703125 0.0578125 0.04921875
2 0.63984375 0.15703125 0.08984375 0.05078125
2 0.52890625 0.15703125 0.12890625 0.05234375
2 0.7515625 0.02734375 0.0453125 0.053125
2 0.8421875 0.02734375 0.04375 0.05078125
2 0.7984375 0.028125 0.04296875 0.05
2 0.8890625 0.02890625 0.0484375 0.05234375
2 0.61015625 0.03046875 0.2359375 0.0453125
2 0.9390625 0.03046875 0.04453125 0.05234375
2 0.21328125 0.059375 0.39140625 0.1109375
2 0.7625 0.58828125 0.02265625 0.02890625
2 0.78828125 0.58828125 0.02265625 0.02890625
2 0.81484375 0.58828125 0.02265625 0.02890625
2 0.8421875 0.58828125 0.0234375 0.02890625
2 0.86796875 0.58828125 0.02265625 0.02890625
2 0.89375 0.58828125 0.02265625 0.02890625
2 0.85078125 0.68203125 0.1671875 0.04296875
2 0.11953125 0.9046875 0.13046875 0.18984375
2 0.259375 0.90546875 0.12421875 0.1890625
2 0.53984375 0.90546875 0.12421875 0.1890625
2 0.3984375 0.90625 0.12265625 0.1875
2 0.04296875 0.9109375 0.01875 0.04375
2 0.61953125 0.9125 0.0203125 0.040625
2 0.8171875 0.9734375 0.29375 0.053125