2 0.82421875 0.0328125 0.08671875 0.06484375
2 0.9109375 0.0328125 0.08671875 0.040625
2 0.24765625 0.0328125 0.07421875 0.06484375
2 0.34375 0.0328125 0.07421875 0.06484375
2 0.42890625 0.0328125 0.09140625 0.06484375
2 0.51796875 0.0328125 0.08203125 0.06484375
2 0.6203125 0.0328125 0.11796875 0.06484375
2 0.26328125 0.11796875 0.43515625 0.0484375
2 0.12890625 0.52890625 0.165625 0.0578125
2 0.3078125 0.52890625 0.15390625 0.05546875
2 0.80390625 0.3609375 0.0796875 0.0265625
2 0.0921875 0.88359375 0.07421875 0.1109375
2 0.18515625 0.88359375 0.07421875 0.1109375
2 0.27734375 0.88359375 0.07421875 0.1109375
2 0.4078125 0.88359375 0.07421875 0.1109375
2 0.5 0.88359375 0.07421875 0.1109375
2 0.5921875 0.88359375 0.07421875 0.1109375
2 0.72109375 0.88359375 0.07421875 0.1109375
2 0.81484375 0.88359375 0.07421875 0.1109375
2 0.9078125 0.88359375 0.07421875 0.1109375
2 0.12265625 0.9671875 0.15390625 0.01953125