2 0.378125 0.14375 0.0546875 0.13515625
2 0.378125 0.28828125 0.0546875 0.0984375
2 0.378125 0.41328125 0.0546875 0.096875
2 0.378125 0.5390625 0.0546875 0.0984375
2 0.378125 0.65078125 0.05390625 0.0671875
2 0.3765625 0.778125 0.05234375 0.071875
2 0.7078125 0.021875 0.0578125 0.04375
2 0.7078125 0.2375 0.05234375 0.25703125
2 0.7078125 0.45859375 0.05234375 0.16171875
2 0.7078125 0.57265625 0.0625 0.04375
2 0.28125 0.0171875 0.06484375 0.03359375
2 0.28125 0.08828125 0.06484375 0.08125
2 0.28125 0.1875 0.06484375 0.08125
2 0.28125 0.28828125 0.06484375 0.08125
6 0.7078125 0.053125 0.05625 0.015625
2 0.7078125 0.07890625 0.02109375 0.03515625
2 0.37578125 0.9671875 0.0515625 0.065625