2 0.0640625 0.12109375 0.12734375 0.084375
2 0.15390625 0.12109375 0.05546875 0.053125
6 0.36640625 0.12109375 0.353125 0.05078125
2 0.63671875 0.12109375 0.08671875 0.084375
2 0.74140625 0.12109375 0.125 0.084375
2 0.8578125 0.12109375 0.11328125 0.084375
2 0.94921875 0.12109375 0.06953125 0.084375
2 0.18359375 0.19375 0.353125 0.0625
2 0.41953125 0.19375 0.1203125 0.0625
2 0.9109375 0.19375 0.165625 0.0625
2 0.00234375 0.38828125 0.0046875 0.32421875
2 0.5 0.38828125 0.990625 0.32421875
2 0.99765625 0.38828125 0.0046875 0.32421875
2 0.4671875 0.56875 0.01171875 0.0171875
2 0.4890625 0.56875 0.01171875 0.0171875
2 0.5109375 0.56875 0.01171875 0.0171875
2 0.5328125 0.56875 0.01171875 0.0171875
2 0.1578125 0.75625 0.08203125 0.03828125
2 0.484375 0.7328125 0.07421875 0.03828125
2 0.75234375 0.73203125 0.0765625 0.03828125
2 0.0140625 0.55390625 0.028125 0.1109375