2 0.24765625 0.1265625 0.34375 0.16328125
6 0.81015625 0.071875 0.178125 0.03828125
2 0.9125 0.071875 0.02890625 0.03828125
2 0.56953125 0.14453125 0.2640625 0.05546875
2 0.82109375 0.14453125 0.2046875 0.05546875
2 0.16796875 0.4265625 0.18515625 0.08671875
2 0.16796875 0.51328125 0.18515625 0.08671875
2 0.16796875 0.5984375 0.18515625 0.08671875
2 0.16796875 0.68515625 0.18515625 0.08671875
2 0.16796875 0.7703125 0.18515625 0.08671875
2 0.35703125 0.9171875 0.11796875 0.03359375
2 0.6390625 0.9171875 0.07421875 0.03359375