2 0.221875 0.18828125 0.04609375 0.04609375
2 0.26875 0.18828125 0.0484375 0.04609375
2 0.32421875 0.18828125 0.0625 0.04609375
2 0.4078125 0.18828125 0.1046875 0.04609375
2 0.48359375 0.18828125 0.0453125 0.04609375
2 0.55859375 0.18828125 0.1046875 0.04609375
2 0.6671875 0.18828125 0.11171875 0.04609375
2 0.221875 0.02421875 0.06171875 0.0390625
2 0.828125 0.93359375 0.1671875 0.1328125
2 0.2703125 0.9328125 0.165625 0.13359375
2 0.45703125 0.9328125 0.165625 0.13359375
2 0.64296875 0.93359375 0.165625 0.1328125
2 0.828125 0.0953125 0.1671875 0.0453125
2 0.69921875 0.0953125 0.05390625 0.0453125
6 0.5546875 0.09609375 0.2375 0.04609375
2 0.228125 0.11328125 0.0796875 0.08046875
2 0.5203125 0.8171875 0.0109375 0.01796875
2 0.53515625 0.81640625 0.01015625 0.0171875
2 0.55 0.81640625 0.0109375 0.01640625
2 0.5640625 0.81640625 0.0125 0.01875
2 0.57890625 0.81640625 0.01015625 0.01875