2 0.06953125 0.8796875 0.06953125 0.02890625
2 0.16484375 0.9328125 0.259375 0.04296875
2 0.1703125 0.07421875 0.0453125 0.03828125
6 0.1875 0.17421875 0.303125 0.06015625
6 0.71484375 0.17421875 0.5171875 0.0578125
6 0.71484375 0.29921875 0.5171875 0.0578125
6 0.71484375 0.38359375 0.5171875 0.05546875
6 0.71484375 0.4671875 0.5171875 0.0578125
6 0.71484375 0.553125 0.5171875 0.05546875
6 0.71484375 0.63671875 0.5171875 0.0578125
6 0.71484375 0.72265625 0.5171875 0.0578125
6 0.71484375 0.80625 0.5171875 0.0578125