2 0.325 0.1515625 0.06796875 0.0296875
2 0.3953125 0.1515625 0.06875 0.0296875
2 0.46484375 0.1515625 0.06796875 0.0296875
2 0.534375 0.1515625 0.06875 0.0296875
2 0.6046875 0.1515625 0.06796875 0.0296875
2 0.675 0.1515625 0.06875 0.0296875
2 0.5421875 0.23125 0.06484375 0.0953125
2 0.609375 0.23125 0.06484375 0.0953125
2 0.6765625 0.23046875 0.065625 0.0953125
2 0.31640625 0.30234375 0.05703125 0.03359375
2 0.5421875 0.33046875 0.06484375 0.0953125
2 0.609375 0.3296875 0.06640625 0.0953125
2 0.6765625 0.33046875 0.06484375 0.09609375
2 0.5421875 0.42890625 0.06484375 0.0953125
2 0.609375 0.42890625 0.06484375 0.09609375
2 0.6765625 0.42890625 0.065625 0.0953125
2 0.54140625 0.528125 0.065625 0.09453125
2 0.609375 0.52890625 0.065625 0.0953125
2 0.6765625 0.528125 0.0640625 0.0953125
2 0.67890625 0.66953125 0.06015625 0.1453125
2 0.57109375 0.06796875 0.09609375 0.11328125
2 0.3390625 0.06875 0.096875 0.09609375
2 0.446875 0.0734375 0.08203125 0.13671875
2 0.6265625 0.809375 0.01484375 0.028125
2 0.6453125 0.809375 0.01484375 0.028125
2 0.6640625 0.809375 0.015625 0.0296875
6 0.675 0.11015625 0.06875 0.0234375
2 0.4625 0.41328125 0.00546875 0.0109375
2 0.46953125 0.41328125 0.00546875 0.0109375
2 0.4765625 0.4140625 0.00625 0.0109375
2 0.48359375 0.4140625 0.00546875 0.01015625
2 0.490625 0.4140625 0.00625 0.0109375
2 0.3421875 0.46796875 0.1015625 0.03359375
2 0.44921875 0.46875 0.1015625 0.03359375