2 0.03671875 0.20390625 0.03828125 0.02734375
2 0.43671875 0.20390625 0.04765625 0.021875
2 0.50703125 0.20390625 0.06171875 0.021875
2 0.578125 0.20390625 0.0484375 0.021875
2 0.63203125 0.20390625 0.028125 0.021875
2 0.68359375 0.20390625 0.04296875 0.021875
2 0.74765625 0.20390625 0.0515625 0.021875
2 0.8265625 0.20390625 0.07734375 0.021875
2 0.9328125 0.20390625 0.1046875 0.021875
2 0.34296875 0.321875 0.55390625 0.05859375
6 0.89296875 0.03359375 0.184375 0.02890625
6 0.58125 0.034375 0.13359375 0.02734375
2 0.67734375 0.034375 0.04609375 0.02734375
2 0.34296875 0.4109375 0.55390625 0.0640625
2 0.34296875 0.528125 0.55390625 0.05859375
2 0.34296875 0.6140625 0.55390625 0.05859375
2 0.14296875 0.06640625 0.24140625 0.1203125
2 0.34296875 0.7 0.55390625 0.05859375
2 0.34296875 0.7859375 0.55390625 0.05859375
2 0.1390625 0.9546875 0.09375 0.05703125