2 0.1390625 0.071875 0.23828125 0.078125
2 0.8984375 0.0296875 0.06875 0.059375
2 0.40546875 0.07890625 0.10234375 0.071875
2 0.52265625 0.07890625 0.13203125 0.071875
2 0.62890625 0.07890625 0.0796875 0.071875
2 0.73046875 0.07890625 0.1234375 0.071875
2 0.83515625 0.07890625 0.08671875 0.071875
2 0.9203125 0.07890625 0.0828125 0.071875
6 0.953125 0.08046875 0.00390625 0.04453125
2 0.97578125 0.08046875 0.0390625 0.04453125
2 0.815625 0.2640625 0.2875 0.13515625
2 0.815625 0.44296875 0.2875 0.1015625
2 0.815625 0.5875 0.2875 0.06796875
2 0.8296875 0.8640625 0.2578125 0.0765625