2 0.13828125 0.071875 0.23828125 0.0796875
2 0.8984375 0.0296875 0.06875 0.059375
2 0.40625 0.0796875 0.103125 0.071875
2 0.52265625 0.0796875 0.13203125 0.071875
2 0.62890625 0.0796875 0.08203125 0.071875
2 0.73046875 0.0796875 0.12265625 0.071875
2 0.83515625 0.0796875 0.08671875 0.071875
2 0.9203125 0.0796875 0.084375 0.071875
6 0.953125 0.08046875 0.0046875 0.0453125
2 0.97578125 0.08046875 0.03828125 0.0453125
2 0.81484375 0.2640625 0.28828125 0.13671875
2 0.81484375 0.4421875 0.28828125 0.10078125
2 0.81484375 0.5875 0.28828125 0.0671875
2 0.83046875 0.8640625 0.25703125 0.0765625