6 0.89296875 0.03359375 0.18515625 0.02890625
6 0.58203125 0.03515625 0.13203125 0.02890625
6 0.6765625 0.03515625 0.0453125 0.02890625
2 0.4375 0.2046875 0.0484375 0.021875
2 0.50703125 0.2046875 0.06015625 0.021875
2 0.578125 0.2046875 0.05078125 0.021875
2 0.63203125 0.2046875 0.02890625 0.021875
2 0.68359375 0.2046875 0.04296875 0.021875
2 0.74765625 0.2046875 0.053125 0.021875
2 0.8265625 0.2046875 0.0765625 0.021875
2 0.9328125 0.2046875 0.10546875 0.021875
2 0.0359375 0.2046875 0.03828125 0.02890625
2 0.34375 0.321875 0.55546875 0.0578125
2 0.34375 0.4109375 0.55546875 0.06484375
2 0.34375 0.52734375 0.55546875 0.06015625
2 0.34375 0.6140625 0.55546875 0.06015625
2 0.34375 0.69921875 0.55546875 0.06015625
2 0.34375 0.7859375 0.55546875 0.06015625