2 0.0375 0.0421875 0.04296875 0.0578125
2 0.08046875 0.03828125 0.04296875 0.0578125
2 0.12734375 0.03828125 0.040625 0.05078125
6 0.5359375 0.03828125 0.77890625 0.05078125
2 0.953125 0.03828125 0.03828125 0.05078125
2 0.16484375 0.51171875 0.25703125 0.28828125
2 0.49765625 0.4984375 0.25703125 0.2640625
2 0.7140625 0.91484375 0.02890625 0.03359375
2 0.75234375 0.91484375 0.02890625 0.03359375
2 0.7921875 0.91484375 0.02890625 0.03359375
2 0.83046875 0.91484375 0.02890625 0.03359375
2 0.8703125 0.91484375 0.02890625 0.03359375