6 0.6625 0.040625 0.1390625 0.028125
2 0.740625 0.040625 0.01953125 0.028125
2 0.27109375 0.48671875 0.04375 0.0671875
2 0.3171875 0.48671875 0.04375 0.0671875
2 0.3625 0.48671875 0.04375 0.0671875
2 0.4078125 0.48671875 0.04375 0.0671875
2 0.45390625 0.48671875 0.04375 0.0671875
2 0.5 0.48671875 0.04375 0.0671875
2 0.5453125 0.48671875 0.04375 0.0671875
2 0.59140625 0.48671875 0.04375 0.0671875
2 0.6375 0.48671875 0.04375 0.0671875
2 0.6828125 0.48671875 0.04375 0.0671875
2 0.728125 0.48671875 0.04375 0.0671875
2 0.30625 0.61796875 0.1140625 0.16328125
2 0.36015625 0.0890625 0.2203125 0.125
2 0.30625 0.9875 0.07109375 0.025
2 0.40625 0.43203125 0.0375 0.01875