2 0.18125 0.1359375 0.0671875 0.03515625
2 0.28046875 0.1359375 0.0640625 0.03515625
2 0.3765625 0.1359375 0.06171875 0.03515625
2 0.534375 0.1359375 0.1875 0.03515625
2 0.06484375 0.1359375 0.0984375 0.03515625
2 0.6875 0.1359375 0.053125 0.03515625
2 0.78203125 0.1359375 0.0703125 0.03515625
2 0.9171875 0.1359375 0.13359375 0.03515625
2 0.1890625 0.178125 0.0828125 0.03515625
2 0.28671875 0.178125 0.059375 0.03515625
2 0.40546875 0.178125 0.12578125 0.03515625
2 0.525 0.178125 0.05859375 0.03515625
2 0.628125 0.178125 0.09296875 0.03515625
2 0.06796875 0.178125 0.1046875 0.03515625
2 0.74765625 0.178125 0.09296875 0.03515625
2 0.85625 0.178125 0.07109375 0.03515625
2 0.9515625 0.178125 0.065625 0.03515625
2 0.084375 0.053125 0.13671875 0.10546875
2 0.49921875 0.6125 0.9671875 0.4984375
2 0.78046875 0.06640625 0.08671875 0.05703125
2 0.8625 0.06875 0.084375 0.0640625
2 0.94296875 0.06875 0.0765625 0.0625
6 0.36640625 0.06875 0.3703125 0.05234375
2 0.53203125 0.06875 0.03984375 0.05234375
2 0.703125 0.0703125 0.0640625 0.0546875
2 0.5 0.8515625 0.08984375 0.0953125
2 0.96875 0.853125 0.0296875 0.0390625
2 0.915625 0.92578125 0.13671875 0.05234375