2 0.5 0.8578125 0.05546875 0.07421875
2 0.915625 0.92578125 0.13671875 0.053125
2 0.084375 0.053125 0.13671875 0.10546875
6 0.36640625 0.06875 0.3703125 0.05078125
2 0.53125 0.06875 0.03828125 0.05078125
2 0.703125 0.06953125 0.06484375 0.05546875
2 0.06484375 0.1359375 0.0984375 0.03359375
2 0.18125 0.1359375 0.0671875 0.03359375
2 0.2796875 0.1359375 0.06484375 0.03359375
2 0.3765625 0.1359375 0.0625 0.03359375
2 0.53359375 0.1359375 0.1875 0.03359375
2 0.6875 0.1359375 0.053125 0.03359375
2 0.7828125 0.1359375 0.06953125 0.03359375
2 0.9171875 0.1359375 0.134375 0.03359375
2 0.0671875 0.178125 0.10546875 0.0359375
2 0.1890625 0.178125 0.084375 0.0359375
2 0.2859375 0.178125 0.06015625 0.0359375
2 0.40625 0.178125 0.12734375 0.0359375
2 0.525 0.178125 0.06015625 0.0359375
2 0.62890625 0.178125 0.09140625 0.0359375
2 0.74765625 0.178125 0.09375 0.0359375
2 0.85546875 0.178125 0.06953125 0.0359375
2 0.9515625 0.178125 0.06484375 0.0359375
2 0.5 0.6421875 0.96875 0.5578125
2 0.96875 0.853125 0.02890625 0.03828125