2 0.34765625 0.25859375 0.06328125 0.03828125
2 0.34765625 0.5671875 0.06328125 0.040625
6 0.3484375 0.06328125 0.090625 0.01796875
2 0.34765625 0.665625 0.05234375 0.04375
2 0.5515625 0.665625 0.2140625 0.50078125
2 0.34765625 0.80546875 0.0578125 0.0734375
2 0.31875 0.0109375 0.046875 0.021875
2 0.3671875 0.0109375 0.046875 0.021875
2 0.4140625 0.0109375 0.046875 0.021875
2 0.4625 0.0109375 0.046875 0.021875
2 0.509375 0.0109375 0.046875 0.021875
2 0.5578125 0.0109375 0.046875 0.021875
2 0.6046875 0.0109375 0.046875 0.021875
2 0.653125 0.0109375 0.046875 0.021875