2 0.709375 0.2234375 0.1890625 0.10703125
2 0.290625 0.26328125 0.05 0.09140625
2 0.5 0.51328125 0.07265625 0.04765625
6 0.709375 0.5140625 0.18359375 0.04765625
6 0.709375 0.57734375 0.18359375 0.04765625
6 0.709375 0.640625 0.18359375 0.04765625
2 0.709375 0.70390625 0.18359375 0.04765625
2 0.3015625 0.95625 0.00859375 0.015625
2 0.3359375 0.95625 0.00859375 0.015625
2 0.37109375 0.95625 0.00859375 0.015625
2 0.40390625 0.95625 0.00859375 0.015625
2 0.43828125 0.95625 0.00859375 0.015625
2 0.4734375 0.95625 0.00859375 0.015625
2 0.503125 0.95625 0.00859375 0.015625
2 0.534375 0.95625 0.00859375 0.015625
2 0.56796875 0.95625 0.00859375 0.015625
2 0.6015625 0.95625 0.00859375 0.015625
2 0.98125 0.95703125 0.0375 0.05625