2 0.49296875 0.171875 0.06640625 0.065625
2 0.68359375 0.1734375 0.04296875 0.0609375
2 0.64453125 0.1734375 0.0375 0.05703125
2 0.734375 0.175 0.05625 0.06328125
2 0.5765625 0.1734375 0.1 0.06328125
2 0.284375 0.171875 0.03984375 0.06484375
2 0.34296875 0.171875 0.07734375 0.06484375
2 0.421875 0.17109375 0.0796875 0.06484375
2 0.7625 0.3046875 0.14609375 0.03359375
6 0.75546875 0.3984375 0.1046875 0.02109375
2 0.75390625 0.41796875 0.025 0.015625
6 0.734375 0.0546875 0.1265625 0.03203125
2 0.81484375 0.0546875 0.03359375 0.03203125
2 0.40703125 0.07109375 0.2859375 0.06171875