2 0.8 0.02109375 0.059375 0.0421875
2 0.86484375 0.02109375 0.0703125 0.0421875
2 0.67265625 0.02109375 0.0703125 0.0421875
2 0.7390625 0.02109375 0.0625 0.0421875
2 0.253125 0.24140625 0.02421875 0.04296875
2 0.303125 0.24140625 0.05078125 0.04296875
2 0.365625 0.24140625 0.04765625 0.04296875
2 0.43125 0.24140625 0.0578125 0.04296875
2 0.4890625 0.24140625 0.0328125 0.04296875
2 0.54375 0.24140625 0.05078125 0.04296875
2 0.60546875 0.24140625 0.04609375 0.04296875
2 0.65859375 0.24140625 0.034375 0.04296875
2 0.7078125 0.24140625 0.0359375 0.04296875
2 0.7421875 0.24140625 0.0078125 0.04296875
6 0.484375 0.4921875 0.134375 0.02734375
2 0.559375 0.4921875 0.01484375 0.02734375
2 0.01953125 0.8484375 0.0265625 0.0484375
6 0.83125 0.13046875 0.1078125 0.02734375
2 0.8921875 0.13046875 0.01484375 0.02734375
2 0.2015625 0.13046875 0.20390625 0.11875