2 0.246875 0.16015625 0.17734375 0.128125
2 0.871875 0.20390625 0.0125 0.02265625
2 0.90546875 0.20390625 0.0125 0.02265625
2 0.93828125 0.20390625 0.0125 0.02265625
6 0.7765625 0.20703125 0.1203125 0.05078125
6 0.5609375 0.7578125 0.16015625 0.05078125
6 0.72265625 0.7578125 0.16015625 0.05078125
2 0.88515625 0.759375 0.16015625 0.053125
2 0.8328125 0.11796875 0.0421875 0.0546875
2 0.42421875 0.11796875 0.04765625 0.0546875
2 0.4859375 0.11796875 0.06953125 0.0546875
2 0.5625 0.11796875 0.08125 0.0546875
2 0.6265625 0.11796875 0.040625 0.0546875
2 0.6765625 0.11796875 0.05625 0.0546875
2 0.728125 0.11796875 0.0421875 0.0546875
2 0.78125 0.11796875 0.05703125 0.0546875
2 0.9046875 0.12421875 0.1 0.06953125