2 0.2671875 0.15 0.109375 0.04375
2 0.384375 0.15 0.12421875 0.04375
2 0.4859375 0.15 0.07890625 0.04375
2 0.5515625 0.15 0.05234375 0.04375
2 0.603125 0.15 0.05078125 0.04375
2 0.6671875 0.15 0.07734375 0.04375
2 0.7265625 0.15 0.04140625 0.04375
2 0.7734375 0.15 0.0515625 0.04375
2 0.9609375 0.03671875 0.0484375 0.04140625
2 0.796875 0.9046875 0.015625 0.028125
2 0.203125 0.9046875 0.015625 0.028125
2 0.25859375 0.103125 0.0953125 0.0453125
6 0.678125 0.10390625 0.03671875 0.0390625
2 0.709375 0.10390625 0.015625 0.028125
2 0.73671875 0.10390625 0.015625 0.028125
2 0.771875 0.10390625 0.0390625 0.0390625