6 0.675 0.15390625 0.1875 0.0296875
6 0.675 0.22890625 0.1875 0.0296875
6 0.675 0.30390625 0.1875 0.0296875
6 0.67421875 0.42890625 0.18828125 0.13203125
2 0.675 0.55234375 0.06328125 0.03515625
2 0.96953125 0.70078125 0.0609375 0.0609375
2 0.721875 0.70390625 0.09453125 0.06015625
2 0.84140625 0.7046875 0.09453125 0.06015625
2 0.09609375 0.7078125 0.09453125 0.06015625
2 0.2125 0.7078125 0.09453125 0.06015625
2 0.596875 0.7078125 0.09453125 0.06015625
2 0.340625 0.70859375 0.09453125 0.06015625
2 0.46640625 0.70859375 0.09453125 0.06015625