2 0.05390625 0.0140625 0.1078125 0.028125
2 0.03515625 0.0421875 0.03828125 0.07421875
2 0.103125 0.0421875 0.09609375 0.03828125
2 0.21640625 0.0421875 0.13203125 0.03828125
2 0.31015625 0.0421875 0.0453125 0.02890625
2 0.4109375 0.0421875 0.12265625 0.03828125
2 0.51328125 0.0421875 0.071875 0.02890625
6 0.63203125 0.0421875 0.21640625 0.02421875
2 0.79453125 0.0421875 0.03828125 0.02890625
2 0.90859375 0.0421875 0.1515625 0.084375
2 0.803125 0.19140625 0.1078125 0.0453125
2 0.515625 0.27265625 0.125 0.03125
2 0.9484375 0.275 0.08203125 0.0453125
2 0.10546875 0.8859375 0.13203125 0.0625
2 0.75390625 0.60546875 0.41328125 0.31484375