6 0.8765625 0.39921875 0.24609375 0.0484375
2 0.396875 0.0421875 0.065625 0.084375
2 0.4859375 0.0421875 0.06875 0.084375
2 0.5640625 0.0421875 0.04296875 0.084375
2 0.7875 0.0421875 0.0328125 0.084375
2 0.91796875 0.0421875 0.1640625 0.05625
2 0.06015625 0.04765625 0.11953125 0.0640625
6 0.8765625 0.47578125 0.24609375 0.06796875
6 0.87578125 0.54609375 0.2484375 0.071875
6 0.121875 0.63046875 0.24375 0.06796875
2 0.3421875 0.63203125 0.16796875 0.071875
2 0.87734375 0.69453125 0.2453125 0.04375
2 0.1671875 0.9203125 0.334375 0.15859375
2 0.5 0.9203125 0.334375 0.15859375
2 0.8328125 0.9203125 0.334375 0.15859375
2 0.378125 0.1265625 0.02734375 0.084375