2 0.55 0.1609375 0.12578125 0.15703125
2 0.41015625 0.17265625 0.0984375 0.0359375
2 0.41015625 0.2078125 0.0984375 0.034375
2 0.459375 0.0234375 0.02734375 0.015625
6 0.62265625 0.0234375 0.071875 0.03046875
2 0.6875 0.0234375 0.05078125 0.03046875
2 0.41015625 0.24296875 0.0984375 0.0359375
2 0.41015625 0.328125 0.0984375 0.1359375
2 0.49375 0.41328125 0.0390625 0.0359375
2 0.53125 0.41328125 0.03828125 0.0359375
2 0.5703125 0.41328125 0.03828125 0.0359375
2 0.6078125 0.41328125 0.0375 0.0359375
2 0.41015625 0.4140625 0.07421875 0.0359375
2 0.38046875 0.44765625 0.01640625 0.02890625
2 0.41015625 0.09609375 0.0984375 0.04609375
2 0.41015625 0.13671875 0.0984375 0.0359375