2 0.696875 0.23125 0.071875 0.05625
2 0.790625 0.23203125 0.01796875 0.05625
2 0.8078125 0.23203125 0.0171875 0.05625
2 0.821875 0.23203125 0.01328125 0.05625
2 0.19609375 0.23203125 0.05859375 0.05625
2 0.24609375 0.23203125 0.040625 0.05625
2 0.29375 0.23203125 0.0546875 0.05625
2 0.35 0.23203125 0.05546875 0.05625
2 0.40390625 0.23203125 0.05234375 0.05625
2 0.45 0.23203125 0.03984375 0.05625
2 0.50625 0.23203125 0.071875 0.05625
2 0.740625 0.23203125 0.01796875 0.05625
2 0.75859375 0.23203125 0.01875 0.05625
2 0.775 0.23203125 0.0140625 0.05625
2 0.459375 0.03046875 0.02734375 0.015625
6 0.5875 0.03046875 0.071875 0.0296875
2 0.66015625 0.03046875 0.0671875 0.0296875
2 0.721875 0.03046875 0.05078125 0.0296875
2 0.2046875 0.50390625 0.01328125 0.02421875
2 0.2234375 0.50390625 0.01796875 0.02421875
2 0.24453125 0.50390625 0.01875 0.02421875
2 0.696875 0.56484375 0.0390625 0.05234375
2 0.7671875 0.6203125 0.0078125 0.0140625
2 0.4109375 0.70390625 0.30703125 0.28125
2 0.21640625 0.1296875 0.09921875 0.1140625