6 0.2859375 0.15 0.07109375 0.01953125
2 0.265625 0.16953125 0.03046875 0.01953125
6 0.25625 0.18828125 0.00703125 0.0125
6 0.25625 0.20859375 0.00703125 0.0125
2 0.4515625 0.296875 0.15703125 0.3765625
2 0.3015625 0.37734375 0.0625 0.225
2 0.34140625 0.065625 0.04453125 0.040625
2 0.40625 0.065625 0.07890625 0.040625
2 0.4796875 0.065625 0.06171875 0.040625
2 0.5375 0.065625 0.0484375 0.040625
2 0.5953125 0.065625 0.06171875 0.040625
2 0.6546875 0.065625 0.05234375 0.040625
2 0.68671875 0.72109375 0.10546875 0.2796875