2 0.790625 0.0234375 0.1140625 0.04609375
2 0.8828125 0.0234375 0.0703125 0.04609375
2 0.5046875 0.0234375 0.0796875 0.04609375
2 0.58515625 0.0234375 0.08125 0.04609375
2 0.6796875 0.0234375 0.10703125 0.04609375
6 0.7984375 0.25546875 0.14140625 0.053125
2 0.8875 0.25703125 0.03828125 0.05390625
2 0.371875 0.409375 0.0109375 0.01953125
6 0.271875 0.41015625 0.15546875 0.053125
2 0.7515625 0.50859375 0.04765625 0.0859375
2 0.7515625 0.60390625 0.04765625 0.0859375
2 0.7515625 0.7 0.04765625 0.0859375
2 0.7515625 0.7953125 0.04765625 0.0859375
2 0.7515625 0.890625 0.04765625 0.0859375
2 0.8328125 0.10234375 0.05390625 0.06875
2 0.88203125 0.10234375 0.04609375 0.06875
2 0.2765625 0.10234375 0.16484375 0.06875