2 0.4625 0.01875 0.065625 0.0375
2 0.52890625 0.01875 0.0671875 0.0375
2 0.60546875 0.01875 0.0890625 0.0375
2 0.696875 0.01875 0.09375 0.0375
6 0.70390625 0.209375 0.11640625 0.04375
2 0.77734375 0.2109375 0.03046875 0.0453125
6 0.2734375 0.33515625 0.13046875 0.04375
2 0.35703125 0.33671875 0.03125 0.04453125
2 0.665625 0.41640625 0.0390625 0.0703125
2 0.665625 0.4953125 0.0390625 0.0703125
2 0.665625 0.5734375 0.0390625 0.0703125
2 0.665625 0.6515625 0.0390625 0.0703125
2 0.665625 0.7296875 0.0390625 0.0703125
2 0.2765625 0.084375 0.13515625 0.05625
2 0.73125 0.084375 0.04375 0.05625
2 0.77265625 0.084375 0.03828125 0.05625