2 0.5328125 0.25390625 0.10390625 0.18671875
2 0.73046875 0.028125 0.015625 0.028125
2 0.33984375 0.4640625 0.09453125 0.1703125
2 0.38515625 0.05 0.2578125 0.04375
2 0.30625 0.84453125 0.07890625 0.1421875
2 0.43046875 0.84453125 0.07890625 0.1421875
6 0.6640625 0.890625 0.04609375 0.028125
6 0.7140625 0.890625 0.04609375 0.028125
6 0.68984375 0.946875 0.09609375 0.028125
6 0.64609375 0.97734375 0.00703125 0.0125
2 0.28125 0.11015625 0.0625 0.04375
2 0.34375 0.11015625 0.0625 0.04375
2 0.40625 0.11015625 0.0625 0.04375
2 0.46875 0.11015625 0.0625 0.04375
2 0.53125 0.11015625 0.0625 0.04375
2 0.59375 0.11015625 0.0625 0.04375
2 0.65625 0.11015625 0.0625 0.04375
2 0.71875 0.11015625 0.0625 0.04375