2 0.27578125 0.8078125 0.07578125 0.03203125
2 0.35390625 0.8078125 0.07578125 0.03203125
2 0.3234375 0.190625 0.01328125 0.02421875
2 0.3390625 0.190625 0.01328125 0.02421875
2 0.3546875 0.190625 0.01328125 0.02421875
2 0.3703125 0.190625 0.0140625 0.02421875
2 0.38515625 0.190625 0.01328125 0.02421875
2 0.3234375 0.2359375 0.01328125 0.02421875
2 0.3390625 0.2359375 0.01328125 0.02421875
2 0.3546875 0.2359375 0.01328125 0.02421875
2 0.3703125 0.2359375 0.0140625 0.02421875
2 0.38515625 0.2359375 0.01328125 0.02421875
2 0.3234375 0.31953125 0.0140625 0.01796875
2 0.33984375 0.31953125 0.0140625 0.01796875
2 0.35546875 0.31953125 0.0140625 0.01796875
2 0.371875 0.31953125 0.0140625 0.01796875
2 0.3875 0.31953125 0.0140625 0.01796875
2 0.328125 0.37265625 0.01171875 0.02265625
2 0.3515625 0.37265625 0.01171875 0.02265625
2 0.375 0.37265625 0.01171875 0.02265625
2 0.3984375 0.37265625 0.01171875 0.02265625
2 0.42109375 0.37265625 0.01171875 0.02265625
2 0.51953125 0.06171875 0.11328125 0.1234375
2 0.51953125 0.2734375 0.11328125 0.27265625
2 0.275 0.496875 0.0171875 0.0109375
2 0.2546875 0.63359375 0.028125 0.05078125
2 0.275 0.63359375 0.0140625 0.025
6 0.2765625 0.478125 0.078125 0.015625