2 0.98125 0.0296875 0.03125 0.059375
2 0.0765625 0.0296875 0.153125 0.059375
2 0.896875 0.02890625 0.06015625 0.0359375
2 0.10078125 0.0921875 0.2015625 0.040625
2 0.10078125 0.18359375 0.2015625 0.040625
2 0.10078125 0.22265625 0.2015625 0.040625
2 0.10078125 0.3109375 0.2015625 0.040625
2 0.10078125 0.35 0.2015625 0.040625
2 0.10078125 0.390625 0.2015625 0.040625
2 0.10078125 0.42890625 0.2015625 0.040625
2 0.10078125 0.51796875 0.2015625 0.040625
2 0.10078125 0.55859375 0.2015625 0.040625
2 0.10078125 0.59765625 0.2015625 0.040625
2 0.10078125 0.6359375 0.2015625 0.040625
2 0.10078125 0.67421875 0.2015625 0.040625
2 0.10078125 0.71484375 0.2015625 0.040625
2 0.10078125 0.80390625 0.2015625 0.040625
2 0.10078125 0.8421875 0.2015625 0.040625
2 0.10078125 0.88125 0.2015625 0.040625
2 0.10078125 0.921875 0.2015625 0.040625
2 0.10078125 0.98046875 0.2015625 0.0359375
2 0.2828125 0.17421875 0.09140625 0.04296875
2 0.91796875 0.66328125 0.09140625 0.03828125