2 0.03828125 0.0453125 0.040625 0.053125
2 0.03828125 0.115625 0.040625 0.05546875
2 0.03828125 0.18515625 0.040625 0.053125
2 0.49921875 0.0609375 0.2265625 0.121875
2 0.2046875 0.18046875 0.0671875 0.103125
2 0.2796875 0.18046875 0.08671875 0.103125
2 0.390625 0.18046875 0.1390625 0.103125
2 0.5046875 0.18046875 0.09140625 0.103125
2 0.5984375 0.18046875 0.09609375 0.103125
2 0.69921875 0.18046875 0.10546875 0.103125
2 0.790625 0.18046875 0.0765625 0.103125
2 0.96875 0.0421875 0.0453125 0.06015625
2 0.96875 0.115625 0.0453125 0.06015625
2 0.96875 0.18984375 0.0453125 0.06015625
2 0.2609375 0.83046875 0.4421875 0.3390625
2 0.6203125 0.728125 0.19921875 0.134375
2 0.6203125 0.896875 0.2015625 0.2046875
2 0.8609375 0.728125 0.19921875 0.134375
2 0.8609375 0.896875 0.2015625 0.2046875
2 0.5 0.4171875 1 0.053125
2 0.4703125 0.52890625 0.053125 0.0171875
2 0.5203125 0.52890625 0.02890625 0.0171875
2 0.5625 0.52890625 0.03828125 0.0171875
2 0.66796875 0.52890625 0.09609375 0.0171875
2 0.15390625 0.59609375 0.06953125 0.0171875
2 0.26171875 0.59609375 0.06953125 0.0171875
2 0.3640625 0.59609375 0.0578125 0.0171875
2 0.45546875 0.59609375 0.05078125 0.0171875
2 0.54296875 0.59609375 0.05078125 0.0171875
2 0.6609375 0.59609375 0.1078125 0.0171875
2 0.8171875 0.59609375 0.12734375 0.0171875
2 0.421875 0.6828125 0.040625 0.053125
2 0.4734375 0.6828125 0.040625 0.053125
2 0.5265625 0.6828125 0.03828125 0.053125
2 0.578125 0.6828125 0.03828125 0.053125
2 0.71171875 0.8703125 0.09140625 0.02421875
2 0.5828125 0.95703125 0.13671875 0.0484375
2 0.7296875 0.95703125 0.13671875 0.0484375