2 0.05625 0.03671875 0.08203125 0.02890625
2 0.81640625 0.03671875 0.10546875 0.04140625
2 0.93046875 0.03671875 0.10859375 0.04140625
6 0.84375 0.27890625 0.28125 0.0625
2 0.84375 0.27890625 0.28125 0.0625
6 0.809375 0.35703125 0.2125 0.0625
2 0.84375 0.35703125 0.28125 0.0625
2 0.95 0.3578125 0.0703125 0.06484375
2 0.77109375 0.44296875 0.1359375 0.05234375
2 0.91484375 0.44296875 0.1390625 0.0625
2 0.97265625 0.125 0.046875 0.0625
2 0.21484375 0.50546875 0.3984375 0.078125
2 0.21484375 0.60390625 0.3984375 0.078125
2 0.21484375 0.703125 0.3984375 0.078125