2 0.84296875 0.03125 0.0609375 0.0625
2 0.434375 0.034375 0.0828125 0.06796875
2 0.52265625 0.034375 0.06953125 0.06796875
2 0.6078125 0.034375 0.07109375 0.06796875
2 0.68828125 0.034375 0.07421875 0.06796875
2 0.76953125 0.034375 0.071875 0.06796875
2 0.240625 0.3984375 0.01796875 0.04609375
2 0.278125 0.4078125 0.0359375 0.0640625
2 0.3421875 0.4078125 0.0671875 0.0640625
2 0.41875 0.4078125 0.06171875 0.0640625
2 0.49375 0.4078125 0.065625 0.0640625
2 0.55625 0.4078125 0.03828125 0.0640625
2 0.6625 0.4078125 0.15078125 0.0640625
2 0.77734375 0.4078125 0.0546875 0.0640625
6 0.421875 0.846875 0.3421875 0.06015625
2 0.309375 0.08984375 0.16875 0.1796875
2 0.81796875 0.1421875 0.1046875 0.05625
2 0.46015625 0.1421875 0.1046875 0.05625
2 0.5796875 0.1421875 0.1046875 0.05625
2 0.6984375 0.1421875 0.1046875 0.05625