2 0.3265625 0.1453125 0.02890625 0.0546875
2 0.3328125 0.1890625 0.01640625 0.02265625
2 0.3328125 0.22734375 0.01640625 0.02265625
2 0.3328125 0.2640625 0.01640625 0.02265625
2 0.3328125 0.3015625 0.01640625 0.02265625
2 0.3328125 0.3390625 0.01640625 0.02265625
2 0.71875 0.4546875 0.171875 0.1421875
2 0.41015625 0.55390625 0.08046875 0.03515625
2 0.71875 0.72890625 0.171875 0.16015625
2 0.41015625 0.81796875 0.08046875 0.03515625
2 0.32890625 0.08828125 0.01484375 0.03828125
6 0.26171875 0.0890625 0.15859375 0.0390625
2 0.84453125 0.91875 0.021875 0.03203125
2 0.8703125 0.91875 0.02578125 0.03203125
2 0.89765625 0.91875 0.02578125 0.03203125
2 0.92578125 0.91875 0.02578125 0.03203125
2 0.953125 0.91875 0.02578125 0.03203125
2 0.03828125 0.93984375 0.07578125 0.1203125