2 0.62265625 0.0203125 0.0765625 0.02890625
2 0.69921875 0.0203125 0.0484375 0.02890625
2 0.9375 0.078125 0.06953125 0.03828125
2 0.76328125 0.35703125 0.09609375 0.0484375
2 0.88671875 0.35703125 0.13203125 0.0484375
6 0.5046875 0.078125 0.5171875 0.0265625
2 0.80078125 0.078125 0.06015625 0.03828125
2 0.09765625 0.14765625 0.19453125 0.0625
2 0.09765625 0.21171875 0.19453125 0.0625
2 0.09765625 0.27265625 0.19453125 0.0625
2 0.09765625 0.33671875 0.19453125 0.0625
2 0.09765625 0.39921875 0.19453125 0.0625
2 0.09765625 0.46171875 0.19453125 0.0625
2 0.09765625 0.525 0.19453125 0.03828125
2 0.09765625 0.5640625 0.19453125 0.03828125
2 0.09765625 0.603125 0.19453125 0.03828125
2 0.09765625 0.6421875 0.19453125 0.03828125
2 0.09765625 0.68125 0.19453125 0.03828125
2 0.09765625 0.7203125 0.19453125 0.03828125
2 0.09765625 0.759375 0.19453125 0.03828125
2 0.09765625 0.7984375 0.19453125 0.03828125
2 0.86640625 0.15 0.03828125 0.03828125
2 0.9328125 0.15 0.05546875 0.03828125
2 0.51328125 0.271875 0.53828125 0.0796875
2 0.85546875 0.271875 0.084375 0.040625
2 0.32109375 0.6546875 0.13671875 0.03125
2 0.32109375 0.68125 0.13671875 0.021875
2 0.36875 0.740625 0.04296875 0.021875
2 0.48671875 0.6546875 0.13671875 0.03125
2 0.48671875 0.68125 0.13671875 0.021875
2 0.53828125 0.740625 0.03359375 0.021875
2 0.65390625 0.6546875 0.13671875 0.03125
2 0.65390625 0.68125 0.13671875 0.021875
2 0.7046875 0.740625 0.03359375 0.021875
2 0.81953125 0.6546875 0.13671875 0.03125
2 0.81953125 0.68125 0.13671875 0.021875
2 0.86640625 0.740625 0.04296875 0.021875
2 0.51328125 0.82421875 0.53828125 0.05078125
2 0.85546875 0.82421875 0.084375 0.040625