2 0.35703125 0.84765625 0.04296875 0.06953125
2 0.271875 0.03828125 0.03125 0.04296875
2 0.31875 0.03828125 0.03125 0.04296875
2 0.76796875 0.03828125 0.1296875 0.05078125
2 0.8921875 0.03828125 0.12265625 0.05078125
2 0.11328125 0.0734375 0.22578125 0.084375
2 0.11171875 0.1390625 0.209375 0.05078125
2 0.11171875 0.19140625 0.209375 0.05078125
2 0.11171875 0.24375 0.209375 0.053125
2 0.11171875 0.68046875 0.0453125 0.02890625
2 0.11171875 0.72734375 0.03828125 0.02890625
2 0.87265625 0.8328125 0.209375 0.05078125
2 0.3390625 0.3859375 0.12734375 0.0265625
2 0.28359375 0.55546875 0.05546875 0.02421875
2 0.94140625 0.54921875 0.05546875 0.02890625
2 0.3390625 0.81875 0.12734375 0.02890625
2 0.5203125 0.81875 0.12734375 0.02890625
2 0.703125 0.81875 0.12734375 0.02890625
2 0.8859375 0.81875 0.12734375 0.02890625
2 0.2859375 0.98671875 0.06015625 0.02421875
2 0.94140625 0.98203125 0.05546875 0.02890625