2 0.2390625 0.03203125 0.07578125 0.0265625
2 0.346875 0.4671875 0.29140625 0.2953125
6 0.7109375 0.05625 0.1765625 0.0390625
2 0.2953125 0.81640625 0.1890625 0.1828125
2 0.5 0.81640625 0.1890625 0.1828125
2 0.7046875 0.81640625 0.1890625 0.1828125
2 0.23828125 0.009375 0.075 0.01796875
2 0.22109375 0.1078125 0.040625 0.04375
2 0.2828125 0.1078125 0.03515625 0.04375
2 0.35 0.1078125 0.05234375 0.04375
2 0.41953125 0.1078125 0.0390625 0.04375
2 0.47890625 0.1078125 0.03203125 0.04375
2 0.52578125 0.1078125 0.01484375 0.04375