2 0.75 0.1578125 0.0796875 0.053125
2 0.85 0.1578125 0.115625 0.053125
2 0.94453125 0.1578125 0.06953125 0.053125
2 0.634375 0.33203125 0.08203125 0.146875
2 0.634375 0.4375 0.08203125 0.06484375
2 0.634375 0.50234375 0.08203125 0.06484375
2 0.634375 0.5671875 0.08203125 0.06484375
2 0.634375 0.63203125 0.08203125 0.06484375
2 0.634375 0.6984375 0.08203125 0.06484375
2 0.634375 0.790625 0.08203125 0.1203125
2 0.634375 0.88203125 0.08203125 0.06484375
2 0.634375 0.9484375 0.08203125 0.06484375
2 0.634375 0.9890625 0.08203125 0.01953125
6 0.87265625 0.2328125 0.146875 0.0359375
2 0.884375 0.27890625 0.18984375 0.04296875
2 0.5 0.5609375 0.9375 0.02421875
2 0.88359375 0.875 0.13203125 0.053125
2 0.0765625 0.9828125 0.0796875 0.03125
2 0.55546875 0.9828125 0.0796875 0.03125