2 0.0640625 0.0359375 0.12734375 0.0625
2 0.165625 0.03828125 0.06953125 0.0359375
2 0.240625 0.03828125 0.06015625 0.0359375
2 0.303125 0.03828125 0.0484375 0.0359375
2 0.3953125 0.03828125 0.1203125 0.0359375
2 0.50625 0.03828125 0.08203125 0.0359375
2 0.5984375 0.03828125 0.08203125 0.0359375
2 0.86796875 0.03828125 0.04296875 0.0359375
2 0.9375 0.03828125 0.0765625 0.0359375
6 0.7046875 0.03828125 0.09140625 0.03828125
2 0.5 0.63671875 0.26953125 0.06953125
2 0.02734375 0.97109375 0.0359375 0.0359375