2 0.03515625 0.0421875 0.0484375 0.0625
2 0.14296875 0.04453125 0.1609375 0.03125
6 0.50390625 0.0421875 0.3609375 0.06015625
2 0.29453125 0.0421875 0.05546875 0.06015625
2 0.85546875 0.0421875 0.03828125 0.053125
2 0.93359375 0.0421875 0.09375 0.0484375
2 0.25234375 0.2765625 0.1109375 0.23046875
2 0.3765625 0.2765625 0.1109375 0.23046875
2 0.5 0.26328125 0.1109375 0.2046875
2 0.6234375 0.26328125 0.1109375 0.2046875
2 0.74765625 0.2765625 0.1109375 0.23046875
2 0.87265625 0.26328125 0.1109375 0.2046875
2 0.9703125 0.26328125 0.0578125 0.2046875
2 0.25234375 0.6046875 0.1109375 0.23046875
2 0.3765625 0.59140625 0.1109375 0.2046875
2 0.5 0.59140625 0.1109375 0.2046875
2 0.6234375 0.59140625 0.1109375 0.2046875
2 0.74765625 0.59140625 0.1109375 0.2046875
2 0.87265625 0.59140625 0.1109375 0.2046875
2 0.9703125 0.6046875 0.0578125 0.23046875
2 0.25234375 0.90859375 0.1109375 0.1828125
2 0.3765625 0.90859375 0.1109375 0.1828125
2 0.5 0.90859375 0.1109375 0.1828125
2 0.625 0.90859375 0.1109375 0.1828125
2 0.7484375 0.90859375 0.1109375 0.1828125
2 0.87265625 0.90859375 0.1109375 0.1828125
2 0.9703125 0.90859375 0.0578125 0.1828125