2 0.2953125 0.15703125 0.05 0.0453125
6 0.428125 0.3875 0.32109375 0.0390625
2 0.65703125 0.3875 0.1375 0.0390625
2 0.55859375 0.0421875 0.0125 0.02265625
2 0.571875 0.0421875 0.0125 0.02265625
2 0.584375 0.0421875 0.0125 0.02265625
2 0.5984375 0.04296875 0.0125 0.02265625
2 0.46640625 0.04375 0.140625 0.03671875
2 0.29140625 0.11171875 0.04140625 0.0453125
2 0.3359375 0.11171875 0.0484375 0.0453125
2 0.3828125 0.11171875 0.0453125 0.0453125
2 0.434375 0.11171875 0.05703125 0.0453125
2 0.478125 0.11171875 0.03359375 0.0453125
2 0.5140625 0.11171875 0.03671875 0.0453125
2 0.5484375 0.11171875 0.03125 0.0453125
2 0.57421875 0.11171875 0.02265625 0.0453125
2 0.6046875 0.11171875 0.03828125 0.0453125
2 0.65390625 0.11171875 0.0609375 0.0453125
2 0.74765625 0.11328125 0.03671875 0.04375