2 0.8609375 0.0328125 0.0984375 0.06015625
2 0.44609375 0.034375 0.10625 0.06796875
2 0.525 0.034375 0.10625 0.06796875
2 0.60859375 0.034375 0.10625 0.06796875
2 0.690625 0.034375 0.10625 0.06796875
2 0.771875 0.034375 0.10625 0.06796875
2 0.28203125 0.4078125 0.04296875 0.0640625
2 0.34921875 0.4078125 0.0671875 0.0640625
2 0.42734375 0.4078125 0.065625 0.0640625
2 0.575 0.4078125 0.20625 0.0640625
2 0.70859375 0.4078125 0.03828125 0.0640625
2 0.24140625 0.4078125 0.01796875 0.04609375
6 0.421875 0.846875 0.3421875 0.06015625
2 0.309375 0.08984375 0.16875 0.1796875
2 0.81796875 0.1421875 0.1046875 0.05625
2 0.46015625 0.1421875 0.1046875 0.05625
2 0.5796875 0.1421875 0.1046875 0.05625
2 0.6984375 0.1421875 0.1046875 0.05625