2 0.03515625 0.16640625 0.0484375 0.06875
2 0.0390625 0.26015625 0.01875 0.0390625
2 0.0390625 0.29921875 0.01875 0.034375
2 0.0390625 0.3359375 0.01875 0.034375
2 0.0390625 0.37265625 0.01875 0.034375
2 0.0390625 0.4078125 0.0109375 0.03046875
2 0.0390625 0.44140625 0.01875 0.03046875
2 0.0390625 0.47578125 0.01875 0.034375
2 0.0390625 0.51015625 0.0265625 0.02890625
2 0.0109375 0.5421875 0.01875 0.02890625
2 0.0296875 0.0578125 0.0390625 0.07734375
6 0.50390625 0.59921875 0.12421875 0.01875
2 0.590625 0.59921875 0.0484375 0.01875
2 0.4109375 0.61328125 0.059375 0.04609375
2 0.009375 0.728125 0.01640625 0.034375