2 0.6921875 0.0203125 0.11640625 0.040625
6 0.3640625 0.228125 0.015625 0.02421875
6 0.30625 0.2359375 0.09609375 0.01953125
2 0.490625 0.5109375 0.15 0.1015625
2 0.66640625 0.5109375 0.15 0.1015625
2 0.36796875 0.66171875 0.04375 0.02421875
2 0.5328125 0.66171875 0.06484375 0.02421875
2 0.71953125 0.66171875 0.04453125 0.02421875
2 0.32421875 0.77109375 0.13125 0.1015625
2 0.490625 0.77109375 0.15 0.1015625
2 0.66640625 0.77109375 0.15 0.1015625
2 0.284375 0.08359375 0.06796875 0.02109375
2 0.3625 0.08359375 0.0875 0.02109375
2 0.45 0.08359375 0.0875 0.02109375
2 0.525 0.08359375 0.06484375 0.02109375
2 0.603125 0.08359375 0.0921875 0.02109375
2 0.7 0.08359375 0.1 0.02109375
2 0.365625 0.91640625 0.04765625 0.02421875
2 0.54375 0.91640625 0.04453125 0.02421875
2 0.7171875 0.91640625 0.04765625 0.02421875