2 0.83828125 0.0171875 0.00859375 0.015625
2 0.878125 0.0171875 0.00859375 0.015625
2 0.9328125 0.0171875 0.00859375 0.015625
2 0.9828125 0.0171875 0.00859375 0.015625
2 0.57734375 0.5875 0.10078125 0.04609375
6 0.45 0.58828125 0.1546875 0.0453125
2 0.93671875 0.0671875 0.1 0.04296875
2 0.09453125 0.0671875 0.13125 0.03203125
2 0.01875 0.0671875 0.01328125 0.03203125
2 0.240625 0.0671875 0.00703125 0.01796875
2 0.3125 0.0671875 0.00703125 0.01796875
2 0.375 0.0671875 0.00703125 0.01796875
2 0.5 0.6765625 0.25625 0.04375
2 0.5 0.77734375 0.01640625 0.0296875
2 0.978125 0.82734375 0.01640625 0.03203125