2 0.034375 0.04765625 0.0390625 0.0609375
6 0.21953125 0.04765625 0.29296875 0.0453125
2 0.8765625 0.04765625 0.065625 0.040625
2 0.95 0.04765625 0.0734375 0.040625
2 0.05390625 0.20546875 0.0390625 0.0390625
2 0.1078125 0.20546875 0.06953125 0.02578125
2 0.459375 0.2796875 0.85 0.08359375
2 0.459375 0.39296875 0.85 0.1171875
2 0.934375 0.29375 0.0625 0.09765625
2 0.05625 0.5078125 0.0453125 0.03125
2 0.5 0.721875 0.9703125 0.1578125
2 0.934375 0.7171875 0.0625 0.09609375
2 0.1546875 0.759375 0.0453125 0.03125
2 0.2140625 0.759375 0.05625 0.02109375
2 0.5 0.8796875 0.9703125 0.1578125
2 0.934375 0.875 0.0625 0.09609375
2 0.15703125 0.91640625 0.05078125 0.03125
2 0.21328125 0.91640625 0.04375 0.02109375
2 0.5 0.97890625 0.9703125 0.04140625
2 0.934375 0.9921875 0.0625 0.015625
2 0.9515625 0.93515625 0.05859375 0.078125