2 0.03359375 0.0484375 0.03828125 0.0625
6 0.2203125 0.0484375 0.29296875 0.0453125
2 0.8765625 0.0484375 0.06484375 0.040625
2 0.94921875 0.0484375 0.07421875 0.040625
2 0.05390625 0.20546875 0.03828125 0.03828125
2 0.1078125 0.20546875 0.06953125 0.0265625
2 0.459375 0.2796875 0.85078125 0.084375
2 0.459375 0.39296875 0.85078125 0.11796875
2 0.93515625 0.29296875 0.0625 0.09609375
2 0.05625 0.50703125 0.0453125 0.03125
2 0.5 0.72265625 0.97109375 0.15859375
2 0.93515625 0.7171875 0.0625 0.09609375
2 0.15390625 0.759375 0.0453125 0.03125
2 0.2140625 0.759375 0.0578125 0.021875
2 0.5 0.8796875 0.97109375 0.15859375
2 0.93515625 0.875 0.0625 0.09609375
2 0.1578125 0.9171875 0.05078125 0.03125
2 0.2140625 0.9171875 0.0453125 0.021875
2 0.5 0.978125 0.97109375 0.040625
2 0.93515625 0.99140625 0.06484375 0.0140625
2 0.95078125 0.93515625 0.06015625 0.0796875