6 0.90859375 0.0375 0.1828125 0.040625
2 0.9953125 0.2234375 0.00703125 0.05078125
2 0.08984375 0.4203125 0.178125 0.30546875
2 0.27421875 0.4203125 0.17578125 0.30546875
2 0.4578125 0.4203125 0.178125 0.30546875
2 0.640625 0.4203125 0.178125 0.30546875
2 0.82421875 0.4203125 0.178125 0.30546875
2 0.959375 0.4203125 0.0796875 0.3078125
2 0.1859375 0.7859375 0.371875 0.134375
2 0.08203125 0.84140625 0.16328125 0.02421875
2 0.57421875 0.78515625 0.37265625 0.13203125
2 0.44140625 0.84140625 0.10546875 0.02421875
2 0.1859375 0.94296875 0.371875 0.1109375
2 0.57421875 0.94375 0.37265625 0.1109375
2 0.89921875 0.82421875 0.2015625 0.34609375