2 0.12734375 0.07578125 0.15625 0.0671875
2 0.3765625 0.0875 0.06015625 0.03359375
2 0.49765625 0.0875 0.1390625 0.03359375
2 0.61796875 0.0875 0.053125 0.03359375
2 0.9171875 0.0296875 0.06484375 0.0359375
2 0.84140625 0.0296875 0.06953125 0.0359375
2 0.8375 0.0921875 0.22578125 0.0484375
6 0.8375 0.165625 0.22578125 0.0359375
2 0.0953125 0.1671875 0.07421875 0.02890625
2 0.196875 0.1671875 0.09140625 0.02890625
2 0.3015625 0.1671875 0.0796875 0.02890625
2 0.3859375 0.1671875 0.053125 0.02890625
2 0.46875 0.1671875 0.07421875 0.02890625
2 0.7140625 0.4984375 0.34609375 0.0578125
2 0.70703125 0.06484375 0.09609375 0.021875