2 0.325 0.034375 0.16328125 0.06796875
2 0.5921875 0.0515625 0.0171875 0.03125
2 0.6125 0.0515625 0.0171875 0.03125
2 0.63125 0.0515625 0.0171875 0.03125
2 0.27578125 0.09375 0.065625 0.03828125
2 0.3390625 0.09375 0.06015625 0.03828125
2 0.3984375 0.09375 0.06015625 0.03828125
2 0.4578125 0.09375 0.0578125 0.03828125
2 0.515625 0.09375 0.0578125 0.03828125
2 0.5890625 0.09375 0.0890625 0.03828125
2 0.6640625 0.09375 0.06015625 0.03828125
2 0.725 0.09375 0.06328125 0.03828125
2 0.2609375 0.23125 0.03046875 0.05703125
2 0.7078125 0.453125 0.046875 0.07265625
2 0.98671875 0.50546875 0.0265625 0.18671875
6 0.6890625 0.05859375 0.09375 0.0171875
2 0.32734375 0.828125 0.08359375 0.028125
2 0.5 0.828125 0.08359375 0.028125
2 0.67265625 0.828125 0.08359375 0.028125
2 0.7078125 0.91953125 0.07890625 0.028125
2 0.7390625 0.23046875 0.03125 0.05546875
2 0.43515625 0.33203125 0.01015625 0.0171875
2 0.45703125 0.33203125 0.009375 0.015625
2 0.47890625 0.33203125 0.009375 0.01796875
2 0.5 0.33203125 0.01015625 0.01640625
2 0.52109375 0.33203125 0.01015625 0.01640625
2 0.54296875 0.33203125 0.01015625 0.0171875
2 0.5640625 0.33203125 0.01015625 0.015625