2 0.92265625 0.02109375 0.0328125 0.0421875
2 0.19453125 0.271875 0.06328125 0.03671875
2 0.27578125 0.27109375 0.0984375 0.03671875
2 0.36328125 0.271875 0.07421875 0.03671875
2 0.4375 0.271875 0.071875 0.03671875
2 0.5234375 0.2734375 0.0984375 0.03828125
2 0.634375 0.2734375 0.121875 0.034375
2 0.7265625 0.27421875 0.059375 0.03515625
2 0.78828125 0.27265625 0.0640625 0.03359375
2 0.88046875 0.2734375 0.121875 0.034375
2 0.8984375 0.02265625 0.01796875 0.0453125
6 0.80390625 0.02109375 0.171875 0.0421875