2 0.3828125 0.634375 0.08046875 0.04765625
2 0.4640625 0.634375 0.078125 0.04765625
2 0.54453125 0.634375 0.07890625 0.04765625
2 0.61875 0.634375 0.06640625 0.04765625
2 0.5 0.10234375 0.515625 0.0828125
2 0.36796875 0.44296875 0.05234375 0.12265625
2 0.390625 0.821875 0.00859375 0.015625
2 0.7578125 0.61953125 0.06015625 0.09453125
6 0.740625 0.20859375 0.134375 0.03671875
2 0.81875 0.21015625 0.02265625 0.0390625
6 0.778125 0.78359375 0.08046875 0.03671875
6 0.778125 0.87265625 0.08046875 0.03671875
2 0.778125 0.9453125 0.08046875 0.040625