2 0.471875 0.08125 0.140625 0.06328125
2 0.38359375 0.7671875 0.0234375 0.09453125
2 0.596875 0.7671875 0.0234375 0.09453125
2 0.5421875 0.86953125 0.00859375 0.0140625
2 0.5546875 0.86953125 0.00859375 0.0140625
2 0.5671875 0.86953125 0.00859375 0.0140625
2 0.32890625 0.08125 0.140625 0.06328125
2 0.73359375 0.09140625 0.01875 0.03125
6 0.4078125 0.2234375 0.2671875 0.02109375
2 0.7171875 0.22578125 0.0359375 0.01796875
6 0.3046875 0.18359375 0.0796875 0.02109375
6 0.3796875 0.18359375 0.05234375 0.02109375
6 0.4421875 0.18359375 0.05234375 0.02109375
2 0.446875 0.9765625 0.06875 0.046875
2 0.57421875 0.97734375 0.06953125 0.0453125
2 0.68125 0.9734375 0.11171875 0.053125
2 0.55703125 0.24453125 0.01875 0.0359375
2 0.43203125 0.8046875 0.06484375 0.17578125