2 0.03984375 0.3078125 0.0796875 0.0671875
2 0.2328125 0.303125 0.05078125 0.071875
2 0.2859375 0.303125 0.0484375 0.071875
2 0.34140625 0.303125 0.06015625 0.071875
2 0.41796875 0.303125 0.0890625 0.071875
2 0.49765625 0.303125 0.06484375 0.071875
2 0.5671875 0.303125 0.06953125 0.071875
2 0.64921875 0.303125 0.08671875 0.071875
2 0.73203125 0.303125 0.07421875 0.071875
2 0.8078125 0.303125 0.071875 0.071875
2 0.790625 0.3734375 0.0671875 0.071875
2 0.86796875 0.17578125 0.05078125 0.06484375
2 0.94609375 0.1765625 0.10546875 0.06484375
2 0.13359375 0.8703125 0.1390625 0.25703125
2 0.275 0.834375 0.1390625 0.1875
2 0.4171875 0.8578125 0.13671875 0.2359375
2 0.6140625 0.34765625 0.196875 0.05078125
2 0.6140625 0.446875 0.196875 0.0765625
2 0.6140625 0.56015625 0.196875 0.07421875
2 0.6140625 0.6609375 0.196875 0.05078125
2 0.6140625 0.76171875 0.196875 0.07421875
2 0.6140625 0.86328125 0.196875 0.05078125
2 0.61328125 0.68984375 0.19453125 0.040625
2 0.6140625 0.81953125 0.196875 0.05078125
2 0.6140625 0.9203125 0.196875 0.07421875
2 0.6140625 0.99765625 0.196875 0.00234375