2 0.3796875 0.92890625 0.1390625 0.03359375
2 0.5359375 0.93046875 0.17578125 0.03828125
2 0.09375 0.06015625 0.1421875 0.05078125
2 0.9328125 0.06015625 0.0890625 0.0578125
2 0.9328125 0.05859375 0.0890625 0.0265625
2 0.14296875 0.65390625 0.196875 0.0578125
2 0.14296875 0.65234375 0.196875 0.02890625
2 0.3234375 0.65390625 0.134375 0.0578125
2 0.3234375 0.65234375 0.134375 0.02890625
2 0.5671875 0.23046875 0.259375 0.0578125
2 0.8265625 0.23046875 0.259375 0.0578125
2 0.4890625 0.36875 0.06953125 0.0578125
2 0.55859375 0.36875 0.06953125 0.0578125
2 0.62734375 0.36875 0.06953125 0.0578125
2 0.696875 0.36875 0.06953125 0.0578125
2 0.7671875 0.36875 0.06953125 0.0578125
2 0.83671875 0.36875 0.06953125 0.0578125
2 0.9046875 0.36875 0.06953125 0.0578125
2 0.515625 0.66015625 0.12265625 0.0578125
2 0.6359375 0.66015625 0.12265625 0.0578125
2 0.75859375 0.66015625 0.12265625 0.0578125
2 0.8796875 0.66015625 0.12265625 0.0578125
2 0.51171875 0.9078125 0.11796875 0.0578125
2 0.51171875 0.9078125 0.11796875 0.02890625