2 0.0828125 0.0328125 0.165625 0.0578125
2 0.25 0.0328125 0.165625 0.0578125
2 0.4171875 0.0328125 0.165625 0.0578125
2 0.5828125 0.0328125 0.165625 0.0578125
2 0.75 0.0328125 0.165625 0.0578125
2 0.9171875 0.0328125 0.165625 0.0578125
2 0.1578125 0.1390625 0.28359375 0.1078125
2 0.5140625 0.14296875 0.07421875 0.04296875
6 0.7203125 0.1421875 0.22109375 0.05078125
2 0.86328125 0.13828125 0.0484375 0.053125
2 0.9390625 0.14453125 0.0890625 0.0625
2 0.11640625 0.24609375 0.09140625 0.06953125
2 0.22734375 0.24609375 0.13203125 0.06953125
2 0.3734375 0.24609375 0.16328125 0.06953125
2 0.521875 0.24609375 0.13203125 0.06953125
2 0.66953125 0.24609375 0.16328125 0.06953125
2 0.79453125 0.24609375 0.08671875 0.06953125
2 0.884375 0.24609375 0.09609375 0.06953125
2 0.4515625 0.3390625 0.0453125 0.06015625
2 0.66953125 0.46875 0.2765625 0.0265625
2 0.64453125 0.5984375 0.03359375 0.040625
2 0.68515625 0.5984375 0.03359375 0.040625
2 0.72578125 0.5984375 0.03359375 0.040625
2 0.76796875 0.5984375 0.03359375 0.040625
2 0.80859375 0.5984375 0.03359375 0.040625