2 0.77265625 0.01953125 0.04296875 0.01328125
2 0.82734375 0.01953125 0.05 0.01328125
2 0.8859375 0.01953125 0.05 0.01328125
2 0.9390625 0.01953125 0.0390625 0.01328125
2 0.2484375 0.30078125 0.10234375 0.02109375
2 0.3015625 0.38046875 0.03125 0.015625
2 0.50703125 0.38046875 0.04296875 0.015625
2 0.3015625 0.39453125 0.03125 0.015625
2 0.50703125 0.39453125 0.04296875 0.015625
2 0.3015625 0.40859375 0.03125 0.015625
2 0.5015625 0.40859375 0.03203125 0.015625
2 0.3015625 0.4234375 0.03125 0.015625
2 0.50703125 0.4234375 0.04296875 0.015625
2 0.30703125 0.4375 0.0421875 0.015625
2 0.5015625 0.4375 0.03203125 0.015625
2 0.3015625 0.4515625 0.03125 0.015625
2 0.50703125 0.4515625 0.04296875 0.015625
2 0.334375 0.46640625 0.0953125 0.015625
2 0.3015625 0.49375 0.03125 0.015625
2 0.50703125 0.49375 0.04296875 0.015625
2 0.3234375 0.5078125 0.07421875 0.015625
2 0.5015625 0.5078125 0.03203125 0.015625
2 0.31796875 0.521875 0.06328125 0.015625
2 0.5390625 0.521875 0.1078125 0.015625
2 0.30703125 0.53671875 0.0421875 0.015625
2 0.50703125 0.53671875 0.04296875 0.015625
2 0.3015625 0.55078125 0.03125 0.015625
2 0.3015625 0.578125 0.03125 0.015625
2 0.528125 0.578125 0.0859375 0.015625
2 0.3015625 0.5921875 0.03125 0.015625
2 0.5015625 0.5921875 0.03203125 0.015625
2 0.3015625 0.60703125 0.03125 0.015625
2 0.5015625 0.60703125 0.03203125 0.015625
2 0.3015625 0.62109375 0.03125 0.015625
2 0.30703125 0.6484375 0.0421875 0.015625
2 0.5015625 0.6484375 0.03203125 0.015625
2 0.3015625 0.6625 0.03125 0.015625
2 0.5015625 0.6625 0.03203125 0.015625
2 0.3234375 0.67734375 0.07421875 0.015625
2 0.5015625 0.67734375 0.03203125 0.015625
2 0.3015625 0.69140625 0.03125 0.015625
2 0.88984375 0.071875 0.13671875 0.04296875
2 0.3015625 0.71875 0.03125 0.015625
2 0.5015625 0.71875 0.03203125 0.015625
2 0.30703125 0.7328125 0.0421875 0.015625
2 0.5015625 0.7328125 0.03203125 0.015625
2 0.3015625 0.74765625 0.03125 0.015625
2 0.52265625 0.74765625 0.075 0.015625
2 0.3015625 0.76171875 0.03125 0.015625
2 0.5015625 0.76171875 0.03203125 0.015625
2 0.3015625 0.7890625 0.03125 0.015625
2 0.50703125 0.7890625 0.04296875 0.015625
2 0.3015625 0.803125 0.03125 0.015625
2 0.5015625 0.803125 0.03203125 0.015625
2 0.6125 0.08125 0.0546875 0.040625
2 0.7734375 0.08125 0.078125 0.084375
2 0.3234375 0.81796875 0.07421875 0.015625
2 0.5390625 0.81796875 0.1078125 0.015625
2 0.075 0.08203125 0.06875 0.02578125
2 0.1734375 0.0828125 0.1 0.040625
6 0.3109375 0.0828125 0.15625 0.0375
6 0.49609375 0.0828125 0.15625 0.0375
2 0.30703125 0.83203125 0.0421875 0.015625
2 0.3015625 0.859375 0.03125 0.015625
2 0.5015625 0.859375 0.03203125 0.015625
2 0.3125 0.8734375 0.053125 0.015625
2 0.54453125 0.8734375 0.11796875 0.015625
2 0.3390625 0.88828125 0.10625 0.015625
2 0.5015625 0.88828125 0.03203125 0.015625
2 0.30703125 0.90234375 0.0421875 0.015625
2 0.5015625 0.90234375 0.03203125 0.015625
2 0.334375 0.91640625 0.0953125 0.015625
2 0.5015625 0.91640625 0.03203125 0.015625
2 0.3015625 0.95078125 0.03125 0.015625
2 0.528125 0.95078125 0.0859375 0.015625
2 0.32890625 0.96484375 0.08515625 0.015625
2 0.50703125 0.96484375 0.04296875 0.015625
2 0.3015625 0.97890625 0.03125 0.015625
2 0.52265625 0.97890625 0.075 0.015625
2 0.30703125 0.99296875 0.0421875 0.0140625
2 0.5125 0.99296875 0.05390625 0.0140625
2 0.85546875 0.10546875 0.05859375 0.015625