2 0.04296875 0.0453125 0.0484375 0.090625
6 0.81953125 0.0453125 0.13671875 0.0484375
2 0.8703125 0.0453125 0.0359375 0.0484375
2 0.94140625 0.0453125 0.0828125 0.090625
2 0.33984375 0.4234375 0.6421875 0.4828125
2 0.81953125 0.30078125 0.321875 0.23828125
2 0.81953125 0.54296875 0.321875 0.23828125
2 0.12890625 0.91015625 0.21875 0.178125
2 0.3609375 0.91015625 0.21875 0.178125
2 0.59140625 0.91015625 0.21875 0.178125
2 0.9796875 0.7546875 0.00234375 0.00234375
2 0.67890625 0.9234375 0.34609375 0.0625
2 0.32109375 0.9234375 0.34609375 0.0625