2 0.0546875 0.13125 0.0578125 0.06796875
6 0.8015625 0.134375 0.3140625 0.04921875
2 0.86640625 0.02890625 0.0234375 0.05703125
2 0.89375 0.02890625 0.0234375 0.05703125
2 0.92109375 0.02890625 0.0234375 0.05703125
2 0.9484375 0.02890625 0.0234375 0.05703125
2 0.4765625 0.0296875 0.159375 0.05078125
2 0.77578125 0.03046875 0.12890625 0.04609375
2 0.6328125 0.03046875 0.14921875 0.05390625
2 0.33515625 0.03125 0.12265625 0.04765625
2 0.84375 0.39140625 0.2296875 0.07421875
2 0.84609375 0.4875 0.228125 0.0765625
2 0.14140625 0.79921875 0.2296875 0.04453125