2 0.06640625 0.03671875 0.11953125 0.05703125
2 0.94921875 0.040625 0.1015625 0.05234375
2 0.8609375 0.45703125 0.27734375 0.06015625
2 0.8609375 0.5296875 0.27734375 0.06015625
2 0.8609375 0.603125 0.27734375 0.06015625
6 0.8609375 0.72890625 0.27734375 0.06015625
6 0.8609375 0.80234375 0.27734375 0.06015625
2 0.53671875 0.85390625 0.06953125 0.0609375
2 0.171875 0.85546875 0.11015625 0.04296875
2 0.04921875 0.85546875 0.0765625 0.0390625
2 0.32265625 0.8578125 0.1171875 0.04765625
2 0.44140625 0.8578125 0.04765625 0.06015625
2 0.8609375 0.875 0.27734375 0.06015625