2 0.06484375 0.05546875 0.1109375 0.02421875
2 0.9484375 0.040625 0.10078125 0.053125
2 0.04296875 0.04765625 0.0859375 0.0578125
2 0.23671875 0.0484375 0.178125 0.0578125
2 0.43046875 0.0484375 0.08671875 0.0578125
2 0.603125 0.0484375 0.134375 0.0578125
2 0.7953125 0.0484375 0.12734375 0.0578125
2 0.96015625 0.04921875 0.0796875 0.06015625
2 0.2953125 0.1828125 0.00703125 0.02421875
2 0.8609375 0.4578125 0.2765625 0.06015625
2 0.8609375 0.5296875 0.2765625 0.06015625
2 0.8609375 0.603125 0.2765625 0.0625
6 0.8609375 0.7296875 0.2765625 0.0625
6 0.8609375 0.803125 0.2765625 0.0625
6 0.8609375 0.8765625 0.2765625 0.06015625