2 0.17890625 0.859375 0.0140625 0.0265625
2 0.2046875 0.859375 0.01484375 0.02734375
2 0.22890625 0.86015625 0.01484375 0.028125
2 0.2546875 0.86015625 0.01484375 0.02890625
2 0.1796875 0.9078125 0.01484375 0.02578125
2 0.2046875 0.9078125 0.01484375 0.0265625
2 0.7828125 0.85546875 0.0703125 0.0453125
2 0.1984375 0.7671875 0.05234375 0.09453125
2 0.78828125 0.93671875 0.04921875 0.03515625
6 0.4484375 0.30078125 0.4859375 0.05546875
2 0.734375 0.3 0.0875 0.0546875
6 0.665625 0.85546875 0.1640625 0.0453125