2 0.61015625 0.03046875 0.05234375 0.03828125
2 0.16328125 0.03203125 0.04296875 0.04453125
2 0.3796875 0.30703125 0.2765625 0.284375
2 0.284375 0.4953125 0.08515625 0.07421875
2 0.375 0.4953125 0.08515625 0.07421875
2 0.4640625 0.4953125 0.08515625 0.07421875
2 0.5546875 0.4953125 0.08515625 0.07421875
2 0.6453125 0.4953125 0.08515625 0.07421875
2 0.7359375 0.65078125 0.0390625 0.0703125
2 0.7359375 0.73359375 0.0390625 0.0703125
2 0.7359375 0.81640625 0.0390625 0.0703125
2 0.7359375 0.8984375 0.0390625 0.0703125
2 0.77578125 0.0328125 0.01875 0.0328125
2 0.83828125 0.03203125 0.01796875 0.02734375
2 0.85625 0.0328125 0.01640625 0.02734375
6 0.43828125 0.03046875 0.2859375 0.03828125
2 0.57890625 0.7734375 0.21796875 0.33046875
2 0.7359375 0.971875 0.040625 0.05625
2 0.31328125 0.98203125 0.14375 0.03515625
2 0.3 0.84609375 0.071875 0.03984375
2 0.353125 0.77265625 0.2234375 0.33125