2 0.109375 0.0328125 0.15625 0.06484375
2 0.46484375 0.0328125 0.10546875 0.06484375
2 0.76328125 0.0328125 0.03828125 0.06484375
2 0.86640625 0.0328125 0.06015625 0.06484375
2 0.234375 0.45078125 0.03828125 0.040625
2 0.31484375 0.45078125 0.0484375 0.040625
2 0.43359375 0.45078125 0.11328125 0.040625
2 0.56953125 0.45078125 0.084375 0.040625
2 0.6984375 0.45078125 0.09609375 0.040625
6 0.45078125 0.5421875 0.5671875 0.071875
2 0.78359375 0.5421875 0.0984375 0.071875
2 0.81953125 0.9046875 0.28828125 0.0265625