2 0.04453125 0.215625 0.0796875 0.0390625
2 0.11875 0.215625 0.0625 0.0390625
2 0.2109375 0.215625 0.11640625 0.0390625
2 0.35546875 0.215625 0.1703125 0.0390625
2 0.5125 0.215625 0.13984375 0.0390625
2 0.6296875 0.21484375 0.08828125 0.0390625
2 0.71640625 0.215625 0.08125 0.0390625
2 0.7984375 0.215625 0.07734375 0.0390625
2 0.8734375 0.215625 0.0671875 0.0390625
2 0.94375 0.215625 0.06953125 0.03671875
2 0.55 0.25859375 0.06953125 0.0390625
6 0.9625 0.0734375 0.075 0.04140625
2 0.990625 0.21484375 0.01875 0.0375
2 0.55078125 0.096875 0.1953125 0.184375