2 0.30625 0.07265625 0.0703125 0.13046875
2 0.38125 0.07265625 0.065625 0.128125
2 0.46015625 0.071875 0.0703125 0.12734375
2 0.53671875 0.07265625 0.0703125 0.128125
2 0.40234375 0.2421875 0.00859375 0.0140625
2 0.5484375 0.3421875 0.0609375 0.01953125
2 0.27890625 0.3765625 0.0078125 0.0140625
2 0.3703125 0.3765625 0.0078125 0.0140625
2 0.49140625 0.3765625 0.0078125 0.0140625
2 0.29296875 0.43125 0.0359375 0.06484375
2 0.559375 0.40546875 0.040625 0.0140625
2 0.29296875 0.53984375 0.0359375 0.06484375
2 0.559375 0.51484375 0.040625 0.0140625
2 0.29296875 0.61484375 0.0359375 0.06484375
2 0.29296875 0.68671875 0.0359375 0.06484375
2 0.29296875 0.759375 0.0359375 0.06484375
2 0.49921875 0.27578125 0.034375 0.02421875
6 0.37578125 0.275 0.20078125 0.02109375