2 0.7 0.240625 0.06171875 0.03203125
2 0.76328125 0.240625 0.06328125 0.03203125
2 0.82734375 0.24140625 0.06171875 0.03125
2 0.3125 0.06015625 0.15859375 0.10234375
2 0.3953125 0.31484375 0.3078125 0.2
2 0.29296875 0.5265625 0.096875 0.06328125
2 0.396875 0.5265625 0.096875 0.06328125
2 0.5 0.5265625 0.096875 0.06328125
2 0.60625 0.30859375 0.0953125 0.10390625
2 0.2875 0.6796875 0.096875 0.13046875
2 0.39140625 0.6796875 0.096875 0.13046875
2 0.49453125 0.6796875 0.096875 0.13046875
2 0.5984375 0.6796875 0.096875 0.13046875
2 0.2875 0.8265625 0.096875 0.13046875
2 0.39140625 0.8265625 0.096875 0.13046875
2 0.49453125 0.8265625 0.096875 0.13046875
2 0.5984375 0.8265625 0.096875 0.13046875
2 0.74375 0.196875 0.01484375 0.028125
2 0.771875 0.196875 0.01484375 0.028125
2 0.8 0.196875 0.01484375 0.028125
2 0.82734375 0.196875 0.01484375 0.028125
2 0.54921875 0.1890625 0.04375 0.03046875
6 0.37890625 0.1875 0.27890625 0.0296875
6 0.75625 0.85078125 0.103125 0.01953125
2 0.74140625 0.8828125 0.04375 0.03203125
2 0.28828125 0.9546875 0.09609375 0.090625
2 0.39140625 0.95390625 0.0984375 0.09140625
2 0.49375 0.95390625 0.1 0.09140625
2 0.5984375 0.9546875 0.09921875 0.090625