2 0.146875 0.203125 0.0625 0.06796875
2 0.24375 0.203125 0.1015625 0.06796875
2 0.340625 0.203125 0.0609375 0.06796875
2 0.44375 0.203125 0.1140625 0.06796875
2 0.56875 0.203125 0.1046875 0.06796875
2 0.065625 0.203125 0.06875 0.06796875
2 0.68203125 0.203125 0.090625 0.06796875
2 0.78359375 0.203125 0.08125 0.06796875
2 0.8578125 0.203125 0.03515625 0.06796875
2 0.9453125 0.203125 0.109375 0.06796875
2 0.5015625 0.5546875 0.965625 0.58984375
2 0.1671875 0.98125 0.303125 0.0375
2 0.5 0.98125 0.303125 0.0375
2 0.8328125 0.98125 0.303125 0.0375
2 0.82734375 0.109375 0.02734375 0.0359375
2 0.89453125 0.11015625 0.0421875 0.0515625
2 0.11875 0.11171875 0.17578125 0.04921875
6 0.540625 0.11171875 0.628125 0.07265625
2 0.9453125 0.11328125 0.04296875 0.059375