2 0.03828125 0.03125 0.03828125 0.0625
6 0.4078125 0.0328125 0.6421875 0.0484375
2 0.79453125 0.0296875 0.0765625 0.04296875
2 0.87890625 0.0296875 0.08671875 0.04296875
2 0.9578125 0.0296875 0.06015625 0.04296875
2 0.15 0.2359375 0.22109375 0.2328125
2 0.38359375 0.2359375 0.22109375 0.2328125
2 0.61640625 0.2359375 0.22109375 0.2328125
2 0.85 0.2359375 0.22109375 0.2328125
2 0.234375 0.4671875 0.36796875 0.2328125
2 0.61171875 0.4671875 0.36796875 0.2328125
2 0.12734375 0.571875 0.17578125 0.04296875
2 0.06875 0.6671875 0.06484375 0.04296875
2 0.16953125 0.6671875 0.10546875 0.02421875
2 0.28515625 0.6671875 0.0796875 0.02421875
2 0.375 0.6671875 0.071875 0.04296875
2 0.45078125 0.6671875 0.0671875 0.04296875
2 0.61171875 0.6671875 0.03125 0.0265625
2 0.37890625 0.7484375 0.06015625 0.021875
2 0.609375 0.7515625 0.0625 0.03125
2 0.12890625 0.8375 0.12265625 0.03359375
2 0.2234375 0.8375 0.06015625 0.03125
2 0.2828125 0.8375 0.053125 0.03359375
2 0.35546875 0.896875 0.06015625 0.021875
2 0.609375 0.9 0.0625 0.03125
2 0.56953125 0.9671875 0.1421875 0.0625
2 0.82421875 0.553125 0.303125 0.0625
2 0.82421875 0.61796875 0.303125 0.0625
2 0.82421875 0.68125 0.303125 0.0625
2 0.82421875 0.7453125 0.303125 0.0625
2 0.82421875 0.80859375 0.303125 0.0625
2 0.82421875 0.8765625 0.27890625 0.04296875
2 0.72109375 0.94375 0.06015625 0.04296875
2 0.78984375 0.94375 0.05546875 0.04296875
2 0.86171875 0.94375 0.06484375 0.04296875
2 0.93046875 0.94375 0.05078125 0.04296875