2 0.3 0.0390625 0.0765625 0.04921875
2 0.29765625 0.103125 0.08125 0.05390625
2 0.378125 0.103125 0.08046875 0.05390625
2 0.459375 0.103125 0.08125 0.05390625
2 0.540625 0.103125 0.08125 0.05390625
2 0.62109375 0.103125 0.08046875 0.05390625
2 0.7015625 0.103125 0.08125 0.05390625
2 0.465625 0.59375 0.02109375 0.03984375
2 0.49921875 0.5953125 0.01875 0.04296875
2 0.53359375 0.596875 0.025 0.046875
6 0.6171875 0.040625 0.16328125 0.0390625
2 0.7171875 0.040625 0.03125 0.0390625
2 0.3140625 0.36796875 0.11328125 0.0796875
2 0.3140625 0.29296875 0.1140625 0.0671875
2 0.31328125 0.44296875 0.1125 0.06328125
2 0.66953125 0.30546875 0.12578125 0.053125
2 0.50078125 0.83515625 0.05078125 0.0484375
2 0.684375 0.03984375 0.0140625 0.03046875