2 0.28125 0.19375 0.12265625 0.03515625
2 0.28046875 0.22890625 0.12265625 0.03515625
2 0.28125 0.2640625 0.12265625 0.03515625
2 0.28046875 0.3 0.12265625 0.03515625
2 0.28046875 0.3359375 0.12265625 0.03515625
2 0.28046875 0.3703125 0.12265625 0.03515625
2 0.2796875 0.40703125 0.12265625 0.03515625
2 0.28046875 0.44375 0.12265625 0.03515625
2 0.2796875 0.478125 0.121875 0.03515625
2 0.2796875 0.5140625 0.12109375 0.03515625
2 0.2796875 0.54921875 0.12109375 0.03515625
2 0.28046875 0.59375 0.121875 0.05078125
2 0.27890625 0.64453125 0.1203125 0.05078125
2 0.27890625 0.69609375 0.11953125 0.05078125
2 0.27734375 0.74765625 0.1171875 0.05078125
2 0.27734375 0.79921875 0.1171875 0.05078125
2 0.27734375 0.85859375 0.1171875 0.06640625
2 0.27734375 0.92578125 0.1171875 0.06640625
2 0.76328125 0.065625 0.03046875 0.028125
2 0.30234375 0.06953125 0.18203125 0.09453125
6 0.6265625 0.065625 0.05234375 0.028125
6 0.715625 0.065625 0.05234375 0.028125
2 0.27734375 0.9796875 0.11796875 0.040625