2 0.325 0.06875 0.05703125 0.028125
2 0.3828125 0.06875 0.05703125 0.028125
2 0.44140625 0.06796875 0.05703125 0.028125
2 0.5 0.06875 0.05703125 0.028125
2 0.55859375 0.06875 0.05703125 0.028125
2 0.6171875 0.06875 0.05703125 0.028125
2 0.675 0.06875 0.05703125 0.028125
2 0.3953125 0.01953125 0.20078125 0.0390625
2 0.309375 0.38984375 0.015625 0.028125
2 0.309375 0.45390625 0.015625 0.028125
2 0.309375 0.5171875 0.015625 0.028125
2 0.309375 0.58046875 0.015625 0.028125
2 0.3390625 0.6515625 0.0734375 0.028125
2 0.3390625 0.68671875 0.075 0.028125
2 0.53125 0.38984375 0.015625 0.028125
2 0.53125 0.4328125 0.015625 0.028125
2 0.53125 0.4765625 0.015625 0.028125
2 0.53125 0.5203125 0.015625 0.028125
2 0.5609375 0.59296875 0.0734375 0.028125
2 0.56171875 0.62734375 0.075 0.028125
2 0.3171875 0.89921875 0.0375 0.0390625
2 0.415625 0.89921875 0.0375 0.0390625
2 0.4953125 0.89921875 0.0375 0.0390625
2 0.58515625 0.89921875 0.0375 0.0390625
6 0.590625 0.025 0.12265625 0.01796875
2 0.54375 0.04375 0.03046875 0.01796875
6 0.66796875 0.025 0.0296875 0.0171875