2 0.11796875 0.03359375 0.14453125 0.0671875
2 0.2328125 0.03359375 0.0671875 0.06015625
2 0.3109375 0.03359375 0.09140625 0.06015625
2 0.44453125 0.03359375 0.17578125 0.06015625
2 0.57109375 0.03359375 0.08203125 0.06015625
2 0.69453125 0.03359375 0.071875 0.06015625
2 0.78828125 0.03359375 0.115625 0.06015625
2 0.89921875 0.03359375 0.1109375 0.06015625
6 0.45078125 0.19140625 0.65625 0.0625
2 0.8265625 0.19140625 0.0984375 0.0625
6 0.5 0.30390625 0.21171875 0.0453125
6 0.5 0.35546875 0.21171875 0.0453125
6 0.5 0.40625 0.21171875 0.0453125
6 0.5 0.45703125 0.21171875 0.0453125
6 0.5 0.50703125 0.21171875 0.04296875
2 0.57578125 0.5984375 0.0578125 0.02890625
2 0.6296875 0.5984375 0.03828125 0.02890625