6 0.4515625 0.19140625 0.65625 0.0625
2 0.8265625 0.19140625 0.0984375 0.0625
6 0.49921875 0.3046875 0.21015625 0.04453125
2 0.1171875 0.03359375 0.115625 0.0671875
2 0.1171875 0.03359375 0.14375 0.0671875
2 0.2328125 0.03359375 0.0671875 0.06015625
2 0.31171875 0.03359375 0.0921875 0.06015625
2 0.44453125 0.03359375 0.17578125 0.06015625
2 0.57109375 0.03359375 0.0796875 0.06015625
2 0.6953125 0.03359375 0.071875 0.06015625
2 0.78828125 0.03359375 0.115625 0.06015625
2 0.89921875 0.03359375 0.109375 0.06015625
6 0.49921875 0.35546875 0.21015625 0.04453125
6 0.49921875 0.40625 0.21015625 0.04453125
6 0.49921875 0.45703125 0.21015625 0.04453125
6 0.49921875 0.5078125 0.21015625 0.04453125
2 0.57578125 0.5984375 0.0578125 0.02734375
2 0.6296875 0.5984375 0.0375 0.02734375
2 0.84765625 0.64765625 0.01484375 0.01875
2 0.83203125 0.64921875 0.0171875 0.01875
2 0.77421875 0.6984375 0.10703125 0.03125
2 0.603125 0.853125 0.053125 0.06875
2 0.61953125 0.9484375 0.08828125 0.028125
2 0.84296875 0.9515625 0.096875 0.03203125