2 0.70546875 0.0203125 0.053125 0.0140625
2 0.89453125 0.0625 0.02890625 0.0265625
2 0.92421875 0.0625 0.03125 0.0265625
2 0.94921875 0.0625 0.01953125 0.0265625
2 0.0484375 0.13671875 0.0140625 0.0359375
2 0.23828125 0.134375 0.05078125 0.03359375
2 0.3078125 0.134375 0.0484375 0.03359375
2 0.3703125 0.134375 0.0359375 0.03359375
2 0.43046875 0.134375 0.04296875 0.03359375
2 0.4859375 0.134375 0.02890625 0.03359375
2 0.5609375 0.134375 0.084375 0.03359375
2 0.6453125 0.134375 0.04296875 0.03359375
2 0.6984375 0.134375 0.021875 0.03359375
2 0.73828125 0.134375 0.0171875 0.03359375
2 0.7765625 0.134375 0.021875 0.03359375
2 0.0671875 0.24375 0.053125 0.01953125
2 0.14453125 0.24375 0.0484375 0.01953125
2 0.2390625 0.24375 0.0890625 0.01953125
2 0.35 0.24375 0.08203125 0.01953125
2 0.14921875 0.36875 0.21640625 0.03359375