2 0.0609375 0.034375 0.121875 0.06875
6 0.21875 0.0359375 0.178125 0.05078125
2 0.35078125 0.0359375 0.071875 0.071875
2 0.4203125 0.0359375 0.06953125 0.071875
2 0.5015625 0.0359375 0.09140625 0.071875
2 0.57421875 0.0359375 0.05546875 0.071875
2 0.6296875 0.0359375 0.0578125 0.071875
2 0.71015625 0.0359375 0.103125 0.071875
2 0.790625 0.0359375 0.06015625 0.071875
2 0.896875 0.03515625 0.05546875 0.06953125
2 0.953125 0.03515625 0.0625 0.0453125
2 0.39765625 0.6296875 0.1875 0.07421875
2 0.61171875 0.6296875 0.1703125 0.07421875