2 0.74140625 0.16171875 0.01171875 0.02109375
2 0.48984375 0.17109375 0.02109375 0.03984375
6 0.36484375 0.171875 0.228125 0.040625
2 0.5421875 0.171875 0.08046875 0.040625
2 0.62578125 0.171875 0.08046875 0.040625
2 0.2390625 0.175 0.01171875 0.1234375
2 0.7421875 0.18359375 0.01171875 0.0203125
6 0.375 0.49765625 0.22109375 0.04375
6 0.62578125 0.49765625 0.22109375 0.04375
2 0.4578125 0.54765625 0.05546875 0.03671875
2 0.70859375 0.54765625 0.05546875 0.03671875
2 0.30859375 0.05703125 0.115625 0.07421875
2 0.5484375 0.7078125 0.05625 0.1015625
2 0.54921875 0.9453125 0.05234375 0.09375
2 0.45703125 0.1234375 0.0578125 0.03671875
2 0.30078125 0.12421875 0.0359375 0.03828125
2 0.54375 0.12421875 0.02734375 0.0265625
2 0.4 0.12421875 0.05390625 0.03828125
2 0.26796875 0.12421875 0.02734375 0.040625
2 0.63203125 0.125 0.02734375 0.028125
2 0.66328125 0.125 0.03203125 0.028125
2 0.346875 0.125 0.0484375 0.0390625
2 0.5078125 0.125 0.03984375 0.02578125
2 0.57578125 0.12578125 0.03125 0.0265625
2 0.60625 0.12578125 0.02265625 0.0265625