2 0.71796875 0.1453125 0.01015625 0.01875
2 0.490625 0.153125 0.01875 0.0375
6 0.378125 0.15390625 0.20546875 0.03671875
2 0.53828125 0.15390625 0.071875 0.03671875
2 0.61328125 0.15390625 0.071875 0.03671875
2 0.265625 0.1578125 0.0109375 0.1109375
2 0.7171875 0.165625 0.0109375 0.0171875
6 0.3875 0.446875 0.19921875 0.040625
6 0.61328125 0.446875 0.19921875 0.040625
2 0.4625 0.4921875 0.05 0.03203125
2 0.6875 0.4921875 0.05 0.03203125
2 0.328125 0.0515625 0.10390625 0.0671875
2 0.54296875 0.63671875 0.05078125 0.09140625
2 0.54453125 0.84921875 0.046875 0.084375
2 0.54375 0.98125 0.046875 0.0375
2 0.46015625 0.11171875 0.05078125 0.034375
2 0.59375 0.11171875 0.02265625 0.03515625
2 0.290625 0.11171875 0.02421875 0.03671875
2 0.50625 0.1125 0.0359375 0.0359375
2 0.53828125 0.1125 0.02578125 0.03515625
2 0.409375 0.1125 0.04765625 0.03515625
2 0.321875 0.1125 0.03359375 0.0359375
2 0.36171875 0.1125 0.04140625 0.0359375
2 0.61796875 0.1125 0.021875 0.0359375
2 0.56640625 0.1125 0.028125 0.0359375
2 0.646875 0.1125 0.03359375 0.03671875