2 0.359375 0.05078125 0.21484375 0.05078125
2 0.30625 0.559375 0.11953125 0.04609375
6 0.54453125 0.6125 0.11875 0.02265625
2 0.62890625 0.61328125 0.0296875 0.02265625
6 0.70625 0.71953125 0.07734375 0.02265625
6 0.70625 0.74765625 0.07734375 0.02265625
2 0.6828125 0.790625 0.0296875 0.02265625
2 0.34375 0.8875 0.1640625 0.04609375
2 0.371875 0.10546875 0.025 0.03515625
2 0.4046875 0.10546875 0.0390625 0.03515625
2 0.44375 0.10546875 0.0390625 0.03515625
2 0.4890625 0.10546875 0.0515625 0.03515625
2 0.53359375 0.10546875 0.0375 0.03515625
2 0.5734375 0.10546875 0.0421875 0.03515625
2 0.6125 0.10546875 0.025 0.03515625
2 0.6640625 0.10546875 0.06796875 0.03515625
2 0.71484375 0.10546875 0.0234375 0.03515625
2 0.74765625 0.10546875 0.0421875 0.03515625