2 0.378125 0.2515625 0.034375 0.028125
2 0.4328125 0.2515625 0.06875 0.028125
2 0.49609375 0.2515625 0.0546875 0.028125
2 0.5484375 0.2515625 0.0453125 0.028125
2 0.5921875 0.2515625 0.0375 0.028125
2 0.6375 0.2515625 0.04921875 0.028125
2 0.684375 0.2515625 0.0390625 0.028125
2 0.725 0.2515625 0.040625 0.028125
6 0.7109375 0.2921875 0.0734375 0.02421875
2 0.765625 0.2921875 0.03359375 0.02265625
2 0.78359375 0.03984375 0.021875 0.05390625
2 0.31953125 0.5765625 0.01015625 0.02421875
2 0.31953125 0.61875 0.01015625 0.02421875
2 0.31953125 0.71484375 0.01015625 0.02421875
2 0.31953125 0.8109375 0.01015625 0.02421875
2 0.31953125 0.85234375 0.01015625 0.02421875