2 0.565625 0.278125 0.04765625 0.03515625
2 0.209375 0.2953125 0.04765625 0.03515625
2 0.74453125 0.2953125 0.04765625 0.03515625
2 0.9234375 0.31328125 0.04765625 0.034375
2 0.3875 0.33125 0.04765625 0.03515625
2 0.03125 0.3484375 0.04765625 0.03515625
6 0.4578125 0.48671875 0.084375 0.03359375
6 0.5421875 0.48671875 0.084375 0.03359375
6 0.5 0.5625 0.1671875 0.11640625
2 0.56171875 0.6 0.04375 0.03671875
2 0.48359375 0.06796875 0.02890625 0.03125
2 0.51796875 0.06796875 0.0296875 0.034375
2 0.7578125 0.81640625 0.0203125 0.03671875