2 0.81484375 0.021875 0.015625 0.028125
2 0.678125 0.021875 0.015625 0.028125
2 0.69609375 0.021875 0.015625 0.028125
2 0.7140625 0.021875 0.015625 0.028125
6 0.765625 0.021875 0.08359375 0.028125
2 0.98125 0.365625 0.03125 0.11328125
2 0.0171875 0.36953125 0.025 0.07421875
2 0.49921875 0.3859375 0.11171875 0.04609375
2 0.2859375 0.70859375 0.06640625 0.0296875
2 0.5015625 0.70859375 0.06640625 0.0296875
2 0.7171875 0.70859375 0.06640625 0.0296875
2 0.8046875 0.80390625 0.0125 0.02265625
2 0.4703125 0.09140625 0.03984375 0.02421875
2 0.528125 0.09140625 0.07421875 0.02421875
2 0.60859375 0.09140625 0.08671875 0.02421875
2 0.684375 0.0921875 0.0640625 0.0265625
2 0.74375 0.09375 0.053125 0.02734375
2 0.2859375 0.10703125 0.196875 0.0546875
2 0.48984375 0.49765625 0.00703125 0.0125
2 0.5 0.49765625 0.0078125 0.0125
2 0.5109375 0.49765625 0.00703125 0.0125