2 0.5 0.15234375 0.15625 0.234375
2 0.8421875 0.3453125 0.02109375 0.0390625
6 0.74375 0.3453125 0.1765625 0.0390625
2 0.215625 0.3484375 0.1375 0.0453125
2 0.57421875 0.0421875 0.0078125 0.0140625
2 0.565625 0.04296875 0.00859375 0.01484375
2 0.29453125 0.4234375 0.0875 0.0453125
2 0.3890625 0.4234375 0.10078125 0.0453125
2 0.4859375 0.4234375 0.09296875 0.0453125
2 0.571875 0.4234375 0.0796875 0.0453125
2 0.6640625 0.4234375 0.1046875 0.0453125
2 0.765625 0.4234375 0.09765625 0.0453125
2 0.19453125 0.425 0.096875 0.0375