2 0.5 0.2484375 0.17734375 0.04765625
2 0.60625 0.46328125 0.01171875 0.01953125
2 0.75 0.4671875 0.08359375 0.03359375
2 0.60625 0.48828125 0.01171875 0.01953125
2 0.60625 0.51328125 0.01171875 0.0203125
2 0.75 0.51796875 0.08359375 0.03359375
2 0.27109375 0.56640625 0.12578125 0.27421875
2 0.75 0.56875 0.08359375 0.03515625
2 0.75 0.621875 0.08359375 0.03515625
6 0.596875 0.696875 0.2046875 0.03359375
2 0.75078125 0.696875 0.08046875 0.03359375
2 0.64453125 0.7609375 0.08359375 0.03515625
2 0.74921875 0.76328125 0.0890625 0.03125
2 0.746875 0.83359375 0.09140625 0.02578125
2 0.23671875 0.834375 0.0609375 0.02109375
2 0.021875 0.971875 0.0234375 0.0421875