2 0.14765625 0.4015625 0.14453125 0.03125
2 0.7875 0.4015625 0.1203125 0.03125
2 0.90859375 0.4015625 0.12265625 0.1203125
2 0.08671875 0.49765625 0.08203125 0.03828125
2 0.8953125 0.49765625 0.10078125 0.04296875
2 0.0953125 0.5421875 0.1515625 0.06015625
2 0.2140625 0.5421875 0.08671875 0.040625
2 0.46875 0.5421875 0.4203125 0.06015625
6 0.0421875 0.40234375 0.0453125 0.06015625
2 0.42578125 0.7765625 0.48828125 0.44453125
2 0.09140625 0.740625 0.14453125 0.08671875
2 0.09140625 0.9203125 0.14453125 0.13671875
2 0.834375 0.66953125 0.29296875 0.0765625
2 0.834375 0.74765625 0.29296875 0.0765625
2 0.834375 0.82578125 0.29296875 0.0765625
2 0.834375 0.90390625 0.29296875 0.0765625
2 0.834375 0.97109375 0.29296875 0.05546875