2 0.14765625 0.40078125 0.14453125 0.03125
2 0.7875 0.40078125 0.1203125 0.03125
6 0.04140625 0.403125 0.04375 0.05859375
2 0.91171875 0.4078125 0.1140625 0.13046875
2 0.17265625 0.49765625 0.0421875 0.03125
2 0.2609375 0.49765625 0.0203125 0.03125
2 0.46484375 0.49765625 0.0546875 0.03125
2 0.57734375 0.49765625 0.0546875 0.03125
2 0.68359375 0.49765625 0.04296875 0.03125
2 0.7875 0.49765625 0.05 0.03125
2 0.08671875 0.49765625 0.0828125 0.0390625
2 0.8953125 0.49765625 0.1 0.04453125
2 0.834375 0.6703125 0.29296875 0.0765625
2 0.0921875 0.740625 0.14453125 0.0859375
2 0.834375 0.7484375 0.29296875 0.0765625
2 0.425 0.77734375 0.48515625 0.4453125
2 0.834375 0.8265625 0.29296875 0.0765625
2 0.834375 0.9046875 0.29296875 0.0765625
2 0.0921875 0.9203125 0.14453125 0.13515625
2 0.834375 0.971875 0.29296875 0.05625