2 0.990625 0.15078125 0.0140625 0.025
2 0.990625 0.1796875 0.0140625 0.02421875
2 0.990625 0.209375 0.0140625 0.02578125
2 0.990625 0.03203125 0.0140625 0.02890625
2 0.33984375 0.3140625 0.159375 0.03359375
2 0.5 0.3140625 0.16015625 0.03359375
2 0.33984375 0.3484375 0.159375 0.03359375
2 0.990625 0.0609375 0.0140625 0.025
2 0.2859375 0.73515625 0.0328125 0.0671875
2 0.35390625 0.73515625 0.0640625 0.0671875
2 0.440625 0.73515625 0.059375 0.0671875
2 0.528125 0.73515625 0.065625 0.0671875
2 0.990625 0.0890625 0.01328125 0.02578125
6 0.68359375 0.8875 0.09375 0.02265625
6 0.68359375 0.91875 0.09375 0.02265625
2 0.709375 0.95 0.04140625 0.02421875
2 0.990625 0.121875 0.0140625 0.02578125