2 0.79765625 0.15703125 0.115625 0.0578125
2 0.9125 0.15703125 0.0796875 0.0578125
2 0.296875 0.15703125 0.059375 0.0578125
2 0.3703125 0.15703125 0.0890625 0.0578125
2 0.4625 0.15703125 0.09609375 0.0578125
2 0.56015625 0.15703125 0.1 0.0578125
2 0.6453125 0.15703125 0.06875 0.0578125
2 0.709375 0.15703125 0.0609375 0.0578125
2 0.79375 0.259375 0.196875 0.0578125
2 0.79375 0.3265625 0.196875 0.0390625
2 0.79375 0.40625 0.196875 0.0390625
2 0.81875 0.04140625 0.0125 0.02421875
2 0.8875 0.0421875 0.01015625 0.01796875
6 0.771875 0.0421875 0.03515625 0.03359375
2 0.9375 0.0421875 0.04609375 0.0453125
2 0.8390625 0.04296875 0.01015625 0.0171875
2 0.8625 0.04296875 0.0125 0.0171875
2 0.7453125 0.04296875 0.01796875 0.03359375
2 0.79375 0.48671875 0.196875 0.0390625
2 0.79375 0.5828125 0.196875 0.0578125
2 0.321875 0.0640625 0.109375 0.128125
2 0.79375 0.65 0.196875 0.0390625
2 0.4390625 0.66171875 0.4625 0.0578125
2 0.79375 0.7296875 0.196875 0.0390625
2 0.79375 0.82578125 0.196875 0.0578125
2 0.79375 0.8921875 0.196875 0.0390625
2 0.921875 0.08984375 0.06015625 0.04609375
2 0.79453125 0.97734375 0.196875 0.040625
2 0.4390625 0.4203125 0.46484375 0.3796875
2 0.2453125 0.58359375 0.0296875 0.01328125
2 0.27890625 0.584375 0.03046875 0.0140625
2 0.31328125 0.584375 0.03125 0.01328125
2 0.34765625 0.584375 0.03046875 0.0140625
2 0.38125 0.584375 0.0296875 0.01171875