2 0.89296875 0.015625 0.02421875 0.03125
2 0.91796875 0.015625 0.02421875 0.03125
2 0.94375 0.015625 0.02421875 0.03125
2 0.96875 0.015625 0.02421875 0.03125
2 0.6890625 0.0140625 0.0765625 0.0171875
2 0.1875 0.0921875 0.33671875 0.0140625
2 0.41328125 0.084375 0.06484375 0.0453125
2 0.56015625 0.08515625 0.17578125 0.03359375
6 0.8703125 0.07421875 0.1609375 0.02421875
6 0.9640625 0.07421875 0.03125 0.03828125
2 0.06015625 0.16015625 0.08203125 0.04296875
2 0.1390625 0.16015625 0.0765625 0.04296875
2 0.21171875 0.16015625 0.06953125 0.04296875
2 0.28515625 0.16015625 0.08203125 0.04296875
2 0.36875 0.16015625 0.0890625 0.04296875
2 0.46484375 0.16015625 0.10546875 0.04296875
2 0.56015625 0.16015625 0.08671875 0.04296875
2 0.6453125 0.16015625 0.0890625 0.04296875
2 0.734375 0.16015625 0.09140625 0.04296875
2 0.828125 0.16015625 0.0984375 0.04296875
2 0.92890625 0.16015625 0.10546875 0.04296875
2 0.86640625 0.321875 0.20703125 0.15625
2 0.81015625 0.75703125 0.11328125 0.0359375
2 0.81015625 0.75703125 0.1109375 0.0359375
2 0.92421875 0.75703125 0.1109375 0.0359375
2 0.9234375 0.75703125 0.1078125 0.0359375
2 0.77421875 0.9546875 0.1515625 0.053125