2 0.1453125 0.1984375 0.040625 0.06015625
2 0.225 0.1984375 0.07265625 0.06015625
2 0.30859375 0.1984375 0.05 0.06015625
2 0.39375 0.1984375 0.07421875 0.06015625
2 0.48203125 0.1984375 0.05546875 0.06015625
2 0.553125 0.1984375 0.0390625 0.06015625
2 0.6453125 0.1984375 0.1 0.06015625
2 0.57734375 0.025 0.02421875 0.0375
2 0.14765625 0.06015625 0.078125 0.05234375
6 0.903125 0.07734375 0.19296875 0.04921875
2 0.94375 0.815625 0.02109375 0.0296875
2 0.94375 0.8484375 0.021875 0.0296875
2 0.94375 0.87890625 0.02265625 0.02734375
2 0.94375 0.909375 0.021875 0.03046875