2 0.0671875 0.0453125 0.0578125 0.0453125
2 0.47265625 0.04453125 0.08671875 0.02890625
2 0.553125 0.04453125 0.07421875 0.02890625
2 0.6265625 0.04453125 0.06953125 0.02890625
2 0.71015625 0.04453125 0.09609375 0.02890625
2 0.865625 0.04453125 0.18984375 0.040625
2 0.06875 0.11328125 0.0796875 0.06015625
2 0.15 0.11328125 0.084375 0.06015625
2 0.225 0.11328125 0.0671875 0.06015625
2 0.31953125 0.11328125 0.12265625 0.06015625
2 0.4109375 0.11328125 0.0578125 0.06015625
2 0.50625 0.11328125 0.13203125 0.06015625
2 0.640625 0.11328125 0.13671875 0.06015625
2 0.79453125 0.11328125 0.16796875 0.06015625
2 0.91015625 0.11328125 0.06484375 0.06015625
2 0.9703125 0.1140625 0.0578125 0.06015625
2 0.08046875 0.15859375 0.084375 0.03359375
2 0.19921875 0.15625 0.08671875 0.05078125
2 0.2828125 0.15625 0.08203125 0.05078125
2 0.38203125 0.15625 0.1203125 0.05078125
2 0.478125 0.15625 0.071875 0.05078125
2 0.5734375 0.15625 0.1203125 0.05078125
2 0.68515625 0.15625 0.10078125 0.05078125
2 0.765625 0.15625 0.06015625 0.05078125
2 0.1859375 0.42421875 0.2953125 0.03828125
2 0.5 0.42421875 0.2953125 0.03828125
2 0.5 0.56640625 1 0.12734375
2 0.8140625 0.81640625 0.06015625 0.0796875