6 0.78046875 0.146875 0.25 0.04921875
2 0.94453125 0.1484375 0.078125 0.04921875
2 0.21875 0.24375 0.1640625 0.053125
2 0.36796875 0.24375 0.13671875 0.053125
2 0.46953125 0.24375 0.06875 0.053125
2 0.53046875 0.24375 0.05546875 0.053125
2 0.60234375 0.24375 0.0890625 0.053125
2 0.69375 0.24375 0.096875 0.053125
2 0.075 0.24375 0.12578125 0.053125
2 0.78515625 0.24375 0.0875 0.053125
2 0.88203125 0.24375 0.1078125 0.053125
2 0.49375 0.4921875 0.29375 0.19296875
2 0.18828125 0.4953125 0.27109375 0.18203125
2 0.796875 0.50859375 0.3015625 0.2109375
2 0.1984375 0.70390625 0.29453125 0.1828125
2 0.49453125 0.70390625 0.28984375 0.19296875
2 0.79609375 0.70859375 0.30546875 0.18359375
2 0.8 0.903125 0.31171875 0.19375
2 0.1953125 0.90390625 0.29375 0.1921875
2 0.49296875 0.90390625 0.2953125 0.1921875
2 0.8 0.1015625 0.05625 0.03125
2 0.8640625 0.1015625 0.07421875 0.03125
2 0.94453125 0.1015625 0.0875 0.03125
2 0.13828125 0.12578125 0.23984375 0.1453125