6 0.7859375 0.14765625 0.26171875 0.05078125
2 0.94453125 0.14765625 0.0796875 0.05078125
2 0.79921875 0.10078125 0.0578125 0.03125
2 0.8640625 0.10078125 0.07421875 0.03125
2 0.94453125 0.10078125 0.0890625 0.03125
2 0.07421875 0.24375 0.125 0.053125
2 0.21875 0.24375 0.16328125 0.053125
2 0.36796875 0.24375 0.13671875 0.053125
2 0.4703125 0.24375 0.0671875 0.053125
2 0.53125 0.24375 0.05546875 0.053125
2 0.60234375 0.24375 0.0890625 0.053125
2 0.69375 0.24375 0.09609375 0.053125
2 0.78515625 0.24375 0.0890625 0.053125
2 0.88203125 0.24375 0.10546875 0.053125