2 0.16328125 0.1375 0.01640625 0.0375
2 0.33359375 0.16640625 0.10625 0.04140625
2 0.446875 0.16640625 0.12109375 0.04140625
2 0.5796875 0.16640625 0.14453125 0.04140625
2 0.696875 0.16640625 0.0890625 0.04140625
2 0.7875 0.16640625 0.09296875 0.04140625
2 0.86953125 0.16640625 0.07109375 0.04140625
2 0.9375 0.16640625 0.0640625 0.04140625
2 0.5 0.025 1 0.05
2 0.11953125 0.7484375 0.175 0.1125
2 0.36015625 0.7484375 0.17890625 0.1125
2 0.84375 0.74921875 0.17890625 0.1140625
2 0.60390625 0.74921875 0.17890625 0.11875
2 0.50078125 0.884375 0.93671875 0.06484375
6 0.89140625 0.1015625 0.1546875 0.04140625
2 0.696875 0.1046875 0.0375 0.040625
2 0.76640625 0.1046875 0.0921875 0.040625