2 0.0515625 0.4515625 0.0796875 0.0296875
2 0.87890625 0.1828125 0.009375 0.01796875
2 0.140625 0.21640625 0.015625 0.028125
2 0.140625 0.2640625 0.015625 0.028125
2 0.140625 0.31015625 0.015625 0.028125
2 0.140625 0.403125 0.015625 0.028125
2 0.140625 0.49375 0.015625 0.028125
2 0.140625 0.58671875 0.015625 0.028125
2 0.140625 0.6765625 0.015625 0.028125
2 0.140625 0.7671875 0.015625 0.028125
2 0.140625 0.8578125 0.015625 0.028125
6 0.0796875 0.01796875 0.03671875 0.02421875
2 0.940625 0.11484375 0.03671875 0.02421875
6 0.9578125 0.06953125 0.084375 0.0203125
2 0.94921875 0.090625 0.05078125 0.01953125