6 0.8015625 0.05078125 0.14453125 0.01953125
2 0.93515625 0.05078125 0.0671875 0.0359375
2 0.90859375 0.13671875 0.1109375 0.03828125
2 0.80546875 0.13671875 0.07421875 0.03828125
2 0.73203125 0.13671875 0.053125 0.03828125
2 0.790625 0.4828125 0.07421875 0.02421875
2 0.125 0.515625 0.1875 0.02421875
2 0.4109375 0.515625 0.05078125 0.02421875
2 0.1828125 0.6875 0.0765625 0.02421875
2 0.2046875 0.740625 0.11796875 0.02421875
2 0.365625 0.740625 0.103125 0.02421875
2 0.921875 0.84140625 0.09375 0.0171875