2 0.1109375 0.03125 0.15859375 0.04296875
6 0.21640625 0.1765625 0.33203125 0.04296875
6 0.55625 0.1765625 0.33203125 0.04296875
6 0.13203125 0.2296875 0.16328125 0.04296875
6 0.3015625 0.2296875 0.16328125 0.04296875
6 0.47109375 0.2296875 0.16328125 0.04296875
6 0.62265625 0.2296875 0.12265625 0.04296875
2 0.70703125 0.2296875 0.03125 0.04296875
2 0.65390625 0.6515625 0.27890625 0.0625
2 0.16796875 0.99609375 0.290625 0.00234375
2 0.37890625 0.99609375 0.13203125 0.00234375
2 0.52265625 0.99609375 0.15859375 0.00234375
2 0.74296875 0.99609375 0.28359375 0.00234375
2 0.87109375 0.97734375 0.22109375 0.04296875