2 0.6671875 0.0515625 0.0625 0.040625
2 0.85234375 0.0515625 0.084375 0.040625
2 0.09765625 0.525 0.134375 0.19921875
2 0.259375 0.525 0.134375 0.19921875
2 0.421875 0.525 0.134375 0.19921875
2 0.58515625 0.525 0.134375 0.19921875
2 0.0875 0.87890625 0.11328125 0.10078125
2 0.7921875 0.38671875 0.0671875 0.03828125
2 0.859375 0.38671875 0.07421875 0.03828125
2 0.9328125 0.38671875 0.0765625 0.03828125
2 0.04296875 0.31484375 0.05546875 0.06484375
2 0.1109375 0.31484375 0.08203125 0.06484375
2 0.1875 0.31484375 0.071875 0.06484375
2 0.2640625 0.31484375 0.084375 0.06484375
2 0.3484375 0.31484375 0.0890625 0.06484375
2 0.43359375 0.31484375 0.084375 0.06484375
6 0.80078125 0.31484375 0.2640625 0.0453125