2 0.865625 0.0609375 0.11796875 0.01953125
2 0.70078125 0.06484375 0.10078125 0.021875
2 0.103125 0.34609375 0.125 0.06015625
2 0.103125 0.34609375 0.125 0.06015625
2 0.24765625 0.34609375 0.134375 0.06015625
2 0.240625 0.34609375 0.14921875 0.06015625
2 0.5 0.34609375 0.14921875 0.10546875
2 0.7296875 0.34765625 0.06484375 0.03359375
2 0.79921875 0.3453125 0.0453125 0.02421875
2 0.8859375 0.34609375 0.10078125 0.0265625
2 0.95078125 0.34765625 0.0171875 0.021875
2 0.625 0.55625 0.09609375 0.06484375
2 0.625 0.55546875 0.09609375 0.02890625
2 0.909375 0.08671875 0.18125 0.0734375