6 0.34921875 0.190625 0.01875 0.028125
6 0.51171875 0.1921875 0.0203125 0.028125
2 0.1578125 0.19453125 0.315625 0.0875
2 0.85625 0.0234375 0.03515625 0.03984375
2 0.91640625 0.02578125 0.03515625 0.03828125
2 0.9765625 0.0265625 0.0375 0.04375
2 0.15859375 0.31640625 0.31484375 0.090625
6 0.3484375 0.32109375 0.021875 0.028125
6 0.48359375 0.321875 0.01953125 0.03515625
6 0.6390625 0.321875 0.0234375 0.03125
2 0.45625 0.40703125 0.23046875 0.04140625
2 0.83359375 0.86796875 0.09140625 0.03828125
2 0.94296875 0.86953125 0.09375 0.0359375
2 0.02578125 0.975 0.0296875 0.0453125
2 0.98359375 0.978125 0.0328125 0.04375
2 0.978125 0.12734375 0.0265625 0.03671875