2 0.78828125 0.0359375 0.07421875 0.071875
2 0.2125 0.3921875 0.38671875 0.4421875
2 0.0640625 0.46171875 0.06484375 0.0171875
2 0.55625 0.27734375 0.27421875 0.21640625
2 0.453125 0.27421875 0.04296875 0.0171875
2 0.84375 0.27734375 0.27421875 0.21640625
2 0.7515625 0.27421875 0.06484375 0.0171875
2 0.55625 0.51171875 0.27421875 0.21640625
2 0.4640625 0.50703125 0.06484375 0.0171875
2 0.84375 0.51171875 0.27421875 0.21640625
2 0.75 0.50703125 0.06015625 0.0171875
2 0.140625 0.9 0.24296875 0.196875
2 0.475 0.81015625 0.37265625 0.0171875
2 0.83984375 0.9 0.28359375 0.196875
2 0.74296875 0.93359375 0.0671875 0.0171875