2 0.04453125 0.91796875 0.08671875 0.04765625
2 0.0453125 0.9625 0.08671875 0.04140625
2 0.1203125 0.115625 0.05234375 0.04140625
2 0.04375 0.15859375 0.0875 0.140625
2 0.89609375 0.01796875 0.021875 0.0359375
2 0.8734375 0.01875 0.0234375 0.03671875
2 0.925 0.01875 0.03046875 0.0375
2 0.9859375 0.0203125 0.028125 0.03515625
2 0.95625 0.02109375 0.02890625 0.0375
2 0.66484375 0.22734375 0.1078125 0.1703125
2 0.9078125 0.228125 0.1296875 0.16796875
2 0.17265625 0.228125 0.1171875 0.16796875
2 0.7796875 0.22890625 0.121875 0.16953125
2 0.296875 0.22890625 0.11875 0.165625
2 0.421875 0.2296875 0.11640625 0.16484375
2 0.5453125 0.23046875 0.12421875 0.16640625
2 0.04296875 0.2984375 0.0859375 0.140625
6 0.2671875 0.3859375 0.3046875 0.0359375
2 0.13046875 0.43671875 0.03984375 0.0390625
2 0.1796875 0.44140625 0.0453125 0.0359375
2 0.246875 0.44140625 0.07578125 0.03671875
2 0.04296875 0.446875 0.0859375 0.15625
2 0.04453125 0.87109375 0.0859375 0.0484375