2 0.3265625 0.09375 0.028125 0.03125
2 0.378125 0.09609375 0.05546875 0.03203125
2 0.30234375 0.096875 0.015625 0.02734375
2 0.26953125 0.0953125 0.01640625 0.02421875
6 0.15 0.09609375 0.075 0.025
2 0.2859375 0.09609375 0.01484375 0.02578125
6 0.2046875 0.096875 0.03203125 0.02421875
2 0.23046875 0.096875 0.015625 0.02734375
6 0.48671875 0.096875 0.08203125 0.02421875
2 0.146875 0.96640625 0.1171875 0.0203125
2 0.615625 0.96796875 0.009375 0.01640625
2 0.07109375 0.9671875 0.03203125 0.0234375
2 0.784375 0.96875 0.32734375 0.01640625
2 0.9859375 0.96796875 0.009375 0.0171875
2 0.6015625 0.96875 0.01171875 0.02421875
2 0.24609375 0.09609375 0.01484375 0.028125
2 0.2296875 0.96953125 0.02265625 0.0265625
2 0.7671875 0.98984375 0.06875 0.01953125
2 0.84765625 0.98984375 0.02578125 0.01953125
2 0.9703125 0.98984375 0.01015625 0.01953125
2 0.87265625 0.990625 0.02421875 0.01875
2 0.82265625 0.990625 0.0265625 0.01875
2 0.89375 0.990625 0.0125 0.01875
2 0.93359375 0.9921875 0.00703125 0.01484375
2 0.8703125 0.1125 0.0328125 0.0796875
2 0.8390625 0.11171875 0.02734375 0.07890625
2 0.61328125 0.11171875 0.03515625 0.08828125
2 0.7921875 0.1125 0.06640625 0.025
2 0.01796875 0.1125 0.0265625 0.0796875
2 0.909375 0.1140625 0.03984375 0.08828125
2 0.05625 0.11484375 0.04609375 0.0265625
2 0.68359375 0.1140625 0.03203125 0.09375
2 0.7140625 0.11484375 0.028125 0.09140625
2 0.57265625 0.1125 0.04609375 0.0921875
2 0.6484375 0.1125 0.03359375 0.08984375
2 0.74140625 0.1140625 0.028125 0.09140625
2 0.11953125 0.13125 0.0140625 0.025
2 0.39296875 0.13125 0.084375 0.025
2 0.15703125 0.13125 0.0265625 0.02890625
2 0.21328125 0.13125 0.02578125 0.02890625
2 0.3375 0.13125 0.01640625 0.02734375
2 0.2703125 0.13125 0.01484375 0.025
2 0.28671875 0.13125 0.015625 0.02421875
2 0.303125 0.13125 0.01640625 0.02421875
2 0.3203125 0.13125 0.01640625 0.02421875
2 0.1359375 0.13125 0.015625 0.025
2 0.18515625 0.13125 0.028125 0.02890625
2 0.240625 0.13125 0.028125 0.028125
2 0.79140625 0.13828125 0.06484375 0.02421875
2 0.06796875 0.14140625 0.06953125 0.02421875
2 0.5140625 0.14140625 0.1359375 0.0640625
2 0.43515625 0.16640625 0.009375 0.015625
2 0.99453125 0.1671875 0.0109375 0.015625
2 0.253125 0.16640625 0.009375 0.0140625
2 0.10234375 0.165625 0.009375 0.015625
2 0.04453125 0.0171875 0.06875 0.0234375
2 0.96015625 0.01796875 0.02734375 0.0359375
2 0.89921875 0.01875 0.02578125 0.03671875
2 0.1578125 0.01875 0.01640625 0.02734375
2 0.83984375 0.01875 0.02734375 0.0375
2 0.86796875 0.01875 0.02578125 0.0375
2 0.08984375 0.01875 0.0171875 0.03203125
2 0.92890625 0.01875 0.02734375 0.0375
2 0.9875 0.01875 0.025 0.0375
6 0.50703125 0.01875 0.24140625 0.028125
2 0.5140625 0.19765625 0.1359375 0.0453125
6 0.58125 0.1984375 0.8375 0.025
2 0.10078125 0.19921875 0.02265625 0.0234375
2 0.12421875 0.19921875 0.021875 0.0234375
2 0.08046875 0.19921875 0.015625 0.03046875
2 0.1484375 0.2 0.025 0.025
6 0.03671875 0.2 0.06640625 0.025
2 0.99609375 0.23046875 0.0078125 0.0140625
2 0.5140625 0.2453125 0.13515625 0.0515625
2 0.5140625 0.2953125 0.13671875 0.0515625
2 0.99609375 0.315625 0.0078125 0.14375
2 0.5140625 0.34921875 0.1359375 0.0546875
2 0.5140625 0.403125 0.1359375 0.05234375
2 0.5140625 0.45546875 0.1359375 0.05234375
2 0.5140625 0.50703125 0.13671875 0.05234375
2 0.9140625 0.053125 0.065625 0.02734375
2 0.975 0.05546875 0.04375 0.02421875
2 0.51484375 0.55859375 0.1375 0.05234375
2 0.51484375 0.61171875 0.13671875 0.0515625
2 0.5140625 0.66328125 0.1359375 0.05078125
2 0.5140625 0.70625 0.1375 0.0359375
2 0.79140625 0.0859375 0.06484375 0.025
2 0.05546875 0.08515625 0.04609375 0.02890625
2 0.53203125 0.096875 0.00859375 0.025
2 0.1109375 0.01875 0.0234375 0.0328125
2 0.1359375 0.01875 0.02421875 0.0328125
2 0.99609375 0.94765625 0.00703125 0.01640625
2 0.03046875 0.96796875 0.00625 0.0140625
2 0.01640625 0.96796875 0.00625 0.01484375