2 0.5 0.13359375 0.2953125 0.08359375
2 0.5 0.24921875 0.2953125 0.0875
2 0.8234375 0.25078125 0.2921875 0.32734375
2 0.23203125 0.02734375 0.07734375 0.02890625
2 0.884375 0.02734375 0.08671875 0.02890625
2 0.95625 0.02890625 0.02734375 0.03671875
2 0.1765625 0.28125 0.2953125 0.38828125
2 0.50078125 0.3671875 0.2953125 0.09296875
2 0.8234375 0.38046875 0.20625 0.03046875
2 0.5 0.5 0.2953125 0.11953125
6 0.81875 0.51015625 0.2375 0.04453125
2 0.81875 0.5640625 0.2375 0.04453125
2 0.075 0.83671875 0.08203125 0.0453125
2 0.61875 0.96328125 0.0375 0.03359375