2 0.79765625 0.17734375 0.0484375 0.03125
2 0.79765625 0.24453125 0.0484375 0.03125
2 0.14375 0.03125 0.10078125 0.0625
2 0.26015625 0.03125 0.13203125 0.0625
2 0.3828125 0.03125 0.11328125 0.0625
2 0.040625 0.03125 0.08125 0.0625
2 0.46796875 0.03125 0.05625 0.0625
6 0.875 0.03125 0.25 0.03125
6 0.875 0.03125 0.25 0.03125
2 0.79765625 0.3125 0.0484375 0.03125
2 0.875 0.44375 0.203125 0.0328125
2 0.88203125 0.50625 0.17109375 0.0234375
2 0.88359375 0.553125 0.17265625 0.0546875
2 0.83984375 0.6 0.0859375 0.0234375
2 0.88359375 0.63125 0.17265625 0.0234375
2 0.875 0.69453125 0.203125 0.0328125
2 0.875 0.75859375 0.203125 0.0328125
2 0.85859375 0.88515625 0.1234375 0.02578125