2 0.040625 0.03125 0.08125 0.0625
2 0.14453125 0.03125 0.10078125 0.0625
2 0.2609375 0.03125 0.13203125 0.0625
2 0.38203125 0.03125 0.11328125 0.0625
2 0.4671875 0.03125 0.0578125 0.0625
6 0.875 0.0328125 0.25 0.03359375
6 0.875 0.0328125 0.25 0.03359375
2 0.7984375 0.1765625 0.05078125 0.03125
2 0.7984375 0.2453125 0.05078125 0.03125
2 0.7984375 0.3125 0.05078125 0.03125
2 0.43359375 0.70703125 0.115625 0.0265625
2 0.24140625 0.74296875 0.2015625 0.0265625
2 0.64921875 0.74296875 0.07421875 0.0265625
2 0.875 0.44375 0.2046875 0.03359375
2 0.88203125 0.50625 0.1703125 0.02421875
2 0.88359375 0.553125 0.1734375 0.05546875
2 0.83984375 0.6 0.08671875 0.02421875
2 0.88359375 0.63125 0.1734375 0.02421875
2 0.875 0.69453125 0.2046875 0.03359375
2 0.875 0.75859375 0.2046875 0.03359375
2 0.8578125 0.8859375 0.12265625 0.0265625