2 0.06484375 0.6984375 0.06953125 0.0171875
2 0.171875 0.6984375 0.115625 0.0171875
2 0.3484375 0.74609375 0.09140625 0.0171875
2 0.06875 0.9953125 0.06953125 0.00703125
2 0.17578125 0.9953125 0.115625 0.00703125
6 0.7671875 0.45703125 0.1515625 0.03359375
6 0.9 0.4578125 0.11796875 0.0359375
2 0.9046875 0.50625 0.115625 0.0140625
2 0.9203125 0.9359375 0.08203125 0.04296875
2 0.0625 0.28515625 0.09140625 0.0578125
2 0.14296875 0.28515625 0.06953125 0.0578125
2 0.21875 0.28515625 0.084375 0.0578125
2 0.296875 0.28515625 0.071875 0.0578125
2 0.42890625 0.28515625 0.19453125 0.0578125
2 0.56953125 0.28515625 0.0890625 0.0578125
6 0.7875 0.2859375 0.21640625 0.03828125
6 0.9421875 0.28515625 0.06953125 0.021875