2 0.9421875 0.284375 0.06953125 0.021875
2 0.14296875 0.28515625 0.06953125 0.05703125
2 0.21953125 0.28515625 0.0828125 0.05703125
2 0.29609375 0.28515625 0.07109375 0.05703125
2 0.42890625 0.28515625 0.19375 0.05703125
2 0.56953125 0.28515625 0.0890625 0.05703125
2 0.06328125 0.28515625 0.090625 0.05703125
6 0.7875 0.2859375 0.215625 0.0375
2 0.91015625 0.39296875 0.0328125 0.04453125
2 0.8703125 0.39375 0.03359375 0.0453125
2 0.94609375 0.39375 0.0328125 0.0453125
6 0.76640625 0.45703125 0.15 0.03359375
2 0.9 0.4578125 0.1171875 0.03515625
2 0.90546875 0.50625 0.115625 0.0140625
2 0.146875 0.5296875 0.23359375 0.146875
2 0.8296875 0.70078125 0.06640625 0.06015625
2 0.82734375 0.73125 0.2921875 0.32265625
2 0.92109375 0.9359375 0.08203125 0.04140625
2 0.83125 0.984375 0.2765625 0.03125