6 0.43359375 0.196875 0.353125 0.03359375
6 0.6296875 0.19609375 0.0140625 0.01953125
2 0.7171875 0.196875 0.040625 0.05546875
2 0.75859375 0.196875 0.040625 0.05546875
2 0.79921875 0.196875 0.040625 0.05546875
2 0.84140625 0.196875 0.040625 0.05546875
2 0.88203125 0.196875 0.040625 0.05546875
2 0.1921875 0.2640625 0.14921875 0.071875
2 0.2125 0.521875 0.34375 0.28828125
6 0.4421875 0.82578125 0.20703125 0.05078125
2 0.59140625 0.8265625 0.09140625 0.053125
2 0.353125 0.99375 0.00234375 0.00234375