2 0.3171875 0.50625 0.0375 0.02421875
2 0.3625 0.50625 0.046875 0.02421875
2 0.325 0.31875 0.053125 0.1234375
2 0.40234375 0.31875 0.08828125 0.1234375
2 0.4953125 0.31875 0.0859375 0.1234375
2 0.5875 0.31953125 0.0875 0.12265625
2 0.69375 0.39921875 0.0640625 0.128125
2 0.7421875 0.35625 0.03125 0.0453125
2 0.7421875 0.4046875 0.03125 0.0421875
2 0.7421875 0.446875 0.03125 0.03671875
2 0.690625 0.5171875 0.05859375 0.10546875
2 0.7390625 0.4890625 0.0375 0.05078125
2 0.7390625 0.54375 0.0375 0.05234375
2 0.709375 0.628125 0.096875 0.11640625
2 0.984375 0.9828125 0.0125 0.0171875
6 0.703125 0.75625 0.084375 0.025