2 0.3984375 0.06953125 0.3125 0.1390625
2 0.3578125 0.8890625 0.10234375 0.06484375
2 0.4515625 0.8890625 0.078125 0.06484375
2 0.703125 0.053125 0.14296875 0.07734375
2 0.66640625 0.36953125 0.06484375 0.12265625
2 0.7390625 0.36953125 0.06484375 0.12265625
2 0.68671875 0.478125 0.02578125 0.04609375
2 0.71875 0.478125 0.02578125 0.04609375
2 0.703125 0.56796875 0.13046875 0.084375
2 0.66640625 0.66796875 0.05625 0.096875
2 0.73515625 0.66796875 0.06484375 0.096875
2 0.703125 0.83046875 0.05703125 0.14921875
6 0.6859375 0.11328125 0.0984375 0.02421875
6 0.753125 0.11328125 0.03203125 0.02421875
2 0.46640625 0.71328125 0.0640625 0.01796875
2 0.49375 0.57109375 0.00625 0.03125
2 0.49453125 0.69609375 0.00703125 0.01328125
2 0.49453125 0.54375 0.00703125 0.0125
2 0.32421875 0.52109375 0.01484375 0.015625
2 0.340625 0.52109375 0.01484375 0.01640625
2 0.30546875 0.51953125 0.01796875 0.015625