2 0.728125 0.03515625 0.09453125 0.05625
2 0.10234375 0.03671875 0.1578125 0.05234375
2 0.23671875 0.03671875 0.07890625 0.05234375
2 0.32109375 0.03671875 0.0890625 0.05234375
2 0.4140625 0.03671875 0.09765625 0.05234375
2 0.4984375 0.03671875 0.0703125 0.05234375
2 0.64765625 0.03671875 0.05625 0.05234375
2 0.8125 0.03671875 0.0609375 0.05234375
2 0.88515625 0.03671875 0.06953125 0.05234375
2 0.95234375 0.03671875 0.0484375 0.05234375
2 0.95625 0.440625 0.0390625 0.05390625
2 0.04296875 0.4421875 0.03984375 0.0515625
2 0.5 0.5265625 0.30859375 0.0640625
2 0.975 0.81640625 0.02890625 0.0390625
2 0.5 0.921875 0.365625 0.0625
2 0.95234375 0.1140625 0.04609375 0.0609375
6 0.55 0.11484375 0.75859375 0.0625
2 0.096875 0.11484375 0.1453125 0.0625