2 0.7046875 0.02421875 0.09375 0.03984375
6 0.5515625 0.3 0.178125 0.040625
2 0.6765625 0.303125 0.0671875 0.040625
2 0.7109375 0.61171875 0.1375 0.1515625
2 0.21015625 0.078125 0.075 0.05234375
2 0.26640625 0.078125 0.0390625 0.05234375
2 0.58515625 0.078125 0.046875 0.05234375
2 0.65 0.078125 0.0859375 0.05234375
2 0.73515625 0.078125 0.08515625 0.05234375
6 0.884375 0.08046875 0.2015625 0.03671875
6 0.971875 0.08046875 0.0234375 0.03359375
2 0.971875 0.08046875 0.0234375 0.03359375
2 0.0859375 0.1078125 0.13125 0.203125