15 0.440625 0.065625 0.1625 0.02890625
10 0.61015625 0.01796875 0.17578125 0.03125
19 0.353125 0.0203125 0.109375 0.02890625
11 0.496875 0.1265625 0.3875 0.06484375
19 0.475 0.178125 0.140625 0.0359375
19 0.621875 0.18359375 0.13984375 0.03828125
19 0.471875 0.4046875 0.1421875 0.03125
19 0.4421875 0.61953125 0.08203125 0.03671875
17 0.3453125 0.51015625 0.10390625 0.70859375
19 0.34765625 0.6875 0.0921875 0.03828125
19 0.44375 0.89765625 0.08359375 0.03125
19 0.621875 0.89921875 0.14140625 0.03515625