2 0.10234375 0.0421875 0.14453125 0.04296875
2 0.44140625 0.0421875 0.03359375 0.02890625
2 0.53828125 0.0421875 0.09140625 0.02890625
2 0.63828125 0.0421875 0.03828125 0.02890625
2 0.71875 0.0421875 0.05546875 0.02890625
2 0.803125 0.0421875 0.04296875 0.02890625
2 0.91015625 0.0421875 0.11796875 0.0578125
2 0.5 0.4046875 0.26953125 0.0578125
6 0.4828125 0.7203125 0.7046875 0.06953125
2 0.20078125 0.9359375 0.1703125 0.125
2 0.40390625 0.9359375 0.1703125 0.125
2 0.6078125 0.9359375 0.1703125 0.125
2 0.8125 0.9359375 0.1703125 0.125
2 0.96484375 0.9359375 0.06953125 0.125