2 0.5 0.40546875 0.26953125 0.05625
2 0.10234375 0.04140625 0.1421875 0.04140625
2 0.440625 0.04140625 0.034375 0.02890625
2 0.53828125 0.04140625 0.090625 0.02890625
2 0.63828125 0.04140625 0.03828125 0.02890625
2 0.71953125 0.04140625 0.05390625 0.02890625
2 0.803125 0.04140625 0.04296875 0.02890625
2 0.909375 0.04140625 0.11796875 0.05703125
2 0.7328125 0.52109375 0.14296875 0.08359375
2 0.56328125 0.52421875 0.11875 0.0734375
2 0.103125 0.525 0.159375 0.078125
2 0.34375 0.5265625 0.2546875 0.08359375
2 0.91171875 0.528125 0.14296875 0.08125
2 0.86796875 0.71875 0.065625 0.06953125
6 0.46640625 0.7203125 0.734375 0.0703125
2 0.2 0.93671875 0.1703125 0.1265625
2 0.40390625 0.93671875 0.16875 0.1265625
2 0.6078125 0.93671875 0.1703125 0.1265625
2 0.81171875 0.93671875 0.1703125 0.1265625
2 0.96484375 0.94140625 0.0703125 0.0828125