2 0.578125 0.80625 0.04453125 0.04609375
2 0.6328125 0.80625 0.0640625 0.04609375
2 0.3046875 0.2125 0.2234375 0.425
2 0.55 0.21484375 0.221875 0.4296875
2 0.79453125 0.21484375 0.2234375 0.4296875
2 0.72109375 0.9625 0.0171875 0.03828125
2 0.7953125 0.853125 0.00859375 0.015625
2 0.87265625 0.80546875 0.02578125 0.0515625
2 0.8734375 0.97421875 0.02734375 0.0453125
6 0.2828125 0.74140625 0.15078125 0.03828125
6 0.44375 0.74140625 0.15078125 0.03828125
6 0.28046875 0.8734375 0.146875 0.03828125
6 0.4375 0.8734375 0.146875 0.03828125
6 0.28046875 0.96875 0.146875 0.03125
6 0.4375 0.96875 0.146875 0.03125