2 0.65 0.24609375 0.059375 0.0421875
2 0.6734375 0.3484375 0.10625 0.0421875
2 0.684375 0.0265625 0.0421875 0.03125
2 0.28125 0.0265625 0.11171875 0.03125
2 0.75625 0.078125 0.0109375 0.01796875
2 0.2609375 0.50234375 0.0265625 0.059375
2 0.3609375 0.50234375 0.03359375 0.059375
2 0.4625 0.50234375 0.028125 0.059375
2 0.26875 0.71171875 0.04609375 0.084375
6 0.6 0.0265625 0.12265625 0.03125
2 0.41171875 0.9109375 0.225 0.178125
2 0.41171875 0.934375 0.0359375 0.04609375
2 0.31640625 0.853125 0.0203125 0.034375
2 0.50546875 0.853125 0.0140625 0.03203125