2 0.3109375 0.6828125 0.0640625 0.0390625
2 0.753125 0.834375 0.09609375 0.03828125
2 0.48828125 0.22890625 0.3328125 0.25703125
2 0.2265625 0.64921875 0.065625 0.14765625
2 0.22734375 0.78359375 0.0796875 0.01796875
2 0.709375 0.78828125 0.009375 0.0125
2 0.7265625 0.78828125 0.00859375 0.015625
2 0.7421875 0.78828125 0.009375 0.0171875
2 0.759375 0.78828125 0.00859375 0.0109375
2 0.775 0.78828125 0.009375 0.0171875
2 0.221875 0.9390625 0.0671875 0.04609375
6 0.2453125 0.1765625 0.115625 0.025
2 0.20703125 0.2203125 0.03828125 0.03203125