2 0.11171875 0.0328125 0.13671875 0.01953125
2 0.77265625 0.03359375 0.0796875 0.040625
2 0.85546875 0.0328125 0.06484375 0.0625
2 0.921875 0.0328125 0.0765625 0.0625
6 0.3328125 0.0328125 0.2453125 0.03828125
2 0.4390625 0.0328125 0.03359375 0.03828125
2 0.1875 0.515625 0.29296875 0.2953125
2 0.1875 0.73046875 0.27421875 0.0578125
2 0.22578125 0.80625 0.0453125 0.03125
2 0.30546875 0.80625 0.03828125 0.03125
2 0.5 0.515625 0.2953125 0.2953125
2 0.5 0.73046875 0.27421875 0.0578125
2 0.53828125 0.80625 0.04296875 0.03125
2 0.61796875 0.80625 0.03828125 0.03125
2 0.8125 0.515625 0.2953125 0.2953125
2 0.8125 0.73046875 0.27421875 0.0578125
2 0.85078125 0.80625 0.04296875 0.03125
2 0.93046875 0.80625 0.03828125 0.03125
2 0.1875 0.9859375 0.2953125 0.0265625
2 0.5 0.9859375 0.2953125 0.0265625