2 0.4390625 0.03203125 0.03203125 0.0375
2 0.85546875 0.03203125 0.06640625 0.0640625
2 0.92109375 0.03203125 0.075 0.0640625
6 0.3328125 0.0328125 0.2453125 0.0390625
2 0.77265625 0.0328125 0.078125 0.040625
2 0.1078125 0.03359375 0.153125 0.05390625
2 0.1875 0.60390625 0.29296875 0.47109375
2 0.49921875 0.60390625 0.29375 0.47109375
2 0.81171875 0.6046875 0.29375 0.471875
2 0.22578125 0.80625 0.04375 0.0296875
2 0.26640625 0.80625 0.0234375 0.0296875
2 0.30546875 0.80625 0.03828125 0.0296875
2 0.53828125 0.80625 0.04375 0.0296875
2 0.57890625 0.80625 0.0234375 0.0296875
2 0.61796875 0.80625 0.03828125 0.0296875
2 0.85078125 0.80625 0.04375 0.0296875
2 0.93046875 0.80625 0.03828125 0.0296875
2 0.1875 0.9859375 0.29296875 0.02734375
2 0.49921875 0.9859375 0.29375 0.02734375
2 0.8125 0.98671875 0.29375 0.0265625