2 0.2859375 0.96484375 0.0796875 0.0359375
2 0.90625 0.95078125 0.1390625 0.0484375
2 0.040625 0.04453125 0.04296875 0.0578125
2 0.50234375 0.04296875 0.1421875 0.05546875
2 0.6140625 0.04296875 0.071875 0.05546875
2 0.696875 0.04296875 0.084375 0.05546875
2 0.77890625 0.04296875 0.06953125 0.05546875
2 0.8765625 0.04296875 0.06484375 0.05546875
2 0.9515625 0.04296875 0.07421875 0.05546875
2 0.09375 0.5265625 0.1390625 0.07421875
2 0.25703125 0.5265625 0.1390625 0.07421875
2 0.17890625 0.615625 0.31015625 0.03359375
2 0.5 0.95078125 0.19453125 0.09609375