2 0.1515625 0.0734375 0.19453125 0.071875
2 0.76796875 0.0734375 0.09375 0.040625
2 0.8640625 0.0734375 0.0765625 0.040625
2 0.9546875 0.0734375 0.084375 0.040625
2 0.20078125 0.27890625 0.1875 0.24296875
2 0.38828125 0.27890625 0.1875 0.24296875
2 0.57578125 0.27890625 0.1875 0.24296875
2 0.76328125 0.27890625 0.1875 0.24296875
2 0.928125 0.27890625 0.1421875 0.24296875
2 0.57578125 0.6265625 0.146875 0.02890625
2 0.57578125 0.67578125 0.12734375 0.03828125
6 0.7234375 0.9828125 0.55078125 0.02890625
2 0.64921875 0.97265625 0.08203125 0.03125
2 0.72578125 0.97265625 0.06015625 0.01953125