2 0.49765625 0.6234375 0.0234375 0.0421875
2 0.5203125 0.6234375 0.0234375 0.0421875
2 0.54375 0.6234375 0.0234375 0.0421875
2 0.5671875 0.6234375 0.0234375 0.0421875
2 0.975 0.6234375 0.0234375 0.0421875
2 0.5 0.06484375 0.09453125 0.08046875
2 0.6171875 0.0671875 0.08828125 0.0546875
2 0.7265625 0.0671875 0.08828125 0.071875
2 0.1625 0.64375 0.18046875 0.0828125
2 0.16171875 0.74765625 0.12578125 0.09140625
2 0.16171875 0.82734375 0.08984375 0.03359375
2 0.77265625 0.06640625 0.0125 0.03359375
2 0.22734375 0.06875 0.0140625 0.03828125
2 0.22109375 0.3921875 0.01484375 0.0390625
2 0.2765625 0.06796875 0.071875 0.12578125
2 0.77890625 0.3921875 0.0109375 0.02734375
2 0.47265625 0.5203125 0.00703125 0.0125
2 0.4828125 0.51953125 0.00703125 0.0125
2 0.49375 0.5203125 0.00703125 0.0125
2 0.50546875 0.51953125 0.00625 0.01171875
2 0.51640625 0.5203125 0.00625 0.0109375
2 0.52734375 0.5203125 0.00703125 0.01171875
6 0.83046875 0.6234375 0.265625 0.04296875