2 0.5484375 0.046875 0.19453125 0.09140625
2 0.81640625 0.0640625 0.021875 0.02890625
2 0.84140625 0.0640625 0.021875 0.02890625
2 0.86796875 0.0640625 0.021875 0.02890625
2 0.89296875 0.0640625 0.021875 0.02890625
2 0.94375 0.0640625 0.021875 0.02890625
2 0.978125 0.06640625 0.0265625 0.0359375
2 0.0484375 0.146875 0.06953125 0.05546875
2 0.13359375 0.146875 0.0484375 0.05546875
2 0.2078125 0.146875 0.0453125 0.05546875
2 0.2859375 0.146875 0.0578125 0.05546875
2 0.38828125 0.146875 0.09140625 0.05546875
2 0.48046875 0.146875 0.03828125 0.05546875
2 0.584375 0.146875 0.11328125 0.05546875
2 0.68984375 0.146875 0.0453125 0.05546875
2 0.75625 0.146875 0.03359375 0.05546875
2 0.81953125 0.146875 0.03828125 0.05546875
2 0.89765625 0.146875 0.0625 0.0484375
2 0.97265625 0.146875 0.03125 0.0484375
2 0.06875 0.4671875 0.0890625 0.1203125
2 0.93125 0.4671875 0.0890625 0.1203125
2 0.5 0.50703125 0.96875 0.603125
2 0.12890625 0.91796875 0.22578125 0.15859375
2 0.83671875 0.24140625 0.0359375 0.0484375
6 0.3734375 0.62734375 0.3296875 0.0484375
2 0.62109375 0.62734375 0.146875 0.0484375