2 0.13359375 0.146875 0.046875 0.0546875
2 0.2078125 0.146875 0.04375 0.0546875
2 0.2859375 0.146875 0.05625 0.0546875
2 0.3875 0.146875 0.08984375 0.0546875
2 0.04765625 0.146875 0.06875 0.0546875
2 0.48046875 0.146875 0.0390625 0.0546875
2 0.584375 0.146875 0.1109375 0.0546875
2 0.68984375 0.146875 0.04375 0.0546875
2 0.75625 0.146875 0.03203125 0.0546875
2 0.81953125 0.146875 0.03828125 0.0546875
2 0.89765625 0.146875 0.06171875 0.04921875
2 0.971875 0.146875 0.03046875 0.04921875
2 0.83671875 0.24140625 0.03515625 0.0484375
2 0.06875 0.46796875 0.0890625 0.11875
2 0.93125 0.46796875 0.0890625 0.11875
2 0.5484375 0.046875 0.19609375 0.09140625
2 0.5 0.50703125 0.96875 0.603125
2 0.05703125 0.0578125 0.09453125 0.08125
2 0.221875 0.059375 0.103125 0.08125
2 0.1375 0.06015625 0.059375 0.0828125
6 0.3734375 0.6265625 0.32890625 0.0484375
2 0.621875 0.6265625 0.1453125 0.0484375
2 0.81640625 0.0640625 0.021875 0.02890625
2 0.840625 0.0640625 0.021875 0.02890625
2 0.86796875 0.0640625 0.02265625 0.02890625
2 0.8921875 0.0640625 0.021875 0.02890625
2 0.94375 0.0640625 0.021875 0.02890625
2 0.91875 0.0640625 0.025 0.03046875
2 0.978125 0.065625 0.0265625 0.03515625
2 0.8875 0.8859375 0.01796875 0.021875
2 0.128125 0.91875 0.225 0.1625
2 0.75 0.93828125 0.29296875 0.1234375
2 0.95625 0.9390625 0.04765625 0.06640625