2 0.046875 0.0796875 0.07421875 0.0625
6 0.45703125 0.084375 0.71640625 0.06484375
2 0.16328125 0.15390625 0.1296875 0.0484375
2 0.28125 0.15390625 0.1078125 0.0484375
2 0.384375 0.15390625 0.10078125 0.0484375
2 0.46640625 0.15390625 0.06484375 0.0484375
2 0.54921875 0.15390625 0.10078125 0.0484375
2 0.62734375 0.15390625 0.0578125 0.0484375
2 0.6875 0.15390625 0.06484375 0.0484375
2 0.7546875 0.15390625 0.071875 0.0484375
2 0.13828125 0.203125 0.0796875 0.05078125
2 0.228125 0.203125 0.10078125 0.05078125
2 0.9078125 0.084375 0.16328125 0.06484375
2 0.5 0.52734375 1 0.5046875
2 0.0875 0.646875 0.0984375 0.0578125