2 0.16328125 0.15390625 0.1296875 0.04921875
2 0.28203125 0.15390625 0.10625 0.04921875
2 0.384375 0.15390625 0.1 0.04921875
2 0.4671875 0.15390625 0.0640625 0.04921875
2 0.54921875 0.15390625 0.10078125 0.04921875
2 0.628125 0.15390625 0.05625 0.04921875
2 0.68828125 0.15390625 0.06328125 0.04921875
2 0.75546875 0.15390625 0.07109375 0.04921875
2 0.9828125 0.2359375 0.03125 0.040625
2 0.5 0.5265625 1 0.50390625
2 0.0875 0.646875 0.09765625 0.05625
2 0.04609375 0.07890625 0.0734375 0.0609375
6 0.45703125 0.084375 0.7171875 0.06484375
2 0.9078125 0.084375 0.16484375 0.06484375
2 0.79296875 0.08515625 0.03125 0.04609375