2 0.0578125 0.36328125 0.0484375 0.06953125
2 0.13125 0.36328125 0.071875 0.06953125
2 0.2125 0.36328125 0.06484375 0.06953125
2 0.30859375 0.3640625 0.10078125 0.04296875
2 0.4046875 0.36328125 0.06484375 0.06953125
2 0.49296875 0.36328125 0.084375 0.06953125
2 0.5796875 0.36328125 0.06015625 0.06953125
6 0.8375 0.3640625 0.16328125 0.02421875
2 0.94921875 0.36640625 0.02421875 0.03359375
2 0.8484375 0.18984375 0.1421875 0.0453125
6 0.74296875 0.65 0.259375 0.07421875
6 0.74296875 0.74296875 0.259375 0.07421875
6 0.74296875 0.83515625 0.259375 0.07421875