2 0.8484375 0.18984375 0.14140625 0.04453125
2 0.13125 0.3625 0.071875 0.06875
2 0.2125 0.3625 0.0640625 0.06875
2 0.40546875 0.3625 0.0640625 0.06875
2 0.49296875 0.3625 0.084375 0.06875
2 0.0578125 0.3625 0.046875 0.06875
2 0.57890625 0.3625 0.0609375 0.06875
2 0.30859375 0.36484375 0.1015625 0.04140625
6 0.8375 0.36484375 0.16484375 0.0234375
2 0.95 0.36640625 0.02421875 0.0328125
6 0.7421875 0.65 0.259375 0.07265625
6 0.7421875 0.7421875 0.259375 0.07265625
2 0.7421875 0.83515625 0.259375 0.07421875