8 0.521875 0.01875 0.13828125 0.0234375
2 0.6265625 0.0171875 0.02421875 0.0203125
2 0.66875 0.01796875 0.04609375 0.02109375
8 0.434375 0.3765625 0.296875 0.0203125
2 0.2796875 0.4140625 0.02578125 0.0203125
2 0.31171875 0.4140625 0.0328125 0.0203125
2 0.34609375 0.41328125 0.02890625 0.01953125
2 0.38359375 0.41484375 0.03984375 0.02109375
2 0.4203125 0.41484375 0.028125 0.02109375
2 0.4859375 0.50078125 0.025 0.02109375
2 0.5421875 0.50078125 0.08125 0.0203125
2 0.2796875 0.5984375 0.0265625 0.0203125