2 0.81953125 0.02890625 0.04296875 0.03828125
2 0.7765625 0.02890625 0.03671875 0.03828125
2 0.73828125 0.02890625 0.03203125 0.03828125
2 0.2953125 0.03203125 0.12421875 0.05234375
2 0.34765625 0.421875 0.21171875 0.2671875
2 0.5671875 0.421875 0.21171875 0.2671875
2 0.70625 0.4875 0.02890625 0.05234375
2 0.73828125 0.4875 0.02890625 0.05234375
2 0.7703125 0.4875 0.02890625 0.05234375
2 0.8015625 0.4875 0.02890625 0.05234375
2 0.834375 0.4875 0.02890625 0.05234375
2 0.70625 0.5453125 0.02890625 0.05234375
2 0.73828125 0.5453125 0.02890625 0.05234375
2 0.7703125 0.5453125 0.02890625 0.05234375
2 0.8015625 0.5453125 0.02890625 0.05234375
2 0.834375 0.5453125 0.02890625 0.05234375
6 0.7484375 0.20078125 0.2296875 0.0390625
6 0.7703125 0.66328125 0.146875 0.028125
6 0.7703125 0.71484375 0.146875 0.028125
6 0.7703125 0.77109375 0.1421875 0.028125
6 0.7796875 0.8046875 0.16015625 0.028125