2 0.80546875 0.66640625 0.05 0.0453125
2 0.2515625 0.18359375 0.15390625 0.209375
2 0.4171875 0.18359375 0.15390625 0.209375
2 0.5828125 0.07421875 0.15390625 0.12265625
2 0.7484375 0.18828125 0.15390625 0.2
2 0.4421875 0.63515625 0.2203125 0.0875
2 0.79375 0.91875 0.07421875 0.0421875
2 0.184375 0.02578125 0.00859375 0.015625
2 0.28125 0.02734375 0.009375 0.0171875
2 0.290625 0.02734375 0.009375 0.0171875
2 0.3 0.02734375 0.009375 0.0171875
2 0.309375 0.02734375 0.009375 0.0171875
2 0.31875 0.02734375 0.009375 0.0171875
2 0.184375 0.36875 0.00859375 0.015625
2 0.28125 0.36953125 0.009375 0.0171875
2 0.290625 0.36953125 0.009375 0.0171875
2 0.3 0.36953125 0.009375 0.0171875
2 0.309375 0.36953125 0.009375 0.0171875
2 0.31875 0.36953125 0.009375 0.0171875
2 0.35 0.02578125 0.00859375 0.015625
2 0.446875 0.02734375 0.009375 0.0171875
2 0.45625 0.02734375 0.009375 0.0171875
2 0.465625 0.02734375 0.009375 0.0171875
2 0.475 0.02734375 0.009375 0.0171875
2 0.484375 0.02734375 0.009375 0.0171875
2 0.35 0.36875 0.00859375 0.015625
2 0.446875 0.36953125 0.009375 0.0171875
2 0.45625 0.36953125 0.009375 0.0171875
2 0.465625 0.36953125 0.009375 0.0171875
2 0.475 0.36953125 0.009375 0.0171875
2 0.484375 0.36953125 0.009375 0.0171875
2 0.515625 0.23671875 0.00859375 0.015625
2 0.61171875 0.23828125 0.009375 0.0171875
2 0.62109375 0.23828125 0.009375 0.0171875
2 0.63046875 0.23828125 0.009375 0.0171875
2 0.640625 0.23828125 0.009375 0.0171875
2 0.65 0.23828125 0.009375 0.0171875
2 0.68046875 0.03671875 0.00859375 0.015625
2 0.7765625 0.03828125 0.009375 0.0171875
2 0.7859375 0.03828125 0.009375 0.0171875
2 0.79609375 0.03828125 0.009375 0.0171875
2 0.80546875 0.03828125 0.009375 0.0171875
2 0.81484375 0.03828125 0.009375 0.0171875
2 0.68046875 0.36875 0.00859375 0.015625
2 0.7765625 0.36953125 0.009375 0.0171875
2 0.7859375 0.36953125 0.009375 0.0171875
2 0.79609375 0.36953125 0.009375 0.0171875
2 0.80546875 0.36953125 0.009375 0.0171875
2 0.81484375 0.36953125 0.009375 0.0171875
2 0.21953125 0.62734375 0.1 0.06015625
2 0.2234375 0.70703125 0.0125 0.02265625
2 0.240625 0.70703125 0.0125 0.02265625
2 0.2578125 0.70703125 0.0125 0.02265625
2 0.27578125 0.70703125 0.0125 0.02265625
6 0.6953125 0.66640625 0.1703125 0.0453125