2 0.74140625 0.03828125 0.02421875 0.03125
2 0.1140625 0.1078125 0.071875 0.0578125
2 0.1828125 0.1078125 0.0671875 0.0578125
2 0.271875 0.1078125 0.11328125 0.0578125
2 0.421875 0.1078125 0.18984375 0.0578125
2 0.58671875 0.1078125 0.1390625 0.0578125
2 0.7171875 0.1078125 0.12265625 0.0578125
2 0.821875 0.1078125 0.0890625 0.0578125
2 0.20546875 0.3453125 0.134375 0.053125
2 0.3296875 0.3453125 0.1109375 0.053125
2 0.42890625 0.3453125 0.08671875 0.053125
2 0.5734375 0.3453125 0.196875 0.053125
2 0.71015625 0.3453125 0.071875 0.053125
2 0.81484375 0.3453125 0.134375 0.053125
2 0.80546875 0.58515625 0.290625 0.12265625
2 0.80546875 0.70546875 0.290625 0.115625
2 0.80546875 0.821875 0.290625 0.115625
2 0.80546875 0.91953125 0.290625 0.0796875
2 0.3484375 0.72265625 0.59609375 0.55078125