2 0.846875 0.17265625 0.01484375 0.021875
2 0.83125 0.17421875 0.0140625 0.02734375
2 0.50078125 0.22109375 0.71015625 0.121875
2 0.80234375 0.221875 0.04609375 0.059375
2 0.20546875 0.3453125 0.13359375 0.05234375
2 0.32890625 0.3453125 0.109375 0.05234375
2 0.42890625 0.3453125 0.08671875 0.05234375
2 0.5734375 0.3453125 0.196875 0.05234375
2 0.71015625 0.3453125 0.071875 0.05234375
2 0.81484375 0.3453125 0.13359375 0.05234375
2 0.67265625 0.03671875 0.03046875 0.04765625
6 0.92421875 0.03671875 0.0890625 0.03984375
2 0.60703125 0.03828125 0.03125 0.05078125
2 0.640625 0.03828125 0.02890625 0.04453125
6 0.8234375 0.03828125 0.084375 0.04140625
2 0.70390625 0.0390625 0.03359375 0.05234375
2 0.575 0.03984375 0.03203125 0.04765625
2 0.11015625 0.040625 0.15625 0.06640625
2 0.80546875 0.5859375 0.290625 0.12265625
2 0.80546875 0.70546875 0.290625 0.11484375
2 0.34765625 0.7234375 0.5953125 0.553125
2 0.80546875 0.821875 0.290625 0.11484375
2 0.95390625 0.8265625 0.06171875 0.0890625
2 0.80546875 0.91953125 0.290625 0.078125
2 0.1140625 0.1078125 0.07109375 0.05703125
2 0.1828125 0.1078125 0.06640625 0.05703125
2 0.271875 0.1078125 0.1125 0.05703125
2 0.42265625 0.1078125 0.18828125 0.05703125
2 0.58671875 0.1078125 0.13984375 0.05703125
2 0.7171875 0.1078125 0.121875 0.05703125
2 0.821875 0.1078125 0.0875 0.05703125
2 0.05234375 0.10859375 0.04453125 0.053125
2 0.90625 0.10859375 0.07734375 0.05703125