2 0.90625 0.89921875 0.03359375 0.021875
2 0.790625 0.9015625 0.084375 0.02421875
6 0.13359375 0.4 0.15390625 0.03125
2 0.5 0.3953125 0.134375 0.0265625
2 0.70078125 0.4 0.07421875 0.01953125
2 0.7671875 0.4 0.0578125 0.01953125
2 0.8328125 0.4 0.07421875 0.01953125
2 0.9 0.4 0.06015625 0.01953125
2 0.953125 0.4 0.04296875 0.01953125
2 0.1265625 0.45546875 0.0890625 0.01953125
2 0.2046875 0.45546875 0.0671875 0.01953125
2 0.26796875 0.45546875 0.06015625 0.01953125
2 0.34609375 0.45546875 0.09609375 0.01953125
2 0.42421875 0.45546875 0.06015625 0.01953125
2 0.48203125 0.45546875 0.0578125 0.01953125
2 0.55625 0.45546875 0.09140625 0.01953125
2 0.63359375 0.45546875 0.06484375 0.01953125
2 0.69375 0.45546875 0.0578125 0.01953125
2 0.81953125 0.45546875 0.196875 0.01953125
2 0.5 0.521875 0.946875 0.04296875
2 0.5 0.78359375 0.94921875 0.4328125