2 0.875 0.30078125 0.17109375 0.046875
2 0.5 0.39609375 0.134375 0.02578125
2 0.7 0.4 0.07421875 0.01796875
2 0.76640625 0.4 0.05625 0.01796875
2 0.8328125 0.4 0.0734375 0.01796875
2 0.9 0.4 0.0609375 0.01796875
2 0.95234375 0.4 0.0421875 0.01796875
6 0.10625 0.40234375 0.1625 0.03828125
2 0.1265625 0.4546875 0.0890625 0.01953125
2 0.2046875 0.4546875 0.0671875 0.01953125
2 0.26796875 0.4546875 0.059375 0.01953125
2 0.3453125 0.4546875 0.0953125 0.01953125
2 0.4234375 0.4546875 0.0609375 0.01953125
2 0.4828125 0.4546875 0.05625 0.01953125
2 0.55625 0.4546875 0.090625 0.01953125
2 0.63359375 0.4546875 0.06328125 0.01953125
2 0.69375 0.4546875 0.05625 0.01953125
2 0.81953125 0.4546875 0.19609375 0.01953125
2 0.5 0.521875 0.946875 0.04296875
2 0.5 0.78359375 0.946875 0.43203125
2 0.90703125 0.8984375 0.06875 0.04296875
2 0.78203125 0.90234375 0.1125 0.040625