6 0.2703125 0.11875 0.43515625 0.0453125
6 0.5140625 0.11875 0.053125 0.0484375
2 0.83046875 0.02265625 0.0046875 0.0140625
2 0.8703125 0.0203125 0.0578125 0.0171875
2 0.9375 0.0203125 0.071875 0.0171875
2 0.08671875 0.18984375 0.06953125 0.0484375
2 0.16328125 0.18984375 0.08671875 0.0484375
2 0.2484375 0.18984375 0.08671875 0.0484375
2 0.35234375 0.18984375 0.12265625 0.0484375
2 0.45546875 0.18984375 0.0890625 0.0484375
2 0.30625 0.928125 0.0765625 0.021875
2 0.3328125 0.95703125 0.1296875 0.021875
2 0.334375 0.9828125 0.13203125 0.021875
2 0.57109375 0.928125 0.14453125 0.021875
2 0.52734375 0.95703125 0.05546875 0.021875
2 0.540625 0.9828125 0.08203125 0.021875
2 0.77421875 0.928125 0.08671875 0.021875
2 0.76328125 0.95703125 0.06484375 0.021875
2 0.76953125 0.9828125 0.0765625 0.021875