2 0.58125 0.04453125 0.02734375 0.05078125
2 0.6125 0.04453125 0.034375 0.05078125
2 0.6515625 0.04453125 0.04375 0.05078125
2 0.690625 0.04453125 0.034375 0.05078125
2 0.75859375 0.04453125 0.0828125 0.025
2 0.2890625 0.0453125 0.178125 0.0734375
2 0.2515625 0.6828125 0.103125 0.025
2 0.2515625 0.7078125 0.103125 0.025
2 0.2515625 0.73359375 0.103125 0.025
2 0.2515625 0.75859375 0.103125 0.025
2 0.2515625 0.784375 0.103125 0.025
2 0.2515625 0.809375 0.103125 0.025
2 0.2515625 0.834375 0.103125 0.025
6 0.2515625 0.91484375 0.103125 0.025
2 0.28359375 0.9484375 0.0390625 0.025