2 0.7359375 0.17265625 0.01328125 0.01640625
6 0.69296875 0.1734375 0.10390625 0.02421875
2 0.4140625 0.3921875 0.328125 0.37578125
2 0.30234375 0.65390625 0.10390625 0.12265625
2 0.4140625 0.65390625 0.10390625 0.12265625
2 0.5265625 0.65390625 0.10390625 0.12265625
2 0.665625 0.7109375 0.15625 0.1890625
2 0.30234375 0.92578125 0.10390625 0.1203125
2 0.4140625 0.92578125 0.10390625 0.1203125
2 0.5265625 0.9265625 0.10390625 0.12265625
2 0.66484375 0.96015625 0.1578125 0.0796875
2 0.653125 0.11796875 0.01015625 0.01953125
2 0.665625 0.11796875 0.01015625 0.01953125
2 0.678125 0.11796875 0.01015625 0.01953125
2 0.703125 0.11796875 0.01015625 0.01796875
2 0.690625 0.11875 0.01015625 0.01796875
2 0.3359375 0.11953125 0.17109375 0.03125