2 0.02890625 0.03828125 0.01953125 0.0265625
2 0.06640625 0.03828125 0.01953125 0.0265625
2 0.1 0.03828125 0.01171875 0.0265625
2 0.134375 0.03984375 0.021875 0.02421875
2 0.17578125 0.040625 0.0265625 0.02421875
2 0.2453125 0.040625 0.04296875 0.021875
6 0.84375 0.05546875 0.19453125 0.05078125
2 0.1765625 0.203125 0.09375 0.021875
2 0.28828125 0.203125 0.04296875 0.021875
2 0.375 0.203125 0.04296875 0.021875
2 0.46484375 0.203125 0.05078125 0.021875
2 0.58046875 0.203125 0.09140625 0.021875
2 0.71171875 0.203125 0.084375 0.021875
2 0.8328125 0.203125 0.07421875 0.021875
2 0.5 0.25625 1 0.06015625
2 0.14453125 0.7125 0.13203125 0.053125