2 0.4078125 0.146875 0.09296875 0.046875
2 0.49375 0.146875 0.07890625 0.04921875
2 0.10234375 0.146875 0.13671875 0.046875
2 0.221875 0.146875 0.09453125 0.046875
2 0.3171875 0.146875 0.08671875 0.046875
2 0.5890625 0.146875 0.08203125 0.046875
2 0.690625 0.146875 0.08984375 0.046875
2 0.8203125 0.146875 0.1625 0.046875
2 0.9359375 0.146875 0.0609375 0.046875
6 0.40625 0.6484375 0.54140625 0.07265625
2 0.7640625 0.6484375 0.2015625 0.07265625
2 0.28359375 0.74765625 0.1125 0.04140625
2 0.4015625 0.74765625 0.1140625 0.04140625
2 0.521875 0.74765625 0.11640625 0.04140625
2 0.6421875 0.74765625 0.1140625 0.04140625
2 0.73828125 0.74765625 0.06875 0.04140625
2 0.5 0.07578125 0.1796875 0.046875
2 0.278125 0.7953125 0.12578125 0.04140625
2 0.3953125 0.7953125 0.1 0.04140625
2 0.49140625 0.7953125 0.08203125 0.04140625
2 0.59765625 0.7953125 0.12109375 0.04140625
2 0.72421875 0.7953125 0.121875 0.04140625
2 0.884375 0.93515625 0.1921875 0.04921875