2 0.5 0.07578125 0.18046875 0.0484375
2 0.10234375 0.146875 0.13671875 0.0484375
2 0.22265625 0.146875 0.09375 0.0484375
2 0.3171875 0.146875 0.08671875 0.0484375
2 0.68984375 0.146875 0.09140625 0.0484375
2 0.81953125 0.146875 0.16328125 0.0484375
6 0.93515625 0.146875 0.06015625 0.0484375
6 0.42890625 0.64921875 0.58671875 0.07421875
2 0.76328125 0.64921875 0.2015625 0.07421875
2 0.28359375 0.74765625 0.11328125 0.04296875
2 0.4015625 0.74765625 0.115625 0.04296875
2 0.521875 0.74765625 0.11796875 0.04296875
2 0.6421875 0.74765625 0.11328125 0.04296875
2 0.73828125 0.74765625 0.06953125 0.04296875
2 0.27734375 0.7953125 0.12734375 0.04296875
2 0.3953125 0.7953125 0.10078125 0.04296875
2 0.49140625 0.7953125 0.08203125 0.04296875
2 0.59765625 0.7953125 0.12265625 0.04296875
2 0.7234375 0.7953125 0.12265625 0.04296875
2 0.884375 0.93515625 0.1921875 0.05078125