2 0.0875 0.0484375 0.146875 0.0625
2 0.80625 0.0421875 0.07421875 0.0578125
2 0.8765625 0.0421875 0.04296875 0.05546875
2 0.92578125 0.0421875 0.0578125 0.05546875
6 0.4125 0.13125 0.29296875 0.05078125
6 0.8734375 0.13125 0.22109375 0.05078125
2 0.28984375 0.19921875 0.03125 0.02890625
2 0.28984375 0.3609375 0.03125 0.02890625
2 0.28984375 0.5203125 0.03125 0.02890625
2 0.3375 0.6265625 0.12734375 0.02890625
2 0.28984375 0.68984375 0.03125 0.02890625
2 0.3375 0.79453125 0.12734375 0.02890625
2 0.28984375 0.8578125 0.03125 0.02890625
2 0.3375 0.9640625 0.12734375 0.02890625