6 0.4125 0.13125 0.29296875 0.05234375
6 0.87421875 0.13125 0.2203125 0.05234375
2 0.28984375 0.2 0.03125 0.02734375
2 0.28984375 0.36015625 0.03125 0.02734375
2 0.80625 0.04140625 0.0765625 0.05703125
2 0.8765625 0.04140625 0.0421875 0.0546875
2 0.925 0.04140625 0.0578125 0.0546875
2 0.978125 0.04296875 0.040625 0.05625
2 0.7359375 0.04453125 0.0640625 0.0546875
2 0.0875 0.0484375 0.146875 0.0625
2 0.2859375 0.5109375 0.02578125 0.03125
2 0.3375 0.58359375 0.1296875 0.09140625
2 0.28671875 0.684375 0.025 0.0375
2 0.3390625 0.75546875 0.12890625 0.08046875
2 0.2875 0.85390625 0.02578125 0.03671875
2 0.3375 0.92421875 0.12578125 0.10546875