2 0.1296875 0.03125 0.0984375 0.0625
2 0.21484375 0.03125 0.071875 0.0625
2 0.2859375 0.03125 0.06953125 0.0625
2 0.365625 0.03125 0.08984375 0.0625
2 0.4328125 0.03125 0.04609375 0.0625
2 0.0453125 0.03125 0.0703125 0.0625
2 0.49765625 0.03125 0.0828125 0.0625
2 0.578125 0.03125 0.078125 0.0625
2 0.90546875 0.03125 0.0671875 0.0625
2 0.9671875 0.03203125 0.0453125 0.0578125
2 0.8328125 0.440625 0.05 0.05625
6 0.1890625 0.4421875 0.11015625 0.0765625
6 0.55625 0.4421875 0.62265625 0.0765625
2 0.65546875 0.775 0.0953125 0.04140625
2 0.93671875 0.10859375 0.08671875 0.02734375
2 0.1046875 0.1125 0.19375 0.06796875