2 0.61875 0.05390625 0.06875 0.0421875
2 0.1953125 0.88984375 0.01875 0.05234375
2 0.8046875 0.88984375 0.01875 0.05234375
2 0.25625 0.04296875 0.13046875 0.06484375
2 0.6875 0.03984375 0.0140625 0.025
2 0.7375 0.03984375 0.0140625 0.025
2 0.78828125 0.03984375 0.0140625 0.025
2 0.35625 0.03671875 0.01875 0.05625
2 0.34375 0.409375 0.30625 0.5640625
2 0.578125 0.26328125 0.15 0.27109375
2 0.734375 0.26328125 0.15 0.27109375
2 0.65625 0.56171875 0.30625 0.26171875
2 0.2546875 0.90234375 0.08203125 0.06875
2 0.33671875 0.90234375 0.08203125 0.06875
2 0.41875 0.90234375 0.08203125 0.06875
2 0.5 0.90234375 0.08203125 0.06875
2 0.58203125 0.90234375 0.08203125 0.06875
2 0.6640625 0.90234375 0.08203125 0.06875
2 0.7453125 0.90234375 0.08203125 0.06875
2 0.3359375 0.09921875 0.00546875 0.0125
2 0.4453125 0.09921875 0.00546875 0.0125
2 0.55390625 0.09921875 0.00546875 0.0125
2 0.6609375 0.09921875 0.00546875 0.0125
6 0.51015625 0.05390625 0.28671875 0.0421875