2 0.08984375 0.0359375 0.13203125 0.04296875
2 0.45078125 0.0359375 0.103125 0.03359375
2 0.9421875 0.03515625 0.0453125 0.03125
6 0.69375 0.33671875 0.34140625 0.0796875
2 0.88671875 0.33671875 0.0484375 0.0796875
2 0.52421875 0.759375 0.25234375 0.06953125
2 0.52421875 0.8453125 0.25234375 0.10078125
2 0.52421875 0.93125 0.25234375 0.06953125
2 0.52421875 0.98203125 0.25234375 0.03359375
2 0.77421875 0.759375 0.25234375 0.06953125
2 0.77421875 0.8296875 0.25234375 0.06953125
2 0.77421875 0.915625 0.25234375 0.10078125
2 0.77421875 0.98203125 0.25234375 0.03359375
2 0.165625 0.66328125 0.15390625 0.0484375
2 0.20546875 0.734375 0.23046875 0.09375
2 0.19921875 0.8125 0.21875 0.0625
2 0.19453125 0.875 0.21171875 0.0625