2 0.07421875 0.0328125 0.0515625 0.065625
2 0.13203125 0.0328125 0.0453125 0.065625
2 0.1890625 0.0328125 0.053125 0.065625
2 0.2546875 0.0328125 0.059375 0.065625
2 0.31640625 0.0328125 0.0484375 0.065625
2 0.7734375 0.0328125 0.01640625 0.06484375
2 0.815625 0.0328125 0.05390625 0.06484375
2 0.871875 0.03203125 0.01171875 0.02421875
2 0.01875 0.0328125 0.028125 0.01953125
2 0.3171875 0.38515625 0.0390625 0.06484375
2 0.30390625 0.6296875 0.01484375 0.02421875
2 0.5125 0.6296875 0.01484375 0.0265625
2 0.72109375 0.63046875 0.01484375 0.01953125
2 0.30390625 0.671875 0.01484375 0.01796875
2 0.5125 0.67265625 0.01484375 0.02109375
2 0.72109375 0.67265625 0.01484375 0.01796875
2 0.6625 0.96953125 0.06328125 0.0296875
2 0.73828125 0.96953125 0.06328125 0.0296875
6 0.5 0.253125 0.40625 0.04921875