2 0.93046875 0.821875 0.02890625 0.053125
2 0.84375 0.87109375 0.2015625 0.0484375
2 0.9515625 0.05390625 0.04296875 0.03125
6 0.6078125 0.17578125 0.3125 0.0359375
2 0.89765625 0.17578125 0.1515625 0.03828125
2 0.1390625 0.26171875 0.2234375 0.08203125
2 0.9625 0.24765625 0.05078125 0.0625
2 0.12265625 0.978125 0.18984375 0.040625
6 0.83046875 0.6859375 0.25703125 0.0578125
6 0.83046875 0.7546875 0.25703125 0.0578125
2 0.74765625 0.80625 0.09140625 0.0265625
2 0.91015625 0.80625 0.10078125 0.0265625
2 0.83046875 0.87265625 0.25703125 0.0578125
2 0.83046875 0.9546875 0.25703125 0.0578125