2 0.04453125 0.04921875 0.0671875 0.084375
2 0.1421875 0.04921875 0.10546875 0.084375
2 0.24375 0.04921875 0.06015625 0.084375
2 0.35 0.04921875 0.11328125 0.084375
6 0.67421875 0.04921875 0.2984375 0.05546875
2 0.88359375 0.04921875 0.06015625 0.084375
2 0.9578125 0.04921875 0.053125 0.084375
2 0.1046875 0.12890625 0.1703125 0.0453125
2 0.41328125 0.12890625 0.13671875 0.0484375
2 0.525 0.12890625 0.08671875 0.0484375
2 0.6078125 0.12890625 0.0765625 0.0484375
2 0.68984375 0.12890625 0.08671875 0.0484375
2 0.77890625 0.12890625 0.09375 0.0484375
2 0.85703125 0.12890625 0.0625 0.0484375
2 0.90390625 0.12890625 0.03359375 0.0484375
2 0.5 0.22265625 1 0.125
2 0.5 0.58203125 1 0.5578125
2 0.178125 0.9390625 0.32421875 0.1203125
2 0.5 0.9390625 0.3265625 0.1203125
2 0.8234375 0.9390625 0.32421875 0.1203125