2 0.5 0.22265625 1 0.12265625
2 0.1421875 0.0484375 0.1046875 0.084375
2 0.24375 0.0484375 0.0609375 0.084375
2 0.35 0.0484375 0.1125 0.084375
2 0.0453125 0.0484375 0.06640625 0.084375
2 0.88359375 0.0484375 0.05859375 0.084375
2 0.95859375 0.0484375 0.0515625 0.084375
6 0.67421875 0.04921875 0.29765625 0.0546875
2 0.46328125 0.05 0.1046875 0.07109375
2 0.5 0.58046875 1 0.55703125
2 0.5 0.7140625 0.18671875 0.0578125
2 0.17734375 0.9390625 0.3234375 0.12109375
2 0.5 0.9390625 0.32421875 0.12109375
2 0.82265625 0.9390625 0.3234375 0.12109375
2 0.95625 0.128125 0.06640625 0.0421875
2 0.1046875 0.128125 0.17109375 0.0453125
2 0.41328125 0.128125 0.1359375 0.0484375
2 0.525 0.128125 0.0875 0.0484375
2 0.6078125 0.128125 0.07734375 0.0484375
2 0.6890625 0.128125 0.0859375 0.0484375
2 0.7796875 0.128125 0.09375 0.0484375
2 0.85703125 0.128125 0.06171875 0.0484375
2 0.90390625 0.128125 0.03203125 0.0484375