2 0.0109375 0.34375 0.01171875 0.02109375
2 0.0109375 0.3671875 0.01171875 0.02265625
2 0.9890625 0.34375 0.01171875 0.02109375
2 0.275 0.11015625 0.421875 0.2203125
2 0.4015625 0.66875 0.0140625 0.03828125
2 0.4015625 0.66875 0.0140625 0.03828125
2 0.4015625 0.6609375 0.0140625 0.03828125
2 0.47265625 0.51796875 0.0140625 0.03828125
2 0.40234375 0.65234375 0.0140625 0.03828125
2 0.4625 0.79140625 0.0140625 0.03828125
2 0.4609375 0.81171875 0.0140625 0.03828125
2 0.46875 0.4765625 0.0140625 0.03828125
2 0.46953125 0.47421875 0.0140625 0.03828125
6 0.8875 0.25625 0.03359375 0.0265625