2 0.18046875 0.03828125 0.3609375 0.0765625
2 0.0390625 0.096875 0.078125 0.0375
2 0.0296875 0.1453125 0.059375 0.059375
2 0.03203125 0.21015625 0.02734375 0.01796875
2 0.03203125 0.259375 0.0171875 0.04140625
2 0.03125 0.31875 0.0546875 0.0140625
2 0.03125 0.3484375 0.0546875 0.0140625
2 0.03125 0.38203125 0.0546875 0.021875
2 0.03125 0.415625 0.0546875 0.0140625
2 0.03125 0.4453125 0.0546875 0.0140625
2 0.03125 0.47578125 0.0546875 0.0140625
2 0.11171875 0.55546875 0.01640625 0.01796875
2 0.11171875 0.59765625 0.01640625 0.0140625
2 0.275 0.6 0.0640625 0.034375
2 0.0890625 0.81875 0.0171875 0.021875
6 0.20625 0.66953125 0.228125 0.021875
6 0.20625 0.69296875 0.02734375 0.0234375