2 0.271875 0.05 0.0125 0.04375
2 0.303125 0.04921875 0.04921875 0.04453125
2 0.353125 0.0484375 0.05 0.04609375
2 0.39765625 0.0359375 0.0390625 0.071875
2 0.44375 0.0484375 0.053125 0.04609375
2 0.49375 0.0484375 0.04765625 0.046875
2 0.659375 0.4078125 0.14765625 0.0875
2 0.659375 0.509375 0.14765625 0.0875
2 0.659375 0.6671875 0.14765625 0.19140625
2 0.659375 0.81953125 0.14765625 0.0859375
2 0.659375 0.91875 0.14765625 0.08125
6 0.64765625 0.04921875 0.10078125 0.01953125
2 0.3421875 0.3109375 0.153125 0.06796875
2 0.50078125 0.3109375 0.15390625 0.06796875
2 0.65859375 0.31171875 0.153125 0.06796875
2 0.603125 0.05 0.01015625 0.01484375
2 0.65859375 0.9875 0.1484375 0.025