2 0.09453125 0.03671875 0.11328125 0.0578125
2 0.08046875 0.11953125 0.028125 0.0203125
2 0.23671875 0.11953125 0.0515625 0.0203125
2 0.36953125 0.11953125 0.028125 0.0203125
2 0.51796875 0.1171875 0.0375 0.0203125
2 0.6625 0.11875 0.0375 0.0203125
2 0.8078125 0.11953125 0.0375 0.0203125
2 0.45 0.4375 0.0546875 0.02421875
2 0.74609375 0.034375 0.0375 0.034375
6 0.66484375 0.034375 0.12265625 0.034375
2 0.0203125 0.18359375 0.02421875 0.0796875
2 0.8796875 0.18203125 0.03515625 0.06640625
2 0.11796875 0.1984375 0.1109375 0.19921875
2 0.26171875 0.196875 0.10859375 0.2015625
2 0.40703125 0.19921875 0.109375 0.2015625
2 0.55 0.196875 0.1078125 0.196875
2 0.69453125 0.1984375 0.10859375 0.19609375
2 0.83984375 0.2015625 0.10234375 0.2046875