2 0.965625 0.17265625 0.015625 0.021875
2 0.92578125 0.034375 0.090625 0.0546875
6 0.82265625 0.03828125 0.08203125 0.0359375
2 0.11484375 0.03828125 0.1453125 0.04296875
2 0.684375 0.0390625 0.0265625 0.034375
2 0.7515625 0.0390625 0.02421875 0.03125
2 0.5765625 0.03984375 0.10390625 0.0421875
2 0.6515625 0.03984375 0.02890625 0.0359375
2 0.71796875 0.040625 0.025 0.034375
2 0.1859375 0.553125 0.09375 0.05234375
2 0.26015625 0.553125 0.0515625 0.05234375
2 0.35234375 0.553125 0.12890625 0.05234375
2 0.459375 0.553125 0.0796875 0.05234375
2 0.55625 0.553125 0.1109375 0.05234375
2 0.66875 0.553125 0.10859375 0.05234375
2 0.7765625 0.553125 0.103125 0.05234375
2 0.8578125 0.553125 0.05546875 0.05234375
2 0.09296875 0.5546875 0.0859375 0.04453125
2 0.0875 0.678125 0.075 0.0453125
2 0.80546875 0.80859375 0.290625 0.15625
2 0.34765625 0.82734375 0.5953125 0.3453125
2 0.96796875 0.8484375 0.034375 0.0390625
2 0.80546875 0.94375 0.290625 0.11171875
2 0.05078125 0.10703125 0.0484375 0.0546875
2 0.121875 0.1078125 0.08671875 0.05703125
2 0.21015625 0.1078125 0.08984375 0.05703125
2 0.2984375 0.1078125 0.08671875 0.05703125
2 0.3703125 0.1078125 0.0578125 0.05703125
2 0.44453125 0.1078125 0.090625 0.05703125
2 0.53828125 0.1078125 0.096875 0.05703125
2 0.6234375 0.1078125 0.071875 0.05703125
2 0.9390625 0.1078125 0.06875 0.05703125
2 0.70234375 0.109375 0.084375 0.05625