2 0.078125 0.16015625 0.1234375 0.05234375
2 0.92578125 0.16484375 0.02265625 0.040625
2 0.9609375 0.16484375 0.02265625 0.040625
6 0.534375 0.16484375 0.3046875 0.04609375
2 0.98828125 0.16640625 0.0234375 0.0453125
2 0.625 0.3703125 0.1640625 0.2046875
2 0.4484375 0.3703125 0.1640625 0.20625
2 0.79921875 0.3703125 0.1640625 0.20546875
2 0.0984375 0.37109375 0.1640625 0.2078125
2 0.27578125 0.371875 0.1640625 0.2078125
2 0.2046875 0.44765625 0.01015625 0.01796875
2 0.0296875 0.44765625 0.01015625 0.01796875
2 0.38046875 0.44765625 0.01015625 0.01796875
2 0.55546875 0.44765625 0.01015625 0.01796875
2 0.0390625 0.5921875 0.03046875 0.0546875
2 0.95234375 0.634375 0.09453125 0.0484375
2 0.0390625 0.69375 0.03046875 0.0546875
2 0.0390625 0.7953125 0.03046875 0.0546875
2 0.0390625 0.896875 0.03046875 0.0546875