2 0.7796875 0.03515625 0.084375 0.06484375
2 0.875 0.03515625 0.0796875 0.06484375
2 0.9546875 0.03515625 0.03359375 0.06484375
2 0.13359375 0.0328125 0.196875 0.06484375
2 0.06640625 0.09140625 0.09375 0.0484375
2 0.15625 0.09140625 0.09140625 0.0484375
2 0.24140625 0.09140625 0.084375 0.0484375
2 0.32421875 0.09140625 0.0890625 0.0484375
2 0.421875 0.09140625 0.1109375 0.0484375
2 0.540625 0.09140625 0.134375 0.0484375
2 0.646875 0.09140625 0.08203125 0.0484375
2 0.1671875 0.5375 0.334375 0.5359375
2 0.16796875 0.90078125 0.3359375 0.1921875
2 0.5 0.40234375 0.334375 0.2671875
2 0.5 0.6703125 0.334375 0.2671875
2 0.5 0.90234375 0.33671875 0.1921875
2 0.8328125 0.40390625 0.334375 0.2671875
2 0.8328125 0.76796875 0.334375 0.46171875