2 0.2515625 0.11796875 0.0359375 0.03828125
2 0.29453125 0.11796875 0.05 0.03828125
2 0.35 0.11796875 0.0609375 0.03828125
2 0.359375 0.3671875 0.03125 0.01796875
2 0.30703125 0.92265625 0.14609375 0.15390625
2 0.46484375 0.11484375 0.14609375 0.2203125
2 0.621875 0.11640625 0.14609375 0.221875
2 0.46484375 0.36484375 0.14609375 0.22109375
2 0.621875 0.36484375 0.14609375 0.22109375
2 0.54375 0.67734375 0.303125 0.3453125
2 0.784375 0.071875 0.15625 0.14375
2 0.784375 0.2859375 0.15625 0.22890625
2 0.784375 0.54375 0.15625 0.22734375
2 0.784375 0.80234375 0.15625 0.23046875
2 0.36875 0.2640625 0.02578125 0.03515625
6 0.29453125 0.2640625 0.12109375 0.03671875
6 0.30703125 0.45 0.146875 0.0265625
6 0.30703125 0.6703125 0.146875 0.0265625
2 0.346875 0.2625 0.01015625 0.02265625
2 0.46484375 0.93984375 0.146875 0.1203125
2 0.62109375 0.93828125 0.1484375 0.1234375
2 0.78515625 0.971875 0.15703125 0.05625