2 0.784375 0.678125 0.13515625 0.03671875
2 0.60390625 0.11796875 0.00625 0.02109375
2 0.6234375 0.11796875 0.00625 0.02109375
2 0.54375 0.74609375 0.303125 0.3453125
2 0.784375 0.18515625 0.15625 0.13359375
2 0.78359375 0.91640625 0.15625 0.1671875
2 0.1796875 0.04140625 0.09921875 0.04765625
2 0.734375 0.51328125 0.03359375 0.02421875
2 0.7671875 0.51328125 0.03359375 0.02421875
2 0.8015625 0.51328125 0.03359375 0.02421875
2 0.8359375 0.51328125 0.03359375 0.02421875
2 0.734375 0.57109375 0.03359375 0.02421875
2 0.7671875 0.57109375 0.03359375 0.02421875
2 0.8015625 0.57109375 0.03359375 0.02421875
2 0.8359375 0.57109375 0.03359375 0.02421875
2 0.734375 0.62890625 0.03359375 0.02421875
2 0.7671875 0.62890625 0.03359375 0.02421875
2 0.8015625 0.62890625 0.03359375 0.02421875
2 0.8359375 0.62890625 0.03359375 0.02421875
6 0.2921875 0.3015625 0.10625 0.03828125
2 0.3609375 0.3015625 0.0296875 0.03828125
6 0.30703125 0.39453125 0.146875 0.0265625
6 0.30703125 0.63203125 0.146875 0.0265625
6 0.30703125 0.85234375 0.146875 0.0265625
2 0.4640625 0.97421875 0.146875 0.0515625
2 0.621875 0.975 0.146875 0.05