2 0.784375 0.678125 0.13515625 0.03671875
2 0.60390625 0.11796875 0.00625 0.02109375
2 0.6234375 0.11796875 0.00625 0.02109375
2 0.54375 0.696875 0.303125 0.24609375
2 0.784375 0.18515625 0.15625 0.13359375
2 0.78359375 0.92890625 0.15625 0.1421875
2 0.140625 0.040625 0.0078125 0.0140625
2 0.734375 0.51328125 0.03359375 0.02421875
2 0.7671875 0.51328125 0.03359375 0.02421875
2 0.8015625 0.51328125 0.03359375 0.02421875
2 0.8359375 0.51328125 0.03359375 0.02421875
2 0.734375 0.57109375 0.03359375 0.02421875
2 0.7671875 0.57109375 0.03359375 0.02421875
2 0.8015625 0.57109375 0.03359375 0.02421875
2 0.8359375 0.57109375 0.03359375 0.02421875
2 0.734375 0.62890625 0.03359375 0.02421875
2 0.7671875 0.62890625 0.03359375 0.02421875
2 0.8015625 0.62890625 0.03359375 0.02421875
2 0.8359375 0.62890625 0.03359375 0.02421875
2 0.72109375 0.7921875 0.0125 0.02265625
6 0.2921875 0.3015625 0.10625 0.03828125
6 0.3609375 0.3015625 0.0296875 0.03828125
6 0.30703125 0.39453125 0.146875 0.0265625
6 0.30703125 0.64921875 0.146875 0.0265625
6 0.30703125 0.86953125 0.146875 0.0265625