2 0.61015625 0.03046875 0.05234375 0.03828125
2 0.1734375 0.07109375 0.046875 0.028125
2 0.16328125 0.0296875 0.05234375 0.02421875
2 0.60390625 0.49609375 0.00625 0.02109375
2 0.6234375 0.49609375 0.00625 0.02109375
2 0.784375 0.56328125 0.15625 0.13359375
2 0.7984375 0.034375 0.0578125 0.03359375
2 0.8359375 0.0328125 0.01953125 0.03125
2 0.85546875 0.03203125 0.01796875 0.03203125
2 0.14453125 0.06875 0.01015625 0.01796875
2 0.14375 0.1046875 0.00859375 0.015625
2 0.14375 0.1421875 0.00859375 0.015625
2 0.14375 0.17421875 0.00859375 0.015625
2 0.14375 0.2125 0.00859375 0.015625
2 0.14375 0.25 0.00859375 0.015625
2 0.14375 0.2875 0.00859375 0.015625
2 0.14375 0.32578125 0.00859375 0.015625
2 0.14375 0.36328125 0.00859375 0.015625
2 0.17890625 0.41796875 0.1015625 0.04609375
2 0.734375 0.890625 0.03359375 0.02421875
2 0.7671875 0.890625 0.03359375 0.02421875
2 0.8015625 0.890625 0.03359375 0.02421875
2 0.8359375 0.890625 0.03359375 0.02421875
2 0.734375 0.9484375 0.03359375 0.02421875
2 0.7671875 0.9484375 0.03359375 0.02421875
2 0.8015625 0.9484375 0.03359375 0.02421875
2 0.8359375 0.9484375 0.03359375 0.02421875
6 0.43828125 0.03046875 0.2859375 0.03828125
6 0.2921875 0.6796875 0.10625 0.03828125
2 0.3609375 0.6796875 0.0296875 0.03828125
6 0.30703125 0.771875 0.146875 0.0265625
2 0.54375 0.75625 0.303125 0.334375
2 0.54375 0.97578125 0.3046875 0.0484375