2 0.2515625 0.49609375 0.0359375 0.03828125
2 0.29453125 0.49609375 0.05 0.03828125
2 0.35 0.49609375 0.0609375 0.03828125
2 0.784375 0.11015625 0.13515625 0.03671875
2 0.359375 0.74453125 0.03125 0.01796875
2 0.54375 0.18046875 0.303125 0.346875
2 0.46484375 0.49453125 0.14609375 0.2234375
2 0.621875 0.49375 0.14609375 0.22109375
2 0.46484375 0.74296875 0.14609375 0.2203125
2 0.621875 0.74296875 0.14609375 0.2203125
2 0.784375 0.38203125 0.15625 0.22734375
2 0.784375 0.63828125 0.15625 0.22578125
2 0.784375 0.89140625 0.15625 0.2171875
2 0.36796875 0.64296875 0.02578125 0.03515625
2 0.734375 0.0078125 0.03359375 0.015625
2 0.7671875 0.0078125 0.03359375 0.015625
2 0.8015625 0.0078125 0.03359375 0.015625
2 0.8359375 0.0078125 0.03359375 0.015625
2 0.734375 0.0609375 0.03359375 0.02421875
2 0.7671875 0.0609375 0.03359375 0.02421875
2 0.8015625 0.0609375 0.03359375 0.02421875
2 0.8359375 0.0609375 0.03359375 0.02421875
6 0.29453125 0.6421875 0.121875 0.03671875
6 0.30703125 0.08203125 0.146875 0.0265625
6 0.30703125 0.30234375 0.146875 0.0265625
6 0.30703125 0.82734375 0.146875 0.0265625
2 0.54296875 0.940625 0.3046875 0.11796875
2 0.34609375 0.64140625 0.00859375 0.01640625