2 0.11796875 0.40390625 0.1421875 0.03125
2 0.38125 0.78359375 0.56015625 0.146875
2 0.15859375 0.9515625 0.115625 0.02421875
2 0.1984375 0.21875 0.303125 0.10546875
2 0.09765625 0.3125 0.10078125 0.084375
2 0.17578125 0.3125 0.05546875 0.084375
2 0.23671875 0.3125 0.0671875 0.084375
2 0.296875 0.3125 0.05546875 0.084375
2 0.3640625 0.3125 0.0796875 0.084375
2 0.43515625 0.3125 0.0625 0.084375
2 0.5015625 0.3125 0.06953125 0.084375
2 0.5625 0.3125 0.05078125 0.084375
2 0.6078125 0.3125 0.04296875 0.084375
2 0.65390625 0.3125 0.05078125 0.084375
2 0.709375 0.3125 0.06015625 0.084375
2 0.7921875 0.3125 0.1078125 0.084375
2 0.6765625 0.3125 0.0453125 0.084375
2 0.7671875 0.3125 0.13671875 0.084375
2 0.1984375 0.92890625 0.0984375 0.06484375
2 0.296875 0.92890625 0.0984375 0.06484375
2 0.44609375 0.98203125 0.103125 0.0265625
2 0.55625 0.98203125 0.09609375 0.0265625