2 0.08125 0.0296875 0.04765625 0.0578125
2 0.134375 0.0296875 0.0578125 0.0578125
2 0.22421875 0.0296875 0.1234375 0.0578125
2 0.31171875 0.0296875 0.05234375 0.0578125
2 0.3890625 0.16640625 0.021875 0.0390625
2 0.4140625 0.16640625 0.021875 0.0390625
2 0.7609375 0.29296875 0.021875 0.0390625
2 0.7859375 0.29296875 0.021875 0.0390625
2 0.809375 0.29296875 0.021875 0.0390625
2 0.83359375 0.29296875 0.021875 0.0390625
2 0.98671875 0.03125 0.0265625 0.03671875
2 0.77734375 0.17578125 0.07265625 0.0390625
2 0.0296875 0.05546875 0.03828125 0.07421875
2 0.5375 0.553125 0.25390625 0.32734375
2 0.221875 0.1671875 0.04921875 0.0234375
2 0.4375 0.16640625 0.021875 0.0390625
6 0.909375 0.0296875 0.128125 0.0375
2 0.7921875 0.6484375 0.09140625 0.62109375
2 0.84375 0.34609375 0.009375 0.02109375