2 0.175 0.0296875 0.115625 0.059375
2 0.26328125 0.0296875 0.0609375 0.059375
2 0.7203125 0.0296875 0.125 0.059375
2 0.84765625 0.0296875 0.1328125 0.059375
2 0.94375 0.0296875 0.059375 0.059375
2 0.6078125 0.0296875 0.103125 0.059375
2 0.19609375 0.1140625 0.34140625 0.053125
6 0.8375 0.115625 0.27421875 0.040625
2 0.05546875 0.2234375 0.06015625 0.0484375
2 0.1359375 0.2234375 0.08671875 0.0484375
2 0.25234375 0.2234375 0.12734375 0.0484375
2 0.35703125 0.2234375 0.0625 0.0484375
2 0.46640625 0.2234375 0.13671875 0.0484375
2 0.5953125 0.2234375 0.103125 0.0484375
2 0.67578125 0.2234375 0.03828125 0.0484375
2 0.75703125 0.2234375 0.10546875 0.0484375
2 0.8859375 0.2234375 0.134375 0.0484375
2 0.37890625 0.60546875 0.70703125 0.62265625
2 0.86328125 0.4421875 0.22109375 0.2984375
2 0.86328125 0.765625 0.22109375 0.2984375
2 0.25859375 0.9703125 0.46640625 0.0578125
2 0.62109375 0.9703125 0.2234375 0.0578125
2 0.8640625 0.9703125 0.2234375 0.0578125