2 0.18671875 0.28515625 0.04765625 0.06328125
2 0.2328125 0.28515625 0.0453125 0.06328125
2 0.290625 0.28515625 0.06953125 0.06328125
2 0.36484375 0.28515625 0.07890625 0.06328125
2 0.44453125 0.28515625 0.08046875 0.06328125
2 0.5078125 0.28515625 0.046875 0.06328125
2 0.22734375 0.728125 0.11640625 0.05234375
2 0.9109375 0.52890625 0.0328125 0.059375
2 0.1796875 0.02421875 0.01640625 0.0296875
2 0.1953125 0.02421875 0.01640625 0.0296875
2 0.2125 0.02421875 0.01640625 0.0296875
2 0.80546875 0.44296875 0.0234375 0.04296875
2 0.8359375 0.440625 0.025 0.04140625
2 0.86640625 0.44140625 0.02421875 0.04375
6 0.81875 0.52890625 0.1515625 0.0609375