2 0.06484375 0.04921875 0.125 0.05546875
6 0.1609375 0.025 0.0140625 0.0171875
6 0.28984375 0.025 0.0140625 0.0171875
2 0.68984375 0.025 0.01953125 0.0265625
6 0.42421875 0.06875 0.55078125 0.04296875
2 0.6140625 0.06875 0.0265625 0.01953125
6 0.66796875 0.06875 0.0625 0.04296875
6 0.1609375 0.11171875 0.0140625 0.0171875
6 0.26171875 0.11171875 0.0140625 0.0171875
6 0.34609375 0.11171875 0.0140625 0.0171875
6 0.4265625 0.11171875 0.0140625 0.0171875
2 0.8078125 0.05390625 0.17578125 0.08203125
2 0.946875 0.05390625 0.0984375 0.08203125
2 0.859375 0.11328125 0.0171875 0.021875
2 0.88125 0.11328125 0.0171875 0.021875
2 0.9046875 0.11328125 0.0171875 0.021875
2 0.928125 0.11328125 0.0171875 0.021875
2 0.99140625 0.21171875 0.0171875 0.021875
2 0.553125 0.9390625 0.01953125 0.03359375
2 0.95703125 0.43984375 0.01953125 0.03359375
2 0.95703125 0.69453125 0.01953125 0.03359375
2 0.79296875 0.97578125 0.35078125 0.021875