2 0.8671875 0.18515625 0.08671875 0.0265625
2 0.99140625 0.21171875 0.015625 0.021875
6 0.21484375 0.025 0.12109375 0.0171875
6 0.31328125 0.025 0.059375 0.0171875
2 0.68984375 0.025 0.01875 0.025
2 0.259375 0.35703125 0.00859375 0.02578125
2 0.95703125 0.43984375 0.01953125 0.03359375
2 0.5515625 0.44140625 0.01640625 0.03359375
2 0.57109375 0.44140625 0.01640625 0.03125
2 0.040625 0.44296875 0.02109375 0.03671875
2 0.18515625 0.44375 0.015625 0.03515625
2 0.065625 0.04921875 0.125 0.0546875
2 0.8078125 0.05390625 0.17578125 0.08203125
2 0.946875 0.05390625 0.09765625 0.08203125
2 0.18515625 0.53515625 0.0109375 0.02578125
2 0.16484375 0.53671875 0.0171875 0.0296875
2 0.6140625 0.06875 0.0265625 0.01953125
6 0.42421875 0.06875 0.55 0.04140625
2 0.6671875 0.06875 0.0625 0.04140625
2 0.95703125 0.6953125 0.01953125 0.03359375
2 0.5765625 0.70390625 0.01484375 0.0234375
2 0.56015625 0.70625 0.01796875 0.0203125
2 0.47109375 0.84921875 0.19375 0.03984375
2 0.51015625 0.93671875 0.02109375 0.03203125
2 0.53125 0.9375 0.01875 0.0296875
2 0.553125 0.9390625 0.01953125 0.03359375
2 0.571875 0.9390625 0.01640625 0.03125
2 0.8765625 0.97109375 0.184375 0.03203125
6 0.20078125 0.1109375 0.09296875 0.0171875
6 0.29375 0.1109375 0.078125 0.0171875
6 0.37578125 0.1109375 0.071875 0.0171875
6 0.44296875 0.1109375 0.0453125 0.0171875
2 0.85859375 0.1125 0.01640625 0.021875
2 0.88125 0.1125 0.01640625 0.021875
2 0.9046875 0.1125 0.01640625 0.021875
2 0.928125 0.1125 0.01640625 0.021875