2 0.6125 0.14609375 0.02265625 0.040625
2 0.6125 0.3453125 0.02265625 0.040625
2 0.73359375 0.35625 0.0078125 0.0140625
2 0.7421875 0.35625 0.0078125 0.0140625
2 0.63203125 0.37578125 0.0078125 0.0140625
2 0.72109375 0.03984375 0.0078125 0.0140625
2 0.63203125 0.065625 0.00859375 0.0171875
2 0.646875 0.065625 0.00859375 0.0171875
2 0.6671875 0.065625 0.00859375 0.0171875
2 0.6234375 0.1125 0.00703125 0.0125
2 0.759375 0.16328125 0.0109375 0.01953125
2 0.7125 0.2390625 0.0078125 0.0140625
2 0.63203125 0.2640625 0.00859375 0.0171875
2 0.646875 0.2640625 0.00859375 0.0171875
2 0.67109375 0.2640625 0.00859375 0.0171875
2 0.6234375 0.3109375 0.00703125 0.0125
2 0.6734375 0.334375 0.0078125 0.0140625
2 0.759375 0.3625 0.0109375 0.01953125
2 0.6875 0.41640625 0.0078125 0.0140625
2 0.63203125 0.440625 0.00859375 0.0171875
2 0.646875 0.440625 0.00859375 0.0171875
2 0.67109375 0.440625 0.00859375 0.0171875
6 0.6828125 0.66171875 0.16875 0.04765625
6 0.6828125 0.721875 0.16875 0.0453125