2 0.16796875 0.0796875 0.27421875 0.15859375
2 0.89921875 0.07578125 0.0984375 0.0484375
2 0.7984375 0.125 0.09609375 0.0265625
2 0.90234375 0.125 0.09140625 0.0265625
2 0.0640625 0.1859375 0.04296875 0.06015625
2 0.14765625 0.1859375 0.0671875 0.06015625
2 0.2609375 0.1859375 0.103125 0.06015625
2 0.3765625 0.1859375 0.06953125 0.06015625
2 0.475 0.1859375 0.06953125 0.06015625
2 0.56015625 0.1859375 0.040625 0.06015625
2 0.63203125 0.1859375 0.0453125 0.06015625
2 0.71015625 0.1859375 0.05078125 0.06015625
2 0.78125 0.1859375 0.03359375 0.06015625
2 0.853125 0.1859375 0.05078125 0.06015625
2 0.9375 0.1859375 0.06015625 0.06015625
2 0.99765625 0.1859375 0.00234375 0.0625
2 0.34375 0.5875 0.60546875 0.53828125
2 0.34375 0.9390625 0.5671875 0.1203125
2 0.73828125 0.38203125 0.1421875 0.12734375
2 0.88828125 0.3703125 0.13671875 0.1109375
2 0.68984375 0.4703125 0.02890625 0.021875
2 0.73828125 0.584375 0.1421875 0.12734375
2 0.88828125 0.571875 0.13671875 0.1109375
2 0.6890625 0.671875 0.0265625 0.021875
2 0.73828125 0.7859375 0.1421875 0.12734375
2 0.88828125 0.77421875 0.13671875 0.1109375
2 0.6890625 0.8734375 0.0265625 0.021875
2 0.73828125 0.96171875 0.14453125 0.07421875
2 0.88828125 0.959375 0.1390625 0.0796875