2 0.1515625 0.353125 0.22109375 0.053125
2 0.3375 0.353125 0.13671875 0.053125
2 0.14921875 0.0359375 0.21640625 0.03828125
6 0.515625 0.0328125 0.2640625 0.01953125
2 0.709375 0.0328125 0.03828125 0.053125
2 0.8484375 0.0328125 0.05546875 0.053125
2 0.9265625 0.0328125 0.06484375 0.053125
2 0.1875 0.40390625 0.29296875 0.03828125
2 0.5 0.40390625 0.29296875 0.03828125
2 0.8125 0.40390625 0.29296875 0.03828125
2 0.0625 0.46171875 0.02421875 0.03359375
2 0.1875 0.63203125 0.29296875 0.29296875
2 0.1390625 0.8296875 0.103125 0.10078125
2 0.28125 0.803125 0.0671875 0.0265625
2 0.275 0.8546875 0.05546875 0.0265625
2 0.375 0.46171875 0.02421875 0.03359375
2 0.5 0.63203125 0.29296875 0.29296875
2 0.4515625 0.8296875 0.103125 0.10078125
2 0.59375 0.803125 0.0671875 0.0265625
2 0.5875 0.8546875 0.05546875 0.0265625
2 0.0625 0.93046875 0.02421875 0.03359375
2 0.1875 0.97578125 0.2953125 0.04296875
2 0.375 0.93046875 0.02421875 0.03359375
2 0.5 0.97578125 0.2953125 0.04296875
2 0.6875 0.93046875 0.02421875 0.03359375
2 0.8125 0.97578125 0.2953125 0.04296875