2 0.709375 0.0328125 0.03984375 0.05234375
2 0.775 0.0328125 0.05390625 0.05234375
2 0.8484375 0.0328125 0.05546875 0.05234375
2 0.9265625 0.0328125 0.0640625 0.05234375
6 0.5 0.034375 0.29296875 0.05234375
2 0.1484375 0.0359375 0.21484375 0.0375
2 0.3328125 0.353125 0.12578125 0.05234375
2 0.14453125 0.35390625 0.20703125 0.05390625
2 0.37578125 0.4609375 0.02421875 0.03359375
2 0.06328125 0.4609375 0.02421875 0.03359375
2 0.5 0.60078125 0.29296875 0.32890625
2 0.1875 0.60703125 0.29296875 0.34375
2 0.28203125 0.803125 0.0671875 0.02578125
2 0.59453125 0.803125 0.0671875 0.02578125
2 0.45 0.821875 0.19609375 0.11015625
2 0.1390625 0.82890625 0.19375 0.1
2 0.275 0.85390625 0.0546875 0.02578125
2 0.5875 0.85390625 0.0546875 0.02578125
2 0.37578125 0.9296875 0.02421875 0.03359375
2 0.06328125 0.9296875 0.02421875 0.03359375
2 0.68828125 0.9296875 0.02421875 0.03359375
2 0.81171875 0.95078125 0.2921875 0.0984375
2 0.1875 0.95234375 0.29296875 0.09453125
2 0.5 0.953125 0.29296875 0.09375