2 0.5 0.96015625 1 0.0765625
2 0.63671875 0.96171875 0.15859375 0.053125
2 0.3484375 0.2078125 0.63671875 0.07421875
2 0.6890625 0.2078125 0.03359375 0.0484375
2 0.72734375 0.2078125 0.0359375 0.0484375
2 0.7671875 0.2078125 0.03359375 0.0484375
2 0.80546875 0.2078125 0.0359375 0.0484375
2 0.8453125 0.2078125 0.03359375 0.0484375
2 0.95703125 0.2078125 0.02421875 0.03125
2 0.04296875 0.86953125 0.0859375 0.0171875
2 0.1421875 0.8703125 0.1109375 0.0171875
2 0.228125 0.94609375 0.45625 0.1046875
2 0.56875 0.93046875 0.115625 0.13671875
2 0.671875 0.8734375 0.0484375 0.021875
2 0.75859375 0.8734375 0.12734375 0.021875
2 0.80859375 0.9484375 0.321875 0.10078125