2 0.225 0.1140625 0.10078125 0.0765625
2 0.31484375 0.1140625 0.08203125 0.0765625
2 0.42578125 0.1140625 0.1421875 0.0765625
2 0.5359375 0.1140625 0.084375 0.0765625
2 0.6140625 0.1140625 0.0765625 0.0765625
2 0.90234375 0.1140625 0.0625 0.0765625
2 0.96640625 0.115625 0.0671875 0.0796875
6 0.10078125 0.28828125 0.15625 0.0671875
2 0.43359375 0.28828125 0.05546875 0.0671875
6 0.67421875 0.28828125 0.42578125 0.0671875
2 0.93125 0.28828125 0.084375 0.0578125
2 0.11171875 0.37734375 0.178125 0.0484375
2 0.303125 0.37734375 0.178125 0.0484375
2 0.49296875 0.37734375 0.178125 0.0484375
2 0.68359375 0.37734375 0.178125 0.0484375
2 0.875 0.37734375 0.18046875 0.0484375
2 0.92421875 0.6890625 0.103125 0.02890625
2 0.92421875 0.853125 0.103125 0.02890625
2 0.953125 0.79453125 0.0171875 0.0265625
2 0.92578125 0.8609375 0.07421875 0.0484375
2 0.85078125 0.97578125 0.15390625 0.0453125