2 0.5 0.0515625 0.12265625 0.05078125
2 0.90390625 0.0515625 0.03828125 0.0484375
2 0.95078125 0.0515625 0.03828125 0.053125
2 0.24296875 0.12109375 0.0671875 0.06015625
2 0.34375 0.12109375 0.11796875 0.06015625
2 0.46875 0.12109375 0.11796875 0.06015625
2 0.56640625 0.12109375 0.06015625 0.06015625
2 0.6296875 0.12109375 0.05078125 0.06015625
2 0.71640625 0.12109375 0.1078125 0.06015625
2 0.9125 0.2203125 0.03125 0.04296875
2 0.5 0.56484375 1 0.47578125
2 0.33515625 0.48828125 0.52421875 0.2453125
2 0.13671875 0.65390625 0.12734375 0.06015625