2 0.7375 0.021875 0.01640625 0.028125
2 0.75859375 0.021875 0.01640625 0.02734375
2 0.753125 0.34296875 0.0265625 0.0515625
2 0.2578125 0.4953125 0.04921875 0.03125
2 0.42890625 0.53125 0.1265625 0.03671875
2 0.75703125 0.53828125 0.01875 0.028125
2 0.65859375 0.546875 0.01796875 0.0296875
2 0.43046875 0.5703125 0.12734375 0.0359375
2 0.42890625 0.609375 0.12734375 0.03359375
6 0.6984375 0.628125 0.09765625 0.01796875
2 0.4296875 0.64765625 0.13046875 0.03203125
2 0.4296875 0.68828125 0.12890625 0.0390625
2 0.625 0.91328125 0.09296875 0.0484375
2 0.74140625 0.91484375 0.0171875 0.02734375
2 0.759375 0.91484375 0.01796875 0.03125
6 0.6234375 0.340625 0.2328125 0.05078125