2 0.5125 0.02890625 0.3125 0.0578125
2 0.3734375 0.0625 0.08828125 0.01015625
2 0.459375 0.0625 0.0828125 0.01015625
2 0.459375 0.0796875 0.0828125 0.021875
2 0.378125 0.12734375 0.078125 0.02890625
2 0.378125 0.17578125 0.078125 0.02890625
2 0.378125 0.22421875 0.078125 0.02890625
2 0.378125 0.271875 0.078125 0.02890625
2 0.3734375 0.35390625 0.08828125 0.115625
2 0.3734375 0.47890625 0.08828125 0.115625
2 0.6625 0.1203125 0.01640625 0.0328125
2 0.46171875 0.2421875 0.078125 0.01015625
2 0.6140625 0.31796875 0.08046875 0.14609375
2 0.46171875 0.4828125 0.078125 0.01015625
2 0.46171875 0.66171875 0.078125 0.01015625
2 0.3734375 0.72578125 0.08828125 0.0140625
2 0.628125 0.72578125 0.05234375 0.0140625
2 0.6625 0.72578125 0.01640625 0.0140625
2 0.5 0.79140625 0.20859375 0.04765625
2 0.390625 0.86796875 0.0625 0.040625
2 0.375 0.91953125 0.01015625 0.01875
2 0.625 0.91953125 0.01015625 0.01875
6 0.584375 0.07890625 0.07578125 0.0203125
6 0.6390625 0.07890625 0.03046875 0.0203125