2 0.5 0.03359375 1 0.0671875
2 0.8953125 0.10078125 0.1703125 0.04296875
2 0.07421875 0.15 0.1109375 0.1515625
2 0.1625 0.16953125 0.06015625 0.06484375
2 0.228125 0.16953125 0.06953125 0.06484375
2 0.30390625 0.16953125 0.08203125 0.06484375
2 0.3859375 0.16953125 0.08671875 0.06484375
2 0.49140625 0.16953125 0.12734375 0.06484375
2 0.58515625 0.16953125 0.0625 0.06484375
2 0.6515625 0.16953125 0.071875 0.06484375
2 0.74765625 0.16953125 0.1203125 0.06484375
2 0.2296875 0.50703125 0.4203125 0.4203125
2 0.5578125 0.39765625 0.2015625 0.2015625
2 0.5578125 0.6203125 0.2015625 0.2015625
2 0.3390625 0.84765625 0.2015625 0.2015625
2 0.5578125 0.84765625 0.2015625 0.2015625
2 0.1203125 0.9859375 0.2015625 0.0265625
2 0.44921875 0.9859375 0.4234375 0.0265625