2 0.515625 0.4109375 0.00234375 0.00234375
2 0.515625 0.43046875 0.00234375 0.00234375
6 0.8265625 0.46875 0.18046875 0.03828125
2 0.06953125 0.63203125 0.11328125 0.0984375
2 0.1921875 0.63203125 0.11328125 0.0984375
2 0.31484375 0.63203125 0.11328125 0.0984375
2 0.4390625 0.63203125 0.11328125 0.0984375
2 0.5609375 0.63203125 0.11328125 0.0984375
2 0.68359375 0.63203125 0.11328125 0.0984375
2 0.7125 0.71015625 0.00234375 0.00234375
2 0.90625 0.71015625 0.00234375 0.00234375
2 0.90625 0.71015625 0.00234375 0.00234375
2 0.90625 0.71015625 0.00234375 0.00234375
2 0.90625 0.71015625 0.00234375 0.00234375
2 0.90625 0.71015625 0.00234375 0.00234375
2 0.90625 0.71015625 0.00234375 0.00234375
2 0.90625 0.71015625 0.00234375 0.00234375