2 0.5 0.0328125 1 0.0625
2 0.640625 0.15390625 0.084375 0.05078125
2 0.734375 0.15390625 0.09375 0.05078125
2 0.83046875 0.15390625 0.08671875 0.05078125
2 0.9359375 0.15390625 0.08203125 0.05546875
2 0.13671875 0.234375 0.22578125 0.0625
2 0.37890625 0.234375 0.22578125 0.0625
2 0.62109375 0.234375 0.22578125 0.0625
2 0.86328125 0.234375 0.22578125 0.0625
2 0.13671875 0.3171875 0.22578125 0.0625
2 0.37890625 0.3171875 0.22578125 0.0625
2 0.62109375 0.3171875 0.22578125 0.0625
2 0.86328125 0.3171875 0.22578125 0.0625
6 0.5 0.6703125 0.771875 0.0796875