2 0.63984375 0.15390625 0.0828125 0.05234375
2 0.734375 0.15390625 0.09375 0.05234375
2 0.83046875 0.15390625 0.08671875 0.05234375
2 0.9359375 0.15390625 0.08125 0.0546875
2 0.13671875 0.234375 0.2265625 0.0625
2 0.37890625 0.234375 0.2265625 0.0625
2 0.62109375 0.234375 0.2265625 0.0625
2 0.86328125 0.234375 0.2265625 0.0625
2 0.13671875 0.31796875 0.2265625 0.0625
2 0.37890625 0.31796875 0.2265625 0.0625
2 0.62109375 0.31796875 0.2265625 0.0625
2 0.86328125 0.31796875 0.2265625 0.0625
6 0.5 0.67265625 0.79765625 0.08046875
2 0.965625 0.0859375 0.02421875 0.0359375