2 0.640625 0.09140625 0.084375 0.053125
2 0.734375 0.09140625 0.09375 0.053125
2 0.83046875 0.09140625 0.08671875 0.053125
2 0.9359375 0.09140625 0.08203125 0.05546875
2 0.13671875 0.171875 0.22578125 0.0625
2 0.37890625 0.171875 0.22578125 0.0625
2 0.62109375 0.171875 0.22578125 0.0625
2 0.86328125 0.171875 0.22578125 0.0625
2 0.13671875 0.2546875 0.22578125 0.0625
2 0.37890625 0.2546875 0.22578125 0.0625
2 0.62109375 0.2546875 0.22578125 0.0625
2 0.86328125 0.2546875 0.22578125 0.0625
6 0.5 0.6078125 0.771875 0.0796875