2 0.4328125 0.06015625 0.028125 0.03203125
2 0.4671875 0.06015625 0.040625 0.03203125
2 0.5046875 0.06015625 0.034375 0.03203125
2 0.540625 0.06015625 0.0359375 0.03203125
2 0.57890625 0.06015625 0.040625 0.03203125
2 0.6125 0.06015625 0.0265625 0.03203125
2 0.6484375 0.06015625 0.0453125 0.03203125
2 0.6875 0.06015625 0.03359375 0.03203125
2 0.715625 0.06015625 0.02265625 0.03203125
2 0.315625 0.52734375 0.0703125 0.0515625
2 0.3921875 0.52734375 0.0703125 0.05234375
2 0.46953125 0.52734375 0.0703125 0.0515625
2 0.54609375 0.525 0.0703125 0.0484375
2 0.35546875 0.590625 0.0703125 0.04765625
2 0.4328125 0.590625 0.0703125 0.0484375
2 0.509375 0.59140625 0.0703125 0.05
2 0.3265625 0.0859375 0.09921875 0.05234375
2 0.3015625 0.78203125 0.06328125 0.11796875
2 0.36640625 0.78125 0.0625 0.11875
2 0.42890625 0.78125 0.05859375 0.115625
2 0.49140625 0.77890625 0.0625 0.1140625
2 0.55234375 0.77890625 0.0625 0.11640625
2 0.30234375 0.91015625 0.0625 0.121875
2 0.365625 0.90859375 0.06171875 0.12109375
2 0.42734375 0.909375 0.0625 0.11953125
2 0.490625 0.90859375 0.0640625 0.1234375
2 0.553125 0.90859375 0.0625 0.12109375
6 0.6625 0.5984375 0.1140625 0.0265625
6 0.6625 0.6640625 0.1140625 0.0265625
6 0.6625 0.72890625 0.1140625 0.0265625
2 0.625 0.95078125 0.040625 0.03203125
2 0.0484375 0.68671875 0.09296875 0.07421875
6 0.66171875 0.846875 0.11328125 0.1375
2 0.66171875 0.5296875 0.11328125 0.0375