2 0.20078125 0.02890625 0.06484375 0.0578125
2 0.26953125 0.02890625 0.06953125 0.0578125
2 0.35 0.02890625 0.08671875 0.0578125
2 0.453125 0.02890625 0.11796875 0.0578125
2 0.5421875 0.02890625 0.0578125 0.0578125
2 0.60546875 0.02890625 0.06953125 0.0578125
2 0.6734375 0.02890625 0.0625 0.0578125
2 0.76796875 0.02734375 0.03125 0.04296875
2 0.79921875 0.02734375 0.03125 0.04296875
2 0.85078125 0.02890625 0.071875 0.0578125
2 0.93359375 0.02890625 0.09140625 0.0578125
2 0.81015625 0.0875 0.12265625 0.03828125
6 0.4859375 0.0875 0.4421875 0.0359375
6 0.7234375 0.0875 0.03359375 0.0359375
2 0.07421875 0.27890625 0.0796875 0.0359375
2 0.1703125 0.27890625 0.0890625 0.0359375
2 0.0640625 0.5484375 0.0796875 0.05546875
2 0.14296875 0.5484375 0.0796875 0.05546875
2 0.2234375 0.5484375 0.0796875 0.05546875
2 0.303125 0.5484375 0.0796875 0.05546875
2 0.38359375 0.5484375 0.0796875 0.05546875
2 0.4640625 0.5484375 0.0796875 0.05546875
2 0.5421875 0.5484375 0.0796875 0.05546875
2 0.62265625 0.5484375 0.0796875 0.05546875
2 0.703125 0.5484375 0.0796875 0.05546875
2 0.7828125 0.5484375 0.0796875 0.05546875
2 0.86328125 0.5484375 0.0796875 0.05546875
2 0.9421875 0.5484375 0.0796875 0.05546875
2 0.50234375 0.79453125 0.95703125 0.4015625
2 0.95546875 0.62265625 0.03359375 0.02890625
2 0.0921875 0.9515625 0.10546875 0.03828125