6 0.60703125 0.07421875 0.18515625 0.0484375
6 0.80625 0.07421875 0.18515625 0.0484375
2 0.94921875 0.06015625 0.071875 0.05078125
2 0.75 0.55625 0.37265625 0.05078125
2 0.75 0.6265625 0.37265625 0.05078125
2 0.05546875 0.93046875 0.05078125 0.0265625
2 0.1203125 0.93046875 0.08671875 0.0265625
2 0.1875 0.93046875 0.05078125 0.0265625
2 0.25703125 0.93046875 0.09375 0.0265625
2 0.334375 0.93046875 0.06015625 0.0265625
2 0.3953125 0.93046875 0.0625 0.0265625
2 0.44609375 0.93046875 0.040625 0.0265625
2 0.49140625 0.93046875 0.053125 0.0265625
2 0.5375 0.93046875 0.04296875 0.0265625
2 0.5828125 0.93046875 0.05078125 0.0265625
2 0.640625 0.93046875 0.06953125 0.0265625
2 0.709375 0.93046875 0.06953125 0.0265625
2 0.78515625 0.93046875 0.08203125 0.0265625
2 0.8640625 0.93046875 0.08203125 0.0265625
2 0.9359375 0.93046875 0.06484375 0.0265625
2 0.4359375 0.9671875 0.0625 0.0265625