2 0.58671875 0.03203125 0.0125 0.02265625
2 0.6046875 0.03203125 0.0125 0.02265625
2 0.621875 0.03203125 0.0125 0.02265625
2 0.63984375 0.03203125 0.0125 0.02265625
2 0.6578125 0.03203125 0.0125 0.02265625
2 0.30078125 0.11796875 0.06953125 0.04375
2 0.37421875 0.11796875 0.078125 0.04375
2 0.4546875 0.11796875 0.08359375 0.04375
2 0.540625 0.11796875 0.08828125 0.04375
2 0.6203125 0.11796875 0.07265625 0.04375
2 0.69375 0.11796875 0.07265625 0.04375
2 0.33359375 0.03203125 0.1359375 0.0546875
2 0.49921875 0.33984375 0.46875 0.38359375
2 0.3046875 0.540625 0.05390625 0.096875
2 0.3828125 0.540625 0.05390625 0.096875
2 0.4609375 0.540625 0.05390625 0.096875
2 0.5390625 0.540625 0.05390625 0.096875
2 0.6171875 0.540625 0.05390625 0.096875
2 0.6953125 0.540625 0.05390625 0.096875
2 0.3390625 0.721875 0.13828125 0.1671875
2 0.4921875 0.721875 0.13828125 0.165625
2 0.6453125 0.721875 0.13828125 0.165625
6 0.703125 0.0359375 0.06171875 0.0140625
2 0.3015625 0.34375 0.0265625 0.05625
2 0.69765625 0.34609375 0.0265625 0.0546875
2 0.490625 0.49140625 0.01015625 0.01953125
2 0.50078125 0.4921875 0.00859375 0.01875
2 0.50859375 0.4921875 0.00625 0.0171875