2 0.26328125 0.0578125 0.03828125 0.0453125
2 0.3015625 0.0578125 0.0375 0.0453125
2 0.34453125 0.0578125 0.05 0.0453125
2 0.39375 0.0578125 0.04765625 0.0453125
2 0.4390625 0.0578125 0.04375 0.0453125
2 0.48125 0.0578125 0.03984375 0.0453125
2 0.51796875 0.0578125 0.03359375 0.0453125
2 0.5515625 0.0578125 0.0328125 0.0453125
2 0.5 0.0078125 0.05078125 0.01171875
2 0.22578125 0.81953125 0.009375 0.01796875
2 0.73984375 0.0578125 0.009375 0.01796875
2 0.50078125 0.22890625 0.09921875 0.075
2 0.4359375 0.42265625 0.009375 0.01796875
2 0.496875 0.42265625 0.009375 0.01796875
2 0.55703125 0.42265625 0.009375 0.01796875
2 0.4359375 0.490625 0.009375 0.01796875
2 0.496875 0.48984375 0.009375 0.01796875
2 0.55703125 0.48984375 0.009375 0.01796875
2 0.22578125 0.73125 0.009375 0.01796875
2 0.22578125 0.76015625 0.009375 0.01796875
2 0.22578125 0.78984375 0.009375 0.01796875
2 0.22578125 0.84921875 0.009375 0.01796875
6 0.7125 0.0578125 0.06796875 0.02109375
2 0.740625 0.0578125 0.0109375 0.02109375
6 0.2609375 0.6921875 0.07890625 0.02109375
2 0.315625 0.6921875 0.03203125 0.02109375