2 0.25078125 0.08984375 0.1015625 0.1796875
2 0.796875 0.0515625 0.01640625 0.0296875
2 0.3453125 0.13515625 0.07265625 0.053125
2 0.4171875 0.1359375 0.07265625 0.053125
2 0.490625 0.1359375 0.07265625 0.053125
2 0.5640625 0.1359375 0.07265625 0.053125
2 0.63671875 0.13515625 0.07265625 0.053125
2 0.709375 0.1359375 0.07265625 0.053125
2 0.7046875 0.890625 0.00703125 0.0296875
2 0.721875 0.890625 0.01015625 0.0296875
2 0.7421875 0.890625 0.01015625 0.0296875
2 0.7609375 0.890625 0.01015625 0.0296875
2 0.78046875 0.890625 0.01015625 0.0296875
2 0.8 0.890625 0.01015625 0.0296875
2 0.734375 0.9640625 0.140625 0.03515625
2 0.78125 0.05078125 0.01015625 0.01796875
2 0.2765625 0.8359375 0.16171875 0.059375
6 0.7234375 0.0515625 0.13046875 0.028125