2 0.07578125 0.02109375 0.1046875 0.04140625
2 0.93359375 0.02109375 0.0859375 0.04140625
2 0.89921875 0.38515625 0.15703125 0.21015625
2 0.6765625 0.38984375 0.17265625 0.2296875
2 0.0859375 0.51953125 0.125 0.04921875
2 0.078125 0.07265625 0.109375 0.06328125
2 0.1921875 0.07265625 0.11875 0.0625
2 0.31171875 0.07265625 0.11875 0.0625
2 0.43515625 0.07265625 0.128125 0.0625
2 0.55703125 0.07265625 0.11640625 0.0625
6 0.8828125 0.07265625 0.1875 0.04921875
2 0.9578125 0.07265625 0.03125 0.04140625