2 0.84140625 0.0203125 0.08203125 0.0265625
2 0.9328125 0.0203125 0.08203125 0.0265625
2 0.30078125 0.08203125 0.040625 0.09140625
2 0.3953125 0.08203125 0.0796875 0.09140625
2 0.5015625 0.08203125 0.06484375 0.09140625
2 0.5890625 0.08203125 0.04296875 0.09140625
2 0.703125 0.08203125 0.11796875 0.09140625
2 0.83203125 0.08203125 0.07421875 0.09140625
2 0.93515625 0.08203125 0.06484375 0.09140625
2 0.084375 0.74296875 0.1109375 0.17578125
2 0.21875 0.74296875 0.1109375 0.17578125
2 0.353125 0.74296875 0.1078125 0.17578125
2 0.48828125 0.74296875 0.1078125 0.17578125
2 0.62265625 0.74296875 0.1109375 0.17578125
2 0.75703125 0.74296875 0.1109375 0.17578125
2 0.45078125 0.896875 0.03828125 0.01953125
2 0.24375 0.9671875 0.45703125 0.0625
2 0.7671875 0.91796875 0.040625 0.01953125
2 0.81015625 0.91796875 0.040625 0.01953125
2 0.85546875 0.91796875 0.040625 0.01953125
2 0.89921875 0.91796875 0.040625 0.01953125
2 0.94375 0.91796875 0.03828125 0.01953125
2 0.73671875 0.9671875 0.4546875 0.0625