2 0.49765625 0.03359375 0.67578125 0.0359375
2 0.978125 0.03359375 0.01171875 0.0625
2 0.39296875 0.1296875 0.1078125 0.0484375
2 0.52421875 0.1296875 0.09609375 0.0484375
2 0.66953125 0.1296875 0.1390625 0.0484375
2 0.79921875 0.1296875 0.05546875 0.0484375
2 0.9046875 0.1296875 0.12734375 0.04296875
2 0.13125 0.46171875 0.21640625 0.06484375
2 0.18984375 0.9828125 0.23828125 0.02890625
2 0.43515625 0.9828125 0.23828125 0.02890625
2 0.68125 0.9828125 0.23828125 0.02890625
2 0.90390625 0.9828125 0.18984375 0.02890625
2 0.97109375 0.9828125 0.0578125 0.02890625
2 0.5 0.81640625 0.2359375 0.0625