2 0.1671875 0.02421875 0.02109375 0.03828125
2 0.1953125 0.02421875 0.02109375 0.03828125
2 0.2234375 0.02421875 0.02109375 0.03828125
2 0.2515625 0.02421875 0.02109375 0.03828125
2 0.2796875 0.02421875 0.02109375 0.03828125
2 0.30859375 0.02421875 0.02109375 0.03828125
2 0.33671875 0.02421875 0.02109375 0.03828125
2 0.8296875 0.025 0.02578125 0.0390625
2 0.5015625 0.09453125 0.0421875 0.09453125
2 0.5546875 0.09296875 0.06328125 0.09453125
2 0.61953125 0.09453125 0.065625 0.09453125
2 0.6796875 0.09453125 0.05546875 0.09453125
2 0.740625 0.09453125 0.0671875 0.09453125
2 0.7953125 0.09453125 0.040625 0.09453125
2 0.83828125 0.09453125 0.046875 0.09453125
2 0.6 0.49765625 0.01953125 0.03203125
2 0.30625 0.0953125 0.30546875 0.03125
2 0.7828125 0.890625 0.12578125 0.10859375
6 0.5 0.49765625 0.2203125 0.03203125