2 0.4984375 0.1046875 0.0515625 0.09296875
2 0.43828125 0.2484375 0.03515625 0.0265625
2 0.425 0.46796875 0.028125 0.03125
2 0.453125 0.46796875 0.02734375 0.03125
2 0.4828125 0.46796875 0.028125 0.03125
2 0.5125 0.46796875 0.028125 0.03125
2 0.5421875 0.46796875 0.028125 0.03125
2 0.571875 0.46796875 0.02734375 0.03125
2 0.4984375 0.50390625 0.09453125 0.0140625
2 0.4984375 0.9078125 0.10390625 0.04765625
2 0.4484375 0.9640625 0.075 0.03359375
2 0.49921875 0.9640625 0.02578125 0.03359375
2 0.55 0.9640625 0.0703125 0.03359375
6 0.48359375 0.27109375 0.125 0.01796875
2 0.56171875 0.27109375 0.02734375 0.01796875