2 0.7921875 0.025 0.028125 0.05
2 0.25625 0.19375 0.040625 0.0390625
2 0.31875 0.196875 0.08515625 0.0390625
2 0.39921875 0.19375 0.0734375 0.0390625
2 0.459375 0.19453125 0.046875 0.0390625
2 0.7125 0.19375 0.02734375 0.0390625
2 0.753125 0.19296875 0.05078125 0.0390625
2 0.2046875 0.025 0.084375 0.0421875
2 0.2484375 0.11171875 0.0515625 0.09296875
2 0.83125 0.02421875 0.02734375 0.0484375
6 0.6421875 0.0921875 0.08984375 0.03125
6 0.7328125 0.0921875 0.08984375 0.03125
2 0.76015625 0.13203125 0.0359375 0.03359375