2 0.31953125 0.04921875 0.0640625 0.04765625
2 0.3875 0.04921875 0.06640625 0.04765625
2 0.453125 0.04921875 0.0609375 0.04765625
2 0.5140625 0.04921875 0.05546875 0.04765625
2 0.57109375 0.04921875 0.05546875 0.04765625
2 0.27109375 0.396875 0.0359375 0.0453125
2 0.315625 0.396875 0.04765625 0.0453125
2 0.3734375 0.396875 0.06875 0.0453125
2 0.43125 0.396875 0.04765625 0.0453125
2 0.47890625 0.396875 0.04765625 0.0453125
2 0.525 0.396875 0.0453125 0.0453125
2 0.5671875 0.396875 0.0390625 0.0453125
2 0.61328125 0.396875 0.05234375 0.0453125
2 0.665625 0.396875 0.0515625 0.0453125
2 0.7171875 0.396875 0.05234375 0.0453125
2 0.7671875 0.04921875 0.06015625 0.04765625
2 0.72734375 0.04765625 0.0140625 0.01796875
2 0.24453125 0.053125 0.07890625 0.0421875
2 0.678125 0.57265625 0.2359375 0.2390625
2 0.2703125 0.88125 0.134375 0.11796875
2 0.4234375 0.88125 0.134375 0.11796875
2 0.5765625 0.88125 0.134375 0.11796875
2 0.7296875 0.88125 0.134375 0.11796875
6 0.690625 0.04765625 0.05703125 0.028125