6 0.45703125 0.025 0.1921875 0.0265625
2 0.61328125 0.02421875 0.06953125 0.0484375
2 0.734375 0.02265625 0.0890625 0.03359375
2 0.82578125 0.02265625 0.0890625 0.03359375
2 0.91484375 0.02265625 0.0890625 0.03359375
2 0.10234375 0.1296875 0.11328125 0.13203125
2 0.29921875 0.09140625 0.28828125 0.05546875
2 0.21640625 0.1578125 0.1078125 0.05546875
2 0.33984375 0.1578125 0.1390625 0.05546875
2 0.49609375 0.1578125 0.1734375 0.05546875
2 0.64453125 0.1578125 0.12265625 0.05546875
2 0.75703125 0.1578125 0.103125 0.05546875
2 0.87734375 0.1578125 0.13671875 0.05546875