2 0.33671875 0.046875 0.12890625 0.06875
2 0.63671875 0.58046875 0.03515625 0.059375
2 0.70625 0.58046875 0.03515625 0.059375
6 0.4015625 0.58125 0.24453125 0.03203125
2 0.54375 0.58125 0.0421875 0.03203125
2 0.6015625 0.58125 0.0359375 0.059375
2 0.671875 0.58125 0.0359375 0.059375
2 0.290625 0.1203125 0.05 0.05078125
2 0.33671875 0.1203125 0.0421875 0.05078125
2 0.3828125 0.1203125 0.05 0.05078125
2 0.43046875 0.1203125 0.0453125 0.05078125
2 0.48125 0.1203125 0.0546875 0.05078125
2 0.5359375 0.1203125 0.05546875 0.05078125
2 0.65703125 0.1203125 0.028125 0.05078125
2 0.68515625 0.1203125 0.028125 0.05078125
2 0.7171875 0.1203125 0.03515625 0.05078125