2 0.6515625 0.0234375 0.0109375 0.01796875
2 0.678125 0.0234375 0.0109375 0.01796875
2 0.703125 0.0234375 0.00703125 0.01796875
2 0.753125 0.0234375 0.00703125 0.01796875
2 0.2796875 0.29375 0.01015625 0.0265625
2 0.3625 0.29375 0.01015625 0.0265625
2 0.421875 0.29375 0.01015625 0.0265625
2 0.29609375 0.4890625 0.165625 0.2671875
2 0.4640625 0.4890625 0.165625 0.2671875
2 0.765625 0.71796875 0.0421875 0.05234375
6 0.478125 0.721875 0.5296875 0.065625
2 0.63125 0.84609375 0.00625 0.03203125
2 0.65234375 0.84609375 0.0125 0.03203125
2 0.6734375 0.84609375 0.0125 0.03203125
2 0.69375 0.84609375 0.01015625 0.03203125
2 0.7140625 0.84609375 0.0125 0.03203125
2 0.73515625 0.84609375 0.0125 0.03203125
2 0.75625 0.84609375 0.01015625 0.03203125
2 0.7765625 0.84609375 0.0125 0.03203125
2 0.24921875 0.15703125 0.071875 0.0828125
2 0.7609375 0.15703125 0.0515625 0.11328125