2 0.5625 0.0375 0.18984375 0.05078125
2 0.96640625 0.03984375 0.06484375 0.0796875
2 0.6 0.09140625 0.03828125 0.03359375
2 0.665625 0.09140625 0.0453125 0.03359375
2 0.7328125 0.09140625 0.04296875 0.03359375
2 0.8015625 0.09140625 0.0484375 0.03359375
2 0.86171875 0.09140625 0.02421875 0.03359375
2 0.928125 0.0953125 0.08203125 0.03359375
2 0.23203125 0.16484375 0.4015625 0.103125
2 0.6296875 0.17421875 0.15859375 0.05078125
2 0.78828125 0.17421875 0.1421875 0.053125
2 0.91953125 0.17421875 0.0984375 0.05078125
2 0.9015625 0.2859375 0.19453125 0.0984375
2 0.38359375 0.9421875 0.678125 0.11328125
2 0.85234375 0.9421875 0.20703125 0.11328125
2 0.9484375 0.415625 0.05546875 0.07421875