2 0.2203125 0.1546875 0.0640625 0.07578125
2 0.2859375 0.1546875 0.065625 0.07578125
2 0.35078125 0.1546875 0.065625 0.07578125
2 0.4234375 0.1546875 0.08046875 0.07578125
2 0.5078125 0.1546875 0.08671875 0.07578125
2 0.60625 0.1546875 0.11171875 0.07578125
2 0.69921875 0.1546875 0.07265625 0.07578125
2 0.25390625 0.05859375 0.1125 0.0578125
6 0.8234375 0.0625 0.1421875 0.0296875
2 0.903125 0.0625 0.01640625 0.0296875
2 0.79140625 0.6609375 0.21796875 0.05234375
2 0.3078125 0.6609375 0.21875 0.05234375
2 0.55 0.6609375 0.21875 0.05234375
2 0.22890625 0.940625 0.0625 0.059375
2 0.29375 0.940625 0.06796875 0.059375