2 0.80234375 0.18046875 0.01953125 0.0296875
2 0.2625 0.18046875 0.17421875 0.1234375
6 0.7546875 0.18046875 0.11640625 0.03203125
2 0.78046875 0.29609375 0.06328125 0.0453125
2 0.2328125 0.296875 0.08984375 0.084375
2 0.34375 0.296875 0.07734375 0.084375
2 0.4421875 0.296875 0.06640625 0.084375
2 0.53359375 0.296875 0.0609375 0.084375
2 0.6203125 0.296875 0.05703125 0.084375
2 0.6984375 0.29765625 0.0453125 0.084375
2 0.253125 0.6359375 0.12890625 0.0546875
2 0.4546875 0.671875 0.23203125 0.23203125
2 0.253125 0.73203125 0.13046875 0.0546875
2 0.290625 0.075 0.05234375 0.0671875
2 0.7015625 0.75546875 0.06640625 0.0453125
2 0.79375 0.07578125 0.0375 0.0671875
2 0.2265625 0.07578125 0.07734375 0.0671875
2 0.33671875 0.07578125 0.03984375 0.0671875
2 0.390625 0.07578125 0.06796875 0.0671875
2 0.60703125 0.07578125 0.05234375 0.0671875
2 0.6546875 0.07578125 0.04296875 0.0671875
2 0.7 0.07578125 0.04609375 0.0671875
2 0.7484375 0.07578125 0.0515625 0.0671875
2 0.253125 0.7875 0.13046875 0.0546875
2 0.253125 0.8421875 0.13046875 0.0546875
2 0.55078125 0.87421875 0.0140625 0.03359375
2 0.35546875 0.87421875 0.01875 0.03828125
2 0.253125 0.89765625 0.13046875 0.0546875
2 0.4546875 0.92109375 0.23203125 0.1578125
2 0.253125 0.953125 0.13046875 0.04609375
2 0.4546875 0.96171875 0.03359375 0.04375