2 0.55 0.175 0.3171875 0.06640625
2 0.81875 0.25625 0.10859375 0.04609375
2 0.278125 0.25625 0.10390625 0.04609375
2 0.39375 0.25625 0.1234375 0.04609375
2 0.5015625 0.25625 0.09140625 0.04609375
2 0.6078125 0.25625 0.1203125 0.04609375
2 0.71640625 0.25625 0.09375 0.04609375
6 0.81953125 0.32109375 0.15859375 0.03828125
2 0.7625 0.3765625 0.04453125 0.0390625
2 0.696875 0.54375 0.05078125 0.02421875
2 0.22890625 0.07421875 0.0625 0.0390625
6 0.7890625 0.08515625 0.11328125 0.04296875
2 0.834375 0.0859375 0.0140625 0.0234375
2 0.696875 0.928125 0.05078125 0.02421875