2 0.06875 0.0328125 0.06015625 0.06484375
2 0.09375 0.0984375 0.1109375 0.06484375
2 0.83515625 0.0984375 0.040625 0.06484375
2 0.9234375 0.1 0.07421875 0.040625
2 0.45078125 0.0984375 0.08203125 0.06484375
2 0.53828125 0.0984375 0.0484375 0.06484375
2 0.63203125 0.0984375 0.09140625 0.06484375
2 0.7328125 0.0984375 0.06484375 0.06484375
2 0.10546875 0.49765625 0.1296875 0.06015625
2 0.2859375 0.49765625 0.18984375 0.06015625
2 0.7453125 0.70703125 0.103125 0.0359375
2 0.3859375 0.8765625 0.23046875 0.2453125
2 0.615625 0.8765625 0.23046875 0.2453125
2 0.8453125 0.8765625 0.23046875 0.2453125
2 0.96171875 0.9484375 0.0484375 0.0625