2 0.06484375 0.20859375 0.02890625 0.0375
2 0.7953125 0.209375 0.01953125 0.03671875
2 0.8296875 0.209375 0.0390625 0.034375
6 0.30859375 0.21015625 0.01328125 0.01953125
2 0.76484375 0.21015625 0.01953125 0.03671875
2 0.32578125 0.2109375 0.01640625 0.02109375
2 0.8734375 0.2109375 0.0359375 0.04921875
2 0.390625 0.21171875 0.02265625 0.0296875
2 0.3578125 0.21171875 0.02421875 0.0265625
2 0.93046875 0.21484375 0.0390625 0.05546875
2 0.1484375 0.23046875 0.11796875 0.0625
2 0.06484375 0.259375 0.0234375 0.0375
2 0.359375 0.271875 0.13359375 0.06484375
2 0.7953125 0.2734375 0.1359375 0.06640625
2 0.6484375 0.27421875 0.14375 0.06640625
2 0.4984375 0.27421875 0.134375 0.06484375
2 0.93125 0.28515625 0.03671875 0.053125
2 0.1796875 0.29921875 0.1921875 0.03671875
2 0.06484375 0.31875 0.0265625 0.040625
2 0.35703125 0.33359375 0.0203125 0.02578125
2 0.82109375 0.33359375 0.01875 0.028125
6 0.30859375 0.33359375 0.01328125 0.0171875
2 0.33203125 0.33359375 0.015625 0.02578125
2 0.58984375 0.334375 0.60078125 0.05
2 0.1796875 0.3390625 0.19375 0.03984375
2 0.93203125 0.3546875 0.03828125 0.053125
2 0.06484375 0.359375 0.02734375 0.0328125
2 0.1796875 0.378125 0.19453125 0.03828125
2 0.58984375 0.38046875 0.60078125 0.04453125
2 0.35703125 0.38125 0.01796875 0.02578125
2 0.33359375 0.38203125 0.01640625 0.02421875
6 0.30859375 0.3828125 0.01171875 0.01953125
2 0.0640625 0.39296875 0.0265625 0.0328125
2 0.1796875 0.41796875 0.19375 0.03984375
2 0.0640625 0.43046875 0.02578125 0.03828125
2 0.55 0.43125 0.03203125 0.0234375
2 0.82109375 0.43125 0.01953125 0.02421875
2 0.35703125 0.43125 0.01796875 0.02734375
2 0.58984375 0.43203125 0.6 0.046875
6 0.30859375 0.4328125 0.01171875 0.0171875
2 0.33359375 0.4328125 0.01796875 0.02578125
2 0.17890625 0.45703125 0.19453125 0.0375
2 0.9296875 0.46328125 0.0328125 0.046875
2 0.06328125 0.47265625 0.02578125 0.03984375
2 0.3328125 0.48046875 0.01953125 0.0265625
2 0.55 0.48125 0.03203125 0.025
2 0.35703125 0.48125 0.01875 0.0265625
6 0.30859375 0.48125 0.0109375 0.01953125
2 0.59140625 0.48125 0.60390625 0.04609375
2 0.17890625 0.49609375 0.19453125 0.03828125
2 0.0640625 0.52265625 0.0265625 0.0375
2 0.590625 0.52890625 0.603125 0.046875
2 0.35703125 0.5296875 0.01796875 0.02421875
2 0.55 0.53046875 0.03125 0.02265625
2 0.3328125 0.53046875 0.01484375 0.02109375
6 0.30859375 0.53125 0.0125 0.01953125
2 0.17890625 0.53515625 0.19375 0.0390625
2 0.0640625 0.5625 0.02734375 0.0359375
2 0.17890625 0.57578125 0.19296875 0.03984375
2 0.35625 0.578125 0.01875 0.025
6 0.30859375 0.5796875 0.01171875 0.02109375
2 0.590625 0.5796875 0.6015625 0.0484375
2 0.3328125 0.58046875 0.01640625 0.02265625
2 0.06484375 0.6 0.02734375 0.03515625
2 0.1796875 0.615625 0.19375 0.03828125
6 0.30859375 0.62734375 0.0109375 0.01953125
2 0.3328125 0.62734375 0.01640625 0.02578125
2 0.5609375 0.62890625 0.0546875 0.025
2 0.35625 0.62890625 0.01953125 0.02421875
2 0.590625 0.63046875 0.60234375 0.0453125
2 0.0640625 0.63984375 0.02734375 0.0375
2 0.17890625 0.65625 0.19296875 0.03984375
2 0.0640625 0.6765625 0.02890625 0.03046875
2 0.3328125 0.678125 0.01875 0.02421875
2 0.35703125 0.678125 0.01953125 0.025
6 0.30859375 0.67890625 0.01171875 0.01875
2 0.590625 0.68046875 0.603125 0.04921875
2 0.17890625 0.6953125 0.1921875 0.0375
6 0.30859375 0.7265625 0.0125 0.01953125
2 0.55625 0.7265625 0.0421875 0.0234375
2 0.35625 0.72734375 0.01875 0.0265625
2 0.3328125 0.728125 0.0171875 0.0265625
2 0.59921875 0.728125 0.03359375 0.02265625
2 0.58984375 0.72890625 0.6015625 0.0453125
2 0.55 0.775 0.03203125 0.0234375
2 0.58984375 0.775 0.6015625 0.0453125
2 0.3328125 0.77578125 0.01875 0.02578125
6 0.309375 0.7765625 0.0125 0.01953125
2 0.35703125 0.7765625 0.01953125 0.0265625
2 0.18671875 0.08359375 0.13203125 0.02109375
2 0.58984375 0.8234375 0.603125 0.04921875
6 0.30859375 0.825 0.01328125 0.02109375
2 0.33359375 0.825 0.0171875 0.02265625
2 0.35625 0.825 0.01953125 0.0234375
2 0.92265625 0.0859375 0.02421875 0.0234375
2 0.88515625 0.0859375 0.046875 0.02421875
2 0.0640625 0.84765625 0.02734375 0.04296875
2 0.06015625 0.08671875 0.01328125 0.01875
2 0.07578125 0.08671875 0.0140625 0.01953125
2 0.0921875 0.08671875 0.0140625 0.01875
2 0.78671875 0.08671875 0.0484375 0.02578125
2 0.6890625 0.08671875 0.046875 0.028125
2 0.7375 0.08671875 0.04609375 0.02734375
2 0.8359375 0.08671875 0.04921875 0.02421875
2 0.33203125 0.8734375 0.01796875 0.025
2 0.35625 0.8734375 0.01953125 0.025
6 0.30859375 0.8734375 0.01328125 0.02109375
2 0.59140625 0.875 0.6046875 0.04921875
2 0.0640625 0.89921875 0.02734375 0.0453125
2 0.1546875 0.90703125 0.02578125 0.02890625
2 0.18515625 0.90703125 0.02734375 0.02890625
2 0.2140625 0.90703125 0.02578125 0.02890625
2 0.590625 0.91328125 0.60390625 0.0234375
2 0.3328125 0.91796875 0.01875 0.01484375
2 0.3578125 0.91875 0.021875 0.0125
6 0.30859375 0.9203125 0.01328125 0.0125
2 0.06484375 0.13046875 0.028125 0.0375
6 0.54375 0.140625 0.5109375 0.05546875
2 0.92265625 0.1421875 0.0359375 0.04921875
2 0.109375 0.1421875 0.02890625 0.03984375
2 0.7765625 0.1421875 0.021875 0.028125
2 0.88359375 0.1421875 0.034375 0.0484375
2 0.84453125 0.14296875 0.03203125 0.0484375
2 0.18125 0.14296875 0.10625 0.059375
2 0.3109375 0.14453125 0.02421875 0.0328125
2 0.06484375 0.1703125 0.028125 0.03515625