6 0.2203125 0.1109375 0.01171875 0.0171875
2 0.89296875 0.1109375 0.01484375 0.0390625
2 0.23671875 0.11171875 0.01171875 0.01796875
2 0.26796875 0.11171875 0.0203125 0.02890625
2 0.9234375 0.11171875 0.01796875 0.0390625
2 0.2984375 0.1125 0.01875 0.03203125
2 0.978125 0.1171875 0.03359375 0.05234375
2 0.06328125 0.1328125 0.1140625 0.06015625
2 0.5734375 0.165625 0.7453125 0.04765625
2 0.2640625 0.165625 0.0171875 0.0265625
2 0.2421875 0.16640625 0.015625 0.025
6 0.2203125 0.16640625 0.0109375 0.0171875
2 0.97890625 0.1875 0.0328125 0.05546875
2 0.5734375 0.21484375 0.74609375 0.0515625
6 0.22109375 0.215625 0.0109375 0.0171875
2 0.2421875 0.21640625 0.01484375 0.02265625
2 0.26328125 0.21640625 0.01640625 0.025
2 0.8765625 0.2171875 0.021875 0.02890625
2 0.09375 0.24140625 0.18671875 0.03984375
2 0.97890625 0.2578125 0.0328125 0.053125
2 0.57265625 0.26640625 0.746875 0.04609375
2 0.2421875 0.26640625 0.0171875 0.025
2 0.2640625 0.26640625 0.0171875 0.02734375
6 0.2203125 0.2671875 0.0109375 0.0171875
2 0.09453125 0.28046875 0.1875 0.03828125
2 0.5734375 0.315625 0.74609375 0.0484375
2 0.2640625 0.31640625 0.01796875 0.0265625
6 0.2203125 0.31640625 0.01015625 0.01640625
2 0.2421875 0.31640625 0.01640625 0.0265625
2 0.09453125 0.32265625 0.1875 0.0421875
2 0.9796875 0.32734375 0.0328125 0.05078125
2 0.95 0.3328125 0.009375 0.37578125
2 0.09453125 0.3625 0.1875 0.0375
2 0.57265625 0.36484375 0.74453125 0.046875
2 0.2421875 0.36640625 0.01640625 0.0265625
2 0.2640625 0.3671875 0.01796875 0.0265625
6 0.2203125 0.3671875 0.0109375 0.0171875
2 0.63125 0.03828125 0.0234375 0.040625
6 0.4234375 0.0390625 0.44609375 0.05859375
2 0.7328125 0.03984375 0.08828125 0.03828125
2 0.21953125 0.03984375 0.02421875 0.034375
2 0.09453125 0.39296875 0.1875 0.021875
2 0.09296875 0.03984375 0.09609375 0.05078125
2 0.946875 0.03984375 0.0921875 0.05703125
2 0.02890625 0.040625 0.028125 0.03828125
2 0.8 0.040625 0.03203125 0.04609375
2 0.8375 0.040625 0.03125 0.04296875
2 0.87578125 0.04140625 0.03125 0.0453125
6 0.2203125 0.41640625 0.0109375 0.0171875
2 0.57265625 0.41640625 0.74375 0.04921875
2 0.2640625 0.41640625 0.01875 0.0265625
2 0.24296875 0.4171875 0.01796875 0.02734375
2 0.978125 0.42734375 0.03203125 0.0484375
2 0.1796875 0.428125 0.01953125 0.03046875
2 0.57265625 0.46484375 0.74296875 0.04765625
6 0.2203125 0.46640625 0.0109375 0.01796875
2 0.24296875 0.46640625 0.0171875 0.02578125
2 0.26484375 0.4671875 0.01796875 0.02734375
2 0.1 0.4796875 0.19921875 0.053125
2 0.97890625 0.496875 0.03125 0.046875
2 0.571875 0.51484375 0.7421875 0.046875
2 0.2421875 0.5171875 0.01875 0.028125
2 0.26484375 0.5171875 0.01953125 0.028125
6 0.2203125 0.5171875 0.0109375 0.0171875
2 0.1 0.53515625 0.19921875 0.05703125
2 0.57109375 0.5640625 0.74296875 0.05
2 0.2640625 0.565625 0.01875 0.0296875
2 0.2421875 0.565625 0.01796875 0.02890625
6 0.2203125 0.56640625 0.0109375 0.0171875
2 0.1 0.590625 0.2 0.0515625
2 0.571875 0.61484375 0.7421875 0.05
2 0.2421875 0.615625 0.01953125 0.028125
2 0.2640625 0.61640625 0.01796875 0.028125
6 0.2203125 0.61640625 0.01171875 0.0171875
2 0.1 0.625 0.2 0.01484375
2 0.18046875 0.6578125 0.01953125 0.03046875
2 0.571875 0.665625 0.74140625 0.04765625
6 0.2203125 0.66640625 0.0109375 0.0171875
2 0.2421875 0.66640625 0.01640625 0.0265625
2 0.2640625 0.6671875 0.01875 0.02734375
2 0.1 0.70234375 0.1984375 0.04453125
2 0.571875 0.71484375 0.74296875 0.04765625
6 0.2203125 0.71640625 0.0109375 0.0171875
2 0.2421875 0.71640625 0.0171875 0.02578125
2 0.2640625 0.7171875 0.01875 0.0265625
2 0.1 0.74375 0.1984375 0.0375
6 0.2203125 0.76640625 0.0109375 0.01640625
2 0.4046875 0.76640625 0.41015625 0.053125
2 0.2640625 0.7671875 0.01796875 0.028125
2 0.2421875 0.76796875 0.01796875 0.02890625
2 0.09921875 0.7828125 0.1984375 0.0359375
2 0.96328125 0.78515625 0.0234375 0.0375
2 0.40546875 0.81640625 0.41015625 0.04765625
6 0.2203125 0.81640625 0.0109375 0.0171875
2 0.24296875 0.81640625 0.01875 0.02890625
2 0.26484375 0.81796875 0.01875 0.02890625
2 0.1 0.821875 0.19921875 0.03984375
2 0.1 0.85078125 0.19921875 0.015625
2 0.40546875 0.86484375 0.4109375 0.046875
6 0.2203125 0.86640625 0.0109375 0.01640625
2 0.24296875 0.86640625 0.01953125 0.02734375
2 0.26484375 0.8671875 0.01875 0.028125
2 0.4046875 0.91484375 0.409375 0.04765625
6 0.2203125 0.91640625 0.01015625 0.0171875
2 0.2421875 0.9171875 0.01875 0.02734375
2 0.2640625 0.9171875 0.01875 0.02734375
2 0.771875 0.928125 0.08984375 0.04453125
2 0.1 0.93046875 0.19921875 0.0390625
2 0.40546875 0.965625 0.4109375 0.05
6 0.2203125 0.965625 0.0109375 0.0171875
2 0.26484375 0.96640625 0.01953125 0.0296875
2 0.2421875 0.9671875 0.01875 0.02890625
2 0.1 0.96953125 0.19921875 0.03671875