2 0.98046875 0.9875 0.0078125 0.01640625
2 0.9515625 0.98828125 0.0703125 0.0234375
2 0.12421875 0.13515625 0.03671875 0.02578125
2 0.29609375 0.13515625 0.04765625 0.0265625
2 0.92890625 0.1359375 0.01875 0.02578125
2 0.965625 0.1359375 0.0375 0.02578125
2 0.20703125 0.1359375 0.0359375 0.02578125
2 0.24375 0.1359375 0.0359375 0.02578125
2 0.91015625 0.13671875 0.01875 0.0265625
2 0.1703125 0.13671875 0.03671875 0.02578125
2 0.346875 0.13671875 0.0375 0.02578125
2 0.3921875 0.13671875 0.03671875 0.02734375
2 0.97421875 0.01484375 0.0171875 0.028125
2 0.0234375 0.015625 0.01328125 0.021875
2 0.00859375 0.01640625 0.0125 0.02265625
2 0.9578125 0.01640625 0.01875 0.028125
2 0.99140625 0.01640625 0.01640625 0.0265625
2 0.05625 0.01640625 0.0078125 0.0125
2 0.0390625 0.01640625 0.0140625 0.02578125
6 0.49921875 0.01640625 0.9 0.0234375
2 0.94140625 0.0171875 0.0125 0.0171875
2 0.04609375 0.1828125 0.05859375 0.02578125
2 0.2734375 0.1859375 0.04609375 0.01484375
2 0.84375 0.1875 0.0109375 0.01953125
2 0.83203125 0.1875 0.00859375 0.01875
2 0.234375 0.1875 0.01484375 0.0265625
2 0.8015625 0.2265625 0.01171875 0.01875
2 0.1203125 0.2265625 0.0125 0.02109375
2 0.821875 0.22734375 0.02578125 0.02578125
2 0.840625 0.228125 0.0109375 0.02578125
2 0.99765625 0.4328125 0.0046875 0.546875
2 0.9671875 0.04375 0.065625 0.02578125
2 0.021875 0.04375 0.040625 0.0234375
2 0.9296875 0.084375 0.0234375 0.03984375
2 0.97734375 0.08515625 0.02578125 0.04296875
2 0.42890625 0.08515625 0.03203125 0.03125
2 0.4078125 0.08515625 0.00703125 0.01484375
2 0.95234375 0.0859375 0.02265625 0.03671875
6 0.25859375 0.0859375 0.30703125 0.0296875
2 0.0390625 0.0859375 0.05859375 0.03828125
2 0.484375 0.9421875 0.06171875 0.034375