2 0.1359375 0.16953125 0.26953125 0.0453125
2 0.13515625 0.2140625 0.26953125 0.04296875
2 0.63984375 0.22265625 0.7015625 0.05859375
2 0.35546875 0.22578125 0.025 0.03046875
2 0.9640625 0.22578125 0.03203125 0.03828125
2 0.3875 0.22578125 0.02734375 0.03203125
6 0.321875 0.2265625 0.01796875 0.021875
2 0.1359375 0.259375 0.27109375 0.046875
2 0.58515625 0.02734375 0.025 0.0296875
2 0.10078125 0.02734375 0.03515625 0.0328125
6 0.75 0.02734375 0.37734375 0.040625
2 0.96796875 0.02734375 0.0296875 0.03984375
2 0.02109375 0.028125 0.01953125 0.02890625
2 0.0671875 0.028125 0.021875 0.02890625
2 0.04375 0.028125 0.021875 0.02890625
2 0.9171875 0.028125 0.021875 0.0203125
2 0.64140625 0.2875 0.70390625 0.06953125
2 0.35546875 0.2890625 0.0234375 0.0296875
2 0.38828125 0.2890625 0.028125 0.03046875
6 0.32265625 0.28984375 0.01640625 0.0203125
2 0.1359375 0.30625 0.2703125 0.04609375
2 0.13515625 0.35234375 0.26953125 0.04609375
6 0.32265625 0.35234375 0.015625 0.01875
2 0.9640625 0.35234375 0.03046875 0.03203125
2 0.35546875 0.353125 0.0234375 0.02890625
2 0.38828125 0.35390625 0.0296875 0.03125
2 0.63984375 0.35625 0.7015625 0.06328125
2 0.1359375 0.39921875 0.27109375 0.046875
2 0.1359375 0.446875 0.2703125 0.046875
6 0.32265625 0.48984375 0.015625 0.0203125
2 0.3890625 0.4921875 0.0265625 0.03046875
2 0.63984375 0.4921875 0.6984375 0.06328125
2 0.3546875 0.4921875 0.025 0.03125
2 0.1359375 0.49296875 0.27109375 0.04453125
2 0.9953125 0.50859375 0.00859375 0.77421875
2 0.1359375 0.5375 0.2703125 0.0421875
6 0.321875 0.553125 0.0171875 0.02109375
2 0.3890625 0.55390625 0.0265625 0.0328125
2 0.6421875 0.5546875 0.6984375 0.05703125
2 0.35546875 0.55546875 0.02578125 0.03203125
6 0.32265625 0.69140625 0.01640625 0.021875
2 0.35546875 0.6921875 0.02421875 0.0328125
2 0.38828125 0.6921875 0.02890625 0.0328125
2 0.6421875 0.6953125 0.6953125 0.06171875
6 0.32265625 0.75546875 0.015625 0.02109375
2 0.35546875 0.75546875 0.02734375 0.03515625
2 0.38984375 0.75546875 0.0296875 0.034375
2 0.640625 0.75703125 0.6953125 0.053125
2 0.64140625 0.8171875 0.6953125 0.059375
2 0.35625 0.81796875 0.02734375 0.03046875
2 0.3890625 0.81796875 0.028125 0.03125
6 0.32265625 0.81796875 0.0171875 0.02109375
6 0.315625 0.08828125 0.015625 0.0203125
2 0.33828125 0.08828125 0.01875 0.021875
2 0.97109375 0.08828125 0.034375 0.0375
2 0.3828125 0.0890625 0.0328125 0.03515625
6 0.32265625 0.88046875 0.01640625 0.02109375
2 0.35625 0.88125 0.025 0.0328125
2 0.63984375 0.88203125 0.690625 0.05625
2 0.3890625 0.88203125 0.02734375 0.03125
2 0.428125 0.0890625 0.02734375 0.0328125
2 0.9125 0.090625 0.0546875 0.0375
6 0.32265625 0.94375 0.01640625 0.021875
2 0.38828125 0.94453125 0.02578125 0.0296875
2 0.35625 0.9453125 0.02578125 0.0296875
2 0.6390625 0.94765625 0.68984375 0.05859375
2 0.14375 0.10390625 0.28125 0.0578125