2 0.096875 0.18046875 0.19375 0.0609375
2 0.57890625 0.23515625 0.6640625 0.19609375
2 0.09609375 0.24453125 0.1921875 0.0640625
2 0.6890625 0.2546875 0.38828125 0.11796875
2 0.90078125 0.25703125 0.01953125 0.11640625
2 0.27890625 0.03125 0.028125 0.034375
2 0.965625 0.03203125 0.0296875 0.04140625
2 0.02578125 0.03203125 0.03125 0.0390625
6 0.496875 0.03203125 0.50078125 0.04921875
2 0.08359375 0.03203125 0.0671875 0.040625
2 0.84140625 0.03203125 0.028125 0.0359375
2 0.88046875 0.0328125 0.03046875 0.0390625
2 0.92265625 0.0328125 0.0296875 0.0390625
2 0.09765625 0.33671875 0.19375 0.0609375
2 0.78828125 0.034375 0.046875 0.0375
2 0.578125 0.36640625 0.6640625 0.06171875
2 0.09765625 0.39921875 0.1953125 0.0625
2 0.09765625 0.46171875 0.19453125 0.06015625
2 0.578125 0.49609375 0.6625 0.0625
2 0.09609375 0.5234375 0.1921875 0.0625
2 0.28046875 0.56015625 0.02734375 0.0375
2 0.096875 0.58515625 0.19296875 0.05859375
2 0.578125 0.62734375 0.66171875 0.19609375
2 0.096875 0.64609375 0.19375 0.0625
2 0.55703125 0.64921875 0.12578125 0.11484375
2 0.096875 0.74140625 0.1921875 0.0515625
2 0.28046875 0.825 0.02734375 0.03984375
2 0.09609375 0.86328125 0.190625 0.0515625
2 0.578125 0.896875 0.66328125 0.20625
2 0.55703125 0.9140625 0.12578125 0.11484375
2 0.6890625 0.9140625 0.12421875 0.1140625
2 0.8203125 0.9140625 0.1234375 0.1140625
2 0.9 0.9140625 0.0203125 0.11640625
2 0.0953125 0.92734375 0.1890625 0.0546875
2 0.959375 0.93203125 0.05390625 0.0734375
2 0.0953125 0.9828125 0.190625 0.03359375
2 0.09609375 0.11875 0.1921875 0.0625