2 0.62265625 0.0171875 0.10078125 0.0265625
2 0.77890625 0.0171875 0.15390625 0.0265625
2 0.1265625 0.0625 0.12734375 0.03125
2 0.66953125 0.0625 0.11328125 0.03828125
2 0.7609375 0.0625 0.02890625 0.0578125
2 0.8234375 0.0625 0.0578125 0.0578125
2 0.88125 0.0625 0.01953125 0.0578125
2 0.91953125 0.0625 0.01953125 0.0265625
2 0.365625 0.30625 0.60546875 0.37734375
2 0.209375 0.709375 0.29296875 0.37734375
2 0.521875 0.6078125 0.29296875 0.17578125
2 0.521875 0.81015625 0.29296875 0.17578125
2 0.365625 0.96171875 0.6078125 0.07421875