2 0.6828125 0.015625 0.015625 0.02421875
6 0.7359375 0.015625 0.12109375 0.02421875
2 0.25 0.01640625 0.07265625 0.03203125
2 0.5 0.1890625 0.09609375 0.17265625
2 0.275 0.3125 0.04296875 0.03515625
2 0.31953125 0.3125 0.04296875 0.03515625
2 0.375 0.3125 0.06328125 0.03515625
2 0.4390625 0.3125 0.0625 0.03515625
2 0.6125 0.3125 0.07109375 0.03515625
2 0.6703125 0.3125 0.04140625 0.03515625
2 0.7203125 0.3125 0.0546875 0.03515625
2 0.525 0.3125 0.10234375 0.03671875
2 0.7125 0.49375 0.10546875 0.04921875
2 0.7125 0.57109375 0.10546875 0.04921875
2 0.73359375 0.6484375 0.13671875 0.04765625
2 0.378125 0.6890625 0.35234375 0.45078125
2 0.728125 0.79609375 0.13671875 0.19296875
2 0.72734375 0.95 0.0890625 0.06015625