2 0.1203125 0.1890625 0.1328125 0.1375
2 0.61640625 0.221875 0.18984375 0.14921875
2 0.1203125 0.3125 0.125 0.07734375
6 0.096875 0.3859375 0.10390625 0.01796875
2 0.0703125 0.4046875 0.04921875 0.01796875
2 0.0859375 0.04296875 0.0328125 0.059375
2 0.1203125 0.04296875 0.0328125 0.059375
2 0.15546875 0.04296875 0.0328125 0.059375
2 0.1203125 0.51171875 0.065625 0.1265625
2 0.1203125 0.60703125 0.10859375 0.03515625
6 0.14375 0.665625 0.0859375 0.01796875
6 0.14375 0.68828125 0.0859375 0.01796875
6 0.14375 0.71171875 0.0859375 0.01796875
2 0.61640625 0.07421875 0.284375 0.10234375
6 0.10546875 0.746875 0.00546875 0.01015625
6 0.10546875 0.76796875 0.0046875 0.009375
6 0.10546875 0.79453125 0.00546875 0.0109375
6 0.09921875 0.81875 0.03359375 0.01328125
6 0.14140625 0.8203125 0.03984375 0.01015625
2 0.11875 0.84140625 0.02265625 0.01796875