2 0.36875 0.165625 0.1 0.053125
2 0.63125 0.165625 0.09375 0.053125
2 0.7859375 0.384375 0.05859375 0.04375
2 0.66640625 0.6015625 0.0078125 0.0109375
2 0.665625 0.63515625 0.00546875 0.01796875
2 0.66640625 0.67265625 0.0078125 0.0140625
2 0.66640625 0.7109375 0.0078125 0.01015625
2 0.7203125 0.87421875 0.09453125 0.053125
2 0.80703125 0.8734375 0.0359375 0.07578125
6 0.4609375 0.38203125 0.109375 0.03828125
6 0.57578125 0.38203125 0.11015625 0.03828125
6 0.690625 0.38203125 0.109375 0.03828125