2 0.6546875 0.1453125 0.1390625 0.05234375
2 0.2921875 0.06484375 0.01875 0.03359375
2 0.38125 0.6984375 0.02421875 0.0171875
2 0.415625 0.69921875 0.028125 0.0171875
6 0.575 0.7921875 0.09453125 0.02265625
6 0.6484375 0.79296875 0.046875 0.02421875
2 0.38359375 0.11484375 0.028125 0.02890625
2 0.4140625 0.115625 0.028125 0.03046875
2 0.3546875 0.115625 0.028125 0.03359375
2 0.32578125 0.11640625 0.0265625 0.03203125
2 0.29609375 0.11640625 0.02578125 0.03125
2 0.5484375 0.1171875 0.028125 0.03203125
2 0.6078125 0.01328125 0.0359375 0.02265625