2 0.57734375 0.178125 0.225 0.0359375
2 0.29765625 0.178125 0.09296875 0.04921875
2 0.9609375 0.178125 0.025 0.03125
2 0.7296875 0.17890625 0.059375 0.03984375
2 0.40234375 0.17890625 0.10390625 0.0390625
6 0.8765625 0.1796875 0.2171875 0.034375
2 0.18203125 0.18203125 0.125 0.05234375
2 0.9328125 0.0484375 0.0421875 0.0625
2 0.75390625 0.04921875 0.0375 0.0609375
2 0.9765625 0.05078125 0.0375 0.0578125
2 0.7984375 0.0515625 0.03984375 0.0625
2 0.84609375 0.0515625 0.0375 0.0625
2 0.88984375 0.05234375 0.03671875 0.06640625
2 0.53984375 0.64375 0.89296875 0.390625
2 0.05078125 0.06875 0.078125 0.06484375
2 0.53828125 0.98046875 0.29296875 0.0390625
2 0.85390625 0.98046875 0.2921875 0.0390625