2 0.8140625 0.27265625 0.01015625 0.0171875
6 0.734375 0.27421875 0.13828125 0.02421875
6 0.71796875 0.36640625 0.1046875 0.02109375
2 0.7171875 0.3890625 0.025 0.015625
2 0.671875 0.434375 0.01015625 0.01796875
2 0.72578125 0.434375 0.01015625 0.01796875
2 0.75234375 0.434375 0.01015625 0.01796875
2 0.76484375 0.434375 0.01015625 0.01796875
2 0.778125 0.434375 0.01015625 0.01796875
2 0.7140625 0.4359375 0.01015625 0.01796875
2 0.73984375 0.4359375 0.01015625 0.01796875
2 0.5390625 0.47734375 0.140625 0.34296875
2 0.2859375 0.13203125 0.04375 0.040625
2 0.3453125 0.13203125 0.06953125 0.040625
2 0.41875 0.13203125 0.075 0.040625
2 0.49140625 0.13203125 0.065625 0.040625
2 0.559375 0.13203125 0.06640625 0.040625
2 0.6265625 0.13203125 0.065625 0.040625
2 0.69296875 0.13203125 0.0625 0.040625
2 0.759375 0.13203125 0.065625 0.040625