2 0.40234375 0.203125 0.0078125 0.015625
2 0.4359375 0.28125 0.0203125 0.03984375
2 0.578125 0.28359375 0.01484375 0.03515625
2 0.28203125 0.33984375 0.0640625 0.184375
2 0.50859375 0.340625 0.034375 0.046875
2 0.50859375 0.3421875 0.1796875 0.18828125
2 0.403125 0.3453125 0.00625 0.26953125
2 0.6828125 0.36640625 0.12734375 0.17109375
2 0.403125 0.49375 0.00703125 0.01796875
2 0.6828125 0.51640625 0.12890625 0.0765625
2 0.68125 0.6046875 0.12578125 0.06796875
2 0.3875 0.0625 0.2796875 0.1125
2 0.43515625 0.63203125 0.021875 0.040625
2 0.578125 0.6328125 0.01484375 0.03046875
2 0.50859375 0.6890625 0.17890625 0.18828125
2 0.50859375 0.69296875 0.03359375 0.04453125
2 0.67890625 0.69609375 0.1203125 0.05859375
2 0.7046875 0.8015625 0.0515625 0.1015625
2 0.7375 0.08984375 0.0234375 0.02890625
6 0.696875 0.090625 0.0546875 0.021875
2 0.6578125 0.9171875 0.05703125 0.03515625
2 0.72421875 0.91875 0.05234375 0.04296875
2 0.340625 0.9703125 0.00859375 0.0125
2 0.26015625 0.15 0.03203125 0.03671875
2 0.29296875 0.15078125 0.0328125 0.03828125
2 0.346875 0.15078125 0.07265625 0.03828125
2 0.4078125 0.15078125 0.04765625 0.03828125
2 0.465625 0.15078125 0.0671875 0.03828125
2 0.525 0.15078125 0.05 0.03828125
2 0.57734375 0.15078125 0.0515625 0.03828125
2 0.634375 0.15078125 0.06171875 0.03828125
2 0.70703125 0.15078125 0.08125 0.03828125