2 0.2359375 0.02890625 0.0953125 0.0578125
2 0.3328125 0.51171875 0.28984375 0.3921875
6 0.8046875 0.07421875 0.209375 0.04453125
2 0.9 0.075 0.0109375 0.02109375
2 0.72578125 0.79765625 0.37109375 0.046875
2 0.3609375 0.79765625 0.3453125 0.04609375
2 0.2125 0.13046875 0.04921875 0.05234375
2 0.2875 0.13046875 0.04296875 0.05234375
2 0.3703125 0.13046875 0.06484375 0.05234375
2 0.4546875 0.13046875 0.04765625 0.05234375
2 0.528125 0.13046875 0.03984375 0.05234375
2 0.58515625 0.13046875 0.03359375 0.05234375