2 0.8578125 0.278125 0.01875 0.04921875
2 0.2421875 0.278125 0.01875 0.04921875
2 0.296875 0.03359375 0.03828125 0.0453125
6 0.81171875 0.03671875 0.109375 0.0265625
2 0.765625 0.52421875 0.2015625 0.0703125
2 0.334375 0.5578125 0.2015625 0.1375
2 0.55 0.5578125 0.2015625 0.1375
2 0.73828125 0.07578125 0.059375 0.03515625
2 0.7875 0.07734375 0.034375 0.0328125
2 0.83828125 0.07734375 0.0640625 0.0328125
2 0.51796875 0.07734375 0.0375 0.03515625
2 0.56171875 0.07734375 0.0546875 0.0328125
2 0.67890625 0.07734375 0.05703125 0.0328125
2 0.62109375 0.078125 0.059375 0.03203125