2 0.2703125 0.24609375 0.0890625 0.04140625
2 0.090625 0.24765625 0.075 0.04140625
2 0.17734375 0.24765625 0.0921875 0.04140625
2 0.02890625 0.24765625 0.04375 0.04140625
2 0.3453125 0.24765625 0.05703125 0.04140625
2 0.4046875 0.24765625 0.05703125 0.04140625
2 0.459375 0.24765625 0.0484375 0.04140625
6 0.58828125 0.346875 0.24375 0.04375
2 0.6953125 0.3484375 0.025 0.03671875
2 0.6515625 0.65 0.046875 0.09140625
2 0.3484375 0.66171875 0.06796875 0.04140625
2 0.5 0.66171875 0.06796875 0.04140625