2 0.0984375 0.2953125 0.15703125 0.040625
2 0.0984375 0.35 0.15703125 0.06796875
2 0.0984375 0.40546875 0.15703125 0.040625
2 0.0984375 0.446875 0.15703125 0.040625
2 0.0984375 0.4890625 0.15703125 0.040625
2 0.0984375 0.54453125 0.15703125 0.06796875
2 0.3375 0.59609375 0.040625 0.02109375
2 0.0984375 0.6 0.15703125 0.040625
2 0.0984375 0.07109375 0.1921875 0.1421875
2 0.0984375 0.73515625 0.15703125 0.040625
2 0.0984375 0.7765625 0.15703125 0.040625
2 0.0984375 0.81875 0.15703125 0.040625
2 0.0984375 0.86015625 0.15703125 0.040625
2 0.0984375 0.9875 0.15703125 0.025
2 0.94921875 0.1046875 0.021875 0.021875
6 0.88515625 0.1046875 0.1546875 0.0375
2 0.2671875 0.11171875 0.10625 0.0546875
2 0.37421875 0.11171875 0.109375 0.0546875
2 0.48515625 0.11171875 0.115625 0.0546875
2 0.59375 0.11171875 0.103125 0.0546875