2 0.2671875 0.11171875 0.1078125 0.05546875
2 0.3734375 0.11171875 0.1109375 0.05546875
2 0.4859375 0.11171875 0.115625 0.05546875
2 0.59375 0.11171875 0.103125 0.05546875
6 0.8640625 0.10546875 0.1078125 0.02890625
2 0.94921875 0.1046875 0.021875 0.021875
2 0.0984375 0.29453125 0.15859375 0.040625
2 0.0984375 0.35 0.15859375 0.0671875
2 0.0984375 0.4046875 0.15859375 0.040625
2 0.0984375 0.446875 0.15859375 0.040625
2 0.0984375 0.4890625 0.15859375 0.040625
2 0.0984375 0.54453125 0.15859375 0.0671875
2 0.0984375 0.6 0.15859375 0.040625
2 0.0984375 0.7359375 0.15859375 0.040625
2 0.0984375 0.7765625 0.15859375 0.040625
2 0.0984375 0.81875 0.15859375 0.040625
2 0.0984375 0.8609375 0.15859375 0.040625
2 0.0984375 0.98671875 0.15859375 0.02421875
2 0.459375 0.24140625 0.4328125 0.06484375
2 0.3453125 0.2875 0.04296875 0.01953125
2 0.56484375 0.3546875 0.17578125 0.02421875
2 0.47578125 0.3953125 0.4640625 0.05078125
2 0.46875 0.55078125 0.4515625 0.06484375
2 0.3375 0.59609375 0.040625 0.021875
2 0.42578125 0.65234375 0.365625 0.03125
2 0.3375 0.6828125 0.040625 0.021875
2 0.4171875 0.73828125 0.3484375 0.03125
2 0.3375 0.76796875 0.040625 0.021875
2 0.4640625 0.85703125 0.4421875 0.09609375
2 0.3375 0.91953125 0.040625 0.021875
2 0.46640625 0.9796875 0.44453125 0.03828125
2 0.89296875 0.33203125 0.13203125 0.021875
2 0.8953125 0.35546875 0.0578125 0.021875
2 0.8578125 0.52890625 0.08203125 0.021875
2 0.81640625 0.55390625 0.07421875 0.021875
2 0.79921875 0.5796875 0.08671875 0.021875
2 0.8890625 0.759375 0.084375 0.021875
2 0.8703125 0.896875 0.06015625 0.021875