2 0.23671875 0.1625 0.06328125 0.05234375
2 0.61015625 0.1625 0.14375 0.05234375
2 0.35546875 0.16328125 0.1203125 0.05234375
2 0.47734375 0.1640625 0.06875 0.05234375
2 0.8625 0.1640625 0.07109375 0.05234375
2 0.14921875 0.165625 0.0609375 0.05234375
2 0.7546875 0.165625 0.0890625 0.05234375
2 0.5015625 0.50703125 0.94609375 0.3296875
2 0.96328125 0.64296875 0.04609375 0.06640625
2 0.50625 0.06796875 0.4953125 0.11953125
2 0.853125 0.07421875 0.10703125 0.04140625
2 0.953125 0.075 0.09140625 0.0421875
2 0.82578125 0.75078125 0.02890625 0.04140625
2 0.9421875 0.75078125 0.02890625 0.0390625
2 0.86484375 0.7515625 0.0296875 0.03828125
2 0.9046875 0.753125 0.03046875 0.0421875
2 0.159375 0.78203125 0.28671875 0.1125
6 0.809375 0.8078125 0.2359375 0.04296875
2 0.95546875 0.8078125 0.05546875 0.04296875
2 0.49921875 0.865625 0.31875 0.26875
2 0.97734375 0.86953125 0.015625 0.021875
2 0.9609375 0.871875 0.0203125 0.02109375
2 0.153125 0.928125 0.271875 0.11796875