6 0.290625 0.14375 0.1734375 0.03671875
2 0.52890625 0.16640625 0.05703125 0.10234375
6 0.290625 0.2171875 0.1734375 0.03671875
6 0.290625 0.29140625 0.1734375 0.03671875
2 0.52890625 0.2921875 0.05703125 0.10234375
6 0.290625 0.4046875 0.17265625 0.12109375
2 0.52890625 0.4171875 0.05703125 0.10234375
6 0.2171875 0.5234375 0.01328125 0.025
2 0.5484375 0.5234375 0.096875 0.04765625
2 0.653125 0.5234375 0.1046875 0.04765625
2 0.24921875 0.59296875 0.0921875 0.04765625
2 0.2171875 0.92578125 0.01953125 0.0421875