2 0.984375 0.15546875 0.0171875 0.02421875
2 0.30546875 0.1953125 0.1796875 0.096875
2 0.1609375 0.20390625 0.0765625 0.025
6 0.6515625 0.2125 0.478125 0.04453125
2 0.6921875 0.03125 0.08671875 0.04375
2 0.27890625 0.0328125 0.02421875 0.06484375
2 0.32421875 0.0328125 0.02734375 0.06484375
2 0.36953125 0.0328125 0.02421875 0.06484375
2 0.41328125 0.0328125 0.02421875 0.06484375
2 0.4578125 0.0328125 0.02421875 0.06484375
2 0.50234375 0.0328125 0.028125 0.06484375
2 0.76953125 0.0328125 0.06328125 0.04140625
2 0.840625 0.0328125 0.0796875 0.0390625
6 0.9390625 0.0328125 0.10078125 0.03984375
2 0.12890625 0.0359375 0.24140625 0.0609375
2 0.17109375 0.37421875 0.096875 0.10625
2 0.28828125 0.375 0.09609375 0.109375
2 0.0703125 0.375 0.06484375 0.10703125
2 0.75703125 0.375 0.1 0.10703125
2 0.40546875 0.37578125 0.09765625 0.10625
2 0.6390625 0.37578125 0.0984375 0.11015625
2 0.52265625 0.37578125 0.09765625 0.10546875
2 0.92265625 0.37578125 0.08203125 0.109375
6 0.7546875 0.6328125 0.1765625 0.0390625
2 0.74140625 0.67734375 0.15 0.0390625
2 0.17109375 0.08515625 0.0421875 0.01953125
2 0.25234375 0.08515625 0.0578125 0.01953125
2 0.3296875 0.08515625 0.034375 0.01953125
2 0.4109375 0.08515625 0.06328125 0.01953125
2 0.490625 0.08515625 0.03125 0.01953125
2 0.56953125 0.08515625 0.0625 0.01953125
2 0.64921875 0.08515625 0.03203125 0.01953125
2 0.7328125 0.08515625 0.0734375 0.01953125
2 0.82578125 0.08515625 0.04765625 0.01953125
2 0.9859375 0.1234375 0.02109375 0.02421875