2 0.85078125 0.0765625 0.1609375 0.03359375
2 0.02421875 0.1859375 0.0484375 0.06484375
2 0.13828125 0.1859375 0.1828125 0.06484375
2 0.30625 0.1859375 0.15625 0.06484375
2 0.44140625 0.1859375 0.115625 0.06484375
2 0.54453125 0.1859375 0.09140625 0.06484375
2 0.6515625 0.1859375 0.12734375 0.06484375
2 0.77265625 0.1859375 0.11796875 0.06484375
2 0.87734375 0.1859375 0.09375 0.06484375
2 0.96171875 0.1875 0.07421875 0.0671875
2 0.36640625 0.91328125 0.49765625 0.1703125
6 0.828125 0.29453125 0.22578125 0.0453125
2 0.828125 0.43984375 0.1921875 0.0484375
2 0.828125 0.52890625 0.1921875 0.0484375
2 0.828125 0.65390625 0.1921875 0.1203125
2 0.828125 0.803125 0.1921875 0.09609375
2 0.828125 0.93984375 0.1921875 0.09609375