6 0.93984375 0.0328125 0.0890625 0.02421875
2 0.84140625 0.0328125 0.08203125 0.03828125
2 0.70703125 0.0328125 0.0625 0.02421875
2 0.765625 0.0328125 0.053125 0.02421875
2 0.171875 0.08515625 0.04296875 0.01953125
2 0.25234375 0.08515625 0.0578125 0.01953125
2 0.3296875 0.08515625 0.03359375 0.01953125
2 0.4109375 0.08515625 0.06484375 0.01953125
2 0.490625 0.08515625 0.03125 0.01953125
2 0.56953125 0.08515625 0.0625 0.01953125
2 0.64921875 0.08515625 0.03359375 0.01953125
2 0.7328125 0.08515625 0.07421875 0.01953125
2 0.82578125 0.08515625 0.0484375 0.01953125
2 0.15859375 0.2046875 0.08203125 0.0265625
2 0.30546875 0.2328125 0.18046875 0.021875
6 0.6515625 0.2125 0.478125 0.0453125
6 0.7546875 0.63203125 0.178125 0.03828125
2 0.74140625 0.6765625 0.1515625 0.03828125