2 0.52265625 0.14921875 0.19765625 0.0265625
2 0.4640625 0.221875 0.08125 0.11953125
2 0.4078125 0.046875 0.01875 0.02265625
6 0.359375 0.0484375 0.0796875 0.028125
2 0.540625 0.05546875 0.23359375 0.1109375
2 0.52265625 0.5703125 0.19765625 0.0265625
2 0.7328125 0.5734375 0.11953125 0.0265625
2 0.46640625 0.60625 0.0796875 0.02109375
2 0.6875 0.690625 0.01015625 0.01796875
2 0.4796875 0.72109375 0.10546875 0.17890625
6 0.3671875 0.07578125 0.09453125 0.025
2 0.7328125 0.80625 0.11953125 0.0265625
2 0.46640625 0.84375 0.0796875 0.02109375