2 0.06640625 0.03515625 0.10078125 0.021875
2 0.1890625 0.0375 0.0984375 0.07421875
2 0.2953125 0.0375 0.115625 0.07421875
2 0.40859375 0.0375 0.10546875 0.07421875
2 0.490625 0.0375 0.0578125 0.07421875
6 0.68515625 0.0359375 0.2984375 0.0484375
2 0.86171875 0.0359375 0.04296875 0.0484375
2 0.915625 0.0359375 0.053125 0.0484375
2 0.96640625 0.0359375 0.0359375 0.0625
2 0.1265625 0.571875 0.22109375 0.14921875
2 0.078125 0.803125 0.09609375 0.02421875
2 0.3734375 0.571875 0.22109375 0.14921875
2 0.32578125 0.803125 0.09609375 0.02421875
2 0.62265625 0.571875 0.22109375 0.14921875
2 0.5734375 0.803125 0.09609375 0.02421875
2 0.8234375 0.55859375 0.103125 0.115625
2 0.8234375 0.59140625 0.103125 0.05078125
2 0.9328125 0.55859375 0.103125 0.115625
2 0.9328125 0.59140625 0.103125 0.05078125
2 0.8234375 0.6828125 0.103125 0.11796875
2 0.8234375 0.71484375 0.103125 0.053125
2 0.9328125 0.6828125 0.103125 0.11796875
2 0.9328125 0.71484375 0.103125 0.053125
2 0.23671875 0.9 0.0890625 0.06015625
2 0.328125 0.9 0.0890625 0.06015625
2 0.41953125 0.9 0.09140625 0.06015625
2 0.515625 0.9 0.09609375 0.06015625
2 0.609375 0.9 0.084375 0.06015625
2 0.7046875 0.9 0.10078125 0.06015625
6 0.9109375 0.959375 0.040625 0.03359375