6 0.20546875 0.03359375 0.18515625 0.0359375
2 0.27890625 0.0359375 0.01953125 0.03125
2 0.58671875 0.03359375 0.053125 0.03359375
2 0.64921875 0.03359375 0.053125 0.03359375
2 0.71171875 0.03359375 0.053125 0.03359375
2 0.77421875 0.03359375 0.053125 0.03359375
2 0.05390625 0.11171875 0.1078125 0.053125
2 0.05390625 0.16796875 0.1078125 0.05078125
2 0.05390625 0.2234375 0.1078125 0.05078125
2 0.05390625 0.2796875 0.1078125 0.053125
2 0.05390625 0.33671875 0.1078125 0.053125
2 0.05390625 0.3921875 0.1078125 0.053125
2 0.05390625 0.4484375 0.1078125 0.053125
2 0.05390625 0.50390625 0.1078125 0.05078125
2 0.05390625 0.56015625 0.1078125 0.053125
2 0.05390625 0.615625 0.1078125 0.05078125
2 0.05390625 0.671875 0.1078125 0.053125
2 0.05390625 0.728125 0.1078125 0.053125
2 0.05390625 0.78359375 0.1078125 0.053125
2 0.06875 0.47109375 0.13671875 0.01953125
2 0.459375 0.47109375 0.64453125 0.01953125
2 0.890625 0.47265625 0.21875 0.01953125
2 0.9109375 0.14765625 0.13203125 0.04296875
2 0.9875 0.14765625 0.025 0.0453125
6 0.9390625 0.2125 0.1203125 0.03828125
6 0.9390625 0.27265625 0.1203125 0.03828125
6 0.85078125 0.31875 0.01171875 0.01953125
2 0.921875 0.36796875 0.15390625 0.0453125
2 0.921875 0.428125 0.15390625 0.0453125