2 0.18828125 0.15390625 0.06640625 0.03125
2 0.2515625 0.15390625 0.046875 0.03125
2 0.421875 0.15390625 0.06640625 0.03125
2 0.484375 0.15390625 0.046875 0.03125
2 0.6546875 0.15390625 0.06640625 0.03125
2 0.71875 0.15390625 0.046875 0.03125
2 0.321875 0.46953125 0.0125 0.02265625
6 0.4796875 0.46953125 0.34375 0.03828125
2 0.671875 0.46953125 0.040625 0.03125
2 0.6828125 0.68203125 0.00859375 0.02109375
2 0.703125 0.68203125 0.00859375 0.02109375
2 0.7234375 0.68203125 0.00859375 0.02109375
2 0.74453125 0.68203125 0.00859375 0.02109375
2 0.765625 0.68203125 0.00859375 0.02109375