6 0.9109375 0.06171875 0.1 0.03671875
2 0.9734375 0.0625 0.02109375 0.03828125
2 0.065625 0.0625 0.1 0.04765625
2 0.16171875 0.13359375 0.034375 0.03828125
2 0.5984375 0.13359375 0.015625 0.03828125
2 0.203125 0.13515625 0.021875 0.03828125
2 0.2375 0.13515625 0.0203125 0.03828125
2 0.278125 0.13515625 0.034375 0.03828125
2 0.3453125 0.13515625 0.07421875 0.03828125
2 0.4359375 0.13515625 0.08046875 0.03828125
2 0.534375 0.13515625 0.09140625 0.03828125
2 0.62109375 0.13515625 0.0078125 0.03828125
2 0.0734375 0.13515625 0.115625 0.03828125