2 0.2984375 0.18046875 0.23828125 0.0578125
2 0.9203125 0.0546875 0.0203125 0.03671875
6 0.8234375 0.05625 0.16640625 0.03671875
2 0.2390625 0.071875 0.13984375 0.0703125
2 0.55 0.73359375 0.18046875 0.1953125
2 0.3328125 0.07578125 0.04765625 0.04375
2 0.3859375 0.07578125 0.059375 0.04375
2 0.46171875 0.07578125 0.09296875 0.04375
2 0.53125 0.07578125 0.0453125 0.04375
2 0.584375 0.07578125 0.0609375 0.04375
2 0.38203125 0.76796875 0.13515625 0.16171875
2 0.71796875 0.76796875 0.13515625 0.16171875
2 0.8640625 0.8703125 0.06328125 0.0296875
2 0.23515625 0.8796875 0.121875 0.14765625
2 0.8109375 0.09375 0.0171875 0.03125
2 0.82890625 0.09375 0.01796875 0.03125
2 0.84609375 0.09375 0.0171875 0.03125
2 0.8609375 0.09375 0.01328125 0.03125