6 0.653125 0.24453125 0.0859375 0.02109375
2 0.63046875 0.275 0.040625 0.02109375
2 0.7890625 0.03828125 0.0203125 0.03203125
2 0.5828125 0.03828125 0.01640625 0.025
2 0.59921875 0.03828125 0.01640625 0.025
2 0.615625 0.03828125 0.01640625 0.025
2 0.6328125 0.03828125 0.01640625 0.025
2 0.65 0.03828125 0.01640625 0.025
2 0.66484375 0.03828125 0.0140625 0.025
6 0.73046875 0.03828125 0.09609375 0.03203125
2 0.2421875 0.384375 0.07421875 0.03125
2 0.3203125 0.38515625 0.07109375 0.028125
2 0.39765625 0.38515625 0.07109375 0.028125
2 0.475 0.38515625 0.07109375 0.028125
2 0.553125 0.38515625 0.07109375 0.028125
2 0.65546875 0.40390625 0.0859375 0.1109375
2 0.7484375 0.40390625 0.0875 0.1109375
2 0.3078125 0.0546875 0.22890625 0.09453125
2 0.5234375 0.54921875 0.13125 0.2546875
2 0.65625 0.90703125 0.08671875 0.1109375
2 0.7484375 0.90703125 0.0875 0.1109375
2 0.446875 0.096875 0.03828125 0.08046875
2 0.50625 0.096875 0.0796875 0.08046875
2 0.578125 0.096875 0.0640625 0.08046875
2 0.65234375 0.096875 0.084375 0.08046875
2 0.75078125 0.096875 0.1125 0.08046875