2 0.65703125 0.21484375 0.0875 0.1109375
2 0.74921875 0.21484375 0.08828125 0.1109375
2 0.2421875 0.2609375 0.07421875 0.03203125
2 0.3203125 0.26171875 0.07109375 0.028125
2 0.39765625 0.26171875 0.07109375 0.028125
2 0.475 0.26171875 0.07109375 0.028125
2 0.553125 0.26171875 0.07109375 0.028125
6 0.653125 0.05546875 0.0859375 0.02109375
2 0.65625 0.68984375 0.08671875 0.1109375
2 0.75 0.68984375 0.0890625 0.1109375
2 0.39765625 0.71015625 0.3171875 0.3234375
2 0.63046875 0.0859375 0.040625 0.02109375
2 0.23359375 0.0875 0.05390625 0.0390625
2 0.2953125 0.08828125 0.05390625 0.0390625
2 0.35625 0.08828125 0.05390625 0.0390625
2 0.6625 0.890625 0.1 0.109375
2 0.7484375 0.890625 0.08671875 0.109375