2 0.5140625 0.01796875 0.009375 0.0171875
6 0.32890625 0.1875 0.090625 0.02265625
6 0.32890625 0.21875 0.090625 0.02265625
6 0.32890625 0.25 0.090625 0.02265625
2 0.55 0.284375 0.33515625 0.2671875
2 0.3359375 0.034375 0.11171875 0.05625
2 0.709375 0.04765625 0.01484375 0.02578125
6 0.6453125 0.04921875 0.11640625 0.0265625
2 0.4234375 0.5390625 0.07109375 0.128125
2 0.50625 0.5390625 0.07109375 0.128125
2 0.5890625 0.5390625 0.07109375 0.128125
2 0.671875 0.5390625 0.07109375 0.128125
2 0.4234375 0.7921875 0.07109375 0.128125
2 0.50625 0.7921875 0.07109375 0.128125
2 0.5890625 0.7921875 0.07109375 0.128125
2 0.69375 0.1046875 0.05234375 0.03359375
2 0.4734375 0.10546875 0.059375 0.034375
2 0.36171875 0.10546875 0.053125 0.03359375
2 0.415625 0.10546875 0.05234375 0.03359375
2 0.3078125 0.10546875 0.053125 0.034375
2 0.53046875 0.10546875 0.05234375 0.03515625
2 0.584375 0.10625 0.05234375 0.034375
2 0.6390625 0.10625 0.05234375 0.03515625