2 0.3703125 0.17421875 0.15390625 0.06015625
2 0.6296875 0.17421875 0.15390625 0.06015625
2 0.3171875 0.259375 0.15390625 0.06015625
2 0.6828125 0.259375 0.15390625 0.06015625
2 0.30625 0.34375 0.15390625 0.06015625
2 0.69375 0.34375 0.15390625 0.06015625
2 0.3171875 0.428125 0.15390625 0.06015625
2 0.6828125 0.428125 0.15390625 0.06015625
2 0.3703125 0.51328125 0.15390625 0.06015625
2 0.6296875 0.51328125 0.15390625 0.06015625
6 0.47265625 0.609375 0.38671875 0.0578125
2 0.6921875 0.609375 0.05546875 0.0578125
2 0.5 0.69921875 0.26953125 0.04296875
2 0.4578125 0.859375 0.21171875 0.0765625
2 0.6671875 0.8546875 0.21171875 0.0671875
2 0.8765625 0.8546875 0.21171875 0.0671875
2 0.459375 0.96875 0.21171875 0.06015625
2 0.66796875 0.96875 0.21171875 0.06015625
2 0.87734375 0.96875 0.21171875 0.06015625