6 0.7421875 0.17109375 0.00703125 0.0125
6 0.7421875 0.20234375 0.00703125 0.0125
6 0.7421875 0.23515625 0.00703125 0.0125
6 0.7421875 0.2671875 0.00703125 0.0125
6 0.7421875 0.29921875 0.00703125 0.0125
2 0.11171875 0.0328125 0.0859375 0.065625
6 0.7421875 0.33125 0.00703125 0.0125
6 0.7421875 0.36328125 0.00703125 0.0125
6 0.7421875 0.39609375 0.00703125 0.0125
2 0.1296875 0.4265625 0.115625 0.27734375
6 0.8234375 0.4578125 0.096875 0.01953125
6 0.784375 0.4921875 0.096875 0.01953125
6 0.7421875 0.53984375 0.00703125 0.0125
6 0.7421875 0.55859375 0.00703125 0.0125
6 0.7421875 0.57578125 0.00703125 0.0125
6 0.7421875 0.59453125 0.00703125 0.0125
6 0.7421875 0.61171875 0.00703125 0.0125
2 0.7515625 0.67421875 0.0296875 0.01953125
2 0.7796875 0.67421875 0.0265625 0.01953125
2 0.1109375 0.71796875 0.07734375 0.0453125
6 0.7421875 0.07421875 0.00703125 0.0125
2 0.14140625 0.87421875 0.14765625 0.02421875
6 0.7421875 0.10625 0.00703125 0.0125
6 0.7421875 0.13828125 0.00703125 0.0125