2 0.5 0.39453125 0.0765625 0.0421875
2 0.27109375 0.0625 0.0921875 0.07421875
2 0.3328125 0.0625 0.0328125 0.07421875
2 0.378125 0.0625 0.05703125 0.07421875
2 0.428125 0.0625 0.04296875 0.07421875
2 0.484375 0.0625 0.06953125 0.07421875
2 0.534375 0.0625 0.03125 0.07421875
2 0.5671875 0.0625 0.03515625 0.07421875
2 0.60625 0.0625 0.0421875 0.07421875
2 0.75390625 0.0625 0.0421875 0.07421875
6 0.42265625 0.75 0.15546875 0.028125
2 0.53515625 0.7546875 0.05078125 0.03125
2 0.6828125 0.0125 0.0265625 0.025
2 0.7203125 0.0125 0.0484375 0.025
2 0.759375 0.0125 0.03125 0.025