6 0.8015625 0.05859375 0.25703125 0.03828125
2 0.9421875 0.05859375 0.0265625 0.03828125
2 0.07109375 0.125 0.071875 0.06015625
2 0.14296875 0.125 0.0578125 0.06015625
2 0.2078125 0.125 0.05546875 0.06015625
2 0.2703125 0.125 0.053125 0.06015625
2 0.33515625 0.125 0.06015625 0.06015625
2 0.4171875 0.125 0.08671875 0.06015625
2 0.49296875 0.125 0.05078125 0.06015625
2 0.54453125 0.125 0.03828125 0.06015625
2 0.60078125 0.125 0.06015625 0.06015625
2 0.89453125 0.1265625 0.1203125 0.06015625
2 0.89453125 0.11875 0.12265625 0.0484375