2 0.74375 0.03203125 0.0453125 0.03203125
2 0.78125 0.0328125 0.00859375 0.01796875
2 0.25625 0.034375 0.09375 0.0359375
6 0.5 0.4484375 0.484375 0.0390625
2 0.7328125 0.4484375 0.0203125 0.0390625
2 0.5 0.525 0.09375 0.0484375
2 0.465625 0.796875 0.01640625 0.03203125
2 0.490625 0.796875 0.01640625 0.03203125
2 0.515625 0.796875 0.01640625 0.03203125
2 0.53984375 0.796875 0.01640625 0.03203125
2 0.56484375 0.796875 0.01640625 0.03203125
2 0.5890625 0.796875 0.01640625 0.03203125
2 0.784375 0.79921875 0.0203125 0.0390625
6 0.7140625 0.79921875 0.1609375 0.0390625
2 0.70234375 0.86171875 0.0609375 0.03359375