2 0.20234375 0.22421875 0.11015625 0.10390625
2 0.321875 0.22421875 0.11015625 0.10390625
2 0.440625 0.22421875 0.109375 0.10390625
2 0.559375 0.22421875 0.109375 0.10390625
2 0.678125 0.22421875 0.11015625 0.10390625
2 0.79765625 0.22421875 0.11015625 0.10390625
2 0.084375 0.22421875 0.109375 0.10390625
2 0.915625 0.22421875 0.109375 0.10390625
2 0.84765625 0.3140625 0.015625 0.02265625
2 0.83046875 0.3171875 0.01875 0.02265625
2 0.1125 0.0328125 0.05859375 0.0390625
2 0.1734375 0.0328125 0.05859375 0.0390625
2 0.23515625 0.0328125 0.05859375 0.0390625
6 0.4375 0.0328125 0.3265625 0.0390625
2 0.63125 0.0328125 0.0453125 0.06484375
2 0.71328125 0.0328125 0.10234375 0.0390625
2 0.9234375 0.0328125 0.09375 0.0390625
2 0.815625 0.0328125 0.08515625 0.03828125
2 0.5 0.36171875 0.7109375 0.1171875
2 0.18046875 0.42734375 0.071875 0.01328125
2 0.5015625 0.8140625 0.04375 0.0578125
2 0.465625 0.97109375 0.06171875 0.03125
2 0.5359375 0.97109375 0.05859375 0.03125
2 0.13515625 0.09921875 0.1046875 0.06484375
2 0.2359375 0.09921875 0.1078125 0.06484375
2 0.32734375 0.09921875 0.084375 0.06484375
2 0.40859375 0.09921875 0.0890625 0.06484375
2 0.0484375 0.09921875 0.078125 0.06484375
2 0.50625 0.09921875 0.115625 0.06484375
2 0.6203125 0.09921875 0.1234375 0.06484375
2 0.71484375 0.09921875 0.0765625 0.06484375
2 0.8921875 0.09921875 0.0203125 0.06484375
2 0.928125 0.09921875 0.0171875 0.06484375
2 0.96015625 0.09921875 0.0203125 0.06484375