6 0.4375 0.0328125 0.32421875 0.03828125
2 0.11171875 0.0328125 0.0578125 0.03828125
2 0.17421875 0.0328125 0.06015625 0.03828125
2 0.2359375 0.0328125 0.0578125 0.03828125
2 0.63125 0.0328125 0.04296875 0.06484375
2 0.7140625 0.0328125 0.103125 0.03828125
2 0.92421875 0.0328125 0.09375 0.03828125
2 0.8921875 0.0984375 0.021875 0.06484375
2 0.96015625 0.0984375 0.021875 0.06484375
2 0.928125 0.0984375 0.01953125 0.06484375
2 0.04921875 0.0984375 0.0796875 0.06484375
2 0.1359375 0.0984375 0.10546875 0.06484375
2 0.23671875 0.0984375 0.1078125 0.06484375
2 0.3265625 0.0984375 0.084375 0.06484375
2 0.40859375 0.0984375 0.0890625 0.06484375
2 0.50625 0.0984375 0.115625 0.06484375
2 0.6203125 0.0984375 0.12265625 0.06484375
2 0.71484375 0.0984375 0.07421875 0.06484375
2 0.084375 0.2234375 0.1109375 0.10546875
2 0.203125 0.2234375 0.1109375 0.10546875
2 0.321875 0.2234375 0.1109375 0.10546875
2 0.43984375 0.2234375 0.1109375 0.10546875
2 0.56015625 0.2234375 0.1109375 0.10546875
2 0.678125 0.2234375 0.1109375 0.10546875
2 0.796875 0.2234375 0.1109375 0.10546875
2 0.915625 0.2234375 0.1109375 0.10546875
2 0.18046875 0.4265625 0.071875 0.0140625
2 0.5 0.36171875 0.71171875 0.11796875
2 0.828125 0.4265625 0.05546875 0.0140625
2 0.4546875 0.47265625 0.0625 0.0265625
2 0.146875 0.51171875 0.2015625 0.02421875
2 0.146875 0.53515625 0.2015625 0.02421875
2 0.146875 0.55859375 0.2015625 0.02421875
2 0.146875 0.58203125 0.2015625 0.02421875
2 0.146875 0.60546875 0.2015625 0.02421875
2 0.38203125 0.51171875 0.2015625 0.02421875
2 0.38203125 0.53515625 0.2015625 0.02421875
2 0.38203125 0.55859375 0.2015625 0.02421875
2 0.38203125 0.58203125 0.2015625 0.02421875
2 0.38203125 0.60546875 0.2015625 0.02421875
2 0.94921875 0.47265625 0.0625 0.0265625
2 0.6453125 0.51171875 0.1921875 0.02421875
2 0.6453125 0.53515625 0.1921875 0.02421875
2 0.6453125 0.55859375 0.1921875 0.02421875
2 0.6453125 0.58203125 0.1921875 0.02421875
2 0.6453125 0.60546875 0.1921875 0.02421875
2 0.88125 0.51171875 0.1921875 0.02421875
2 0.88125 0.53515625 0.1921875 0.02421875
2 0.88125 0.55859375 0.1921875 0.02421875
2 0.88125 0.58203125 0.1921875 0.02421875
2 0.88125 0.60546875 0.1921875 0.02421875
2 0.46484375 0.97109375 0.06015625 0.03125
2 0.5359375 0.97109375 0.06015625 0.03125