2 0.10078125 0.0296875 0.2015625 0.059375
2 0.24296875 0.0296875 0.0890625 0.059375
2 0.32734375 0.0296875 0.0890625 0.059375
2 0.41953125 0.0296875 0.0984375 0.059375
2 0.51953125 0.0296875 0.1140625 0.059375
2 0.8671875 0.0296875 0.0625 0.059375
2 0.946875 0.0296875 0.103125 0.059375
2 0.984375 0.05390625 0.02890625 0.03828125
2 0.984375 0.05390625 0.02890625 0.03828125
2 0.984375 0.05390625 0.02890625 0.03828125
2 0.984375 0.05390625 0.02890625 0.03828125
2 0.984375 0.05390625 0.02890625 0.03828125
2 0.984375 0.05390625 0.02890625 0.03828125
2 0.984375 0.05390625 0.02890625 0.03828125
2 0.984375 0.05390625 0.02890625 0.03828125
2 0.984375 0.05390625 0.02890625 0.03828125
2 0.984375 0.05390625 0.02890625 0.03828125
2 0.984375 0.05390625 0.02890625 0.03828125
2 0.984375 0.05390625 0.02890625 0.03828125
2 0.984375 0.05390625 0.02890625 0.03828125
2 0.984375 0.05390625 0.02890625 0.03828125
2 0.984375 0.05390625 0.02890625 0.03828125
2 0.984375 0.05390625 0.02890625 0.03828125
2 0.5 0.6828125 0.209375 0.0671875