2 0.09921875 0.1625 0.1921875 0.06484375
2 0.25390625 0.1625 0.1171875 0.06484375
2 0.365625 0.1625 0.10859375 0.06484375
2 0.4640625 0.1625 0.0703125 0.06484375
6 0.74140625 0.1625 0.24375 0.04453125
2 0.97578125 0.1625 0.0484375 0.06484375
2 0.978125 0.22421875 0.04296875 0.04921875
2 0.17578125 0.22421875 0.1796875 0.04921875
2 0.3453125 0.22421875 0.1609375 0.04921875
2 0.53828125 0.22421875 0.2265625 0.04921875
2 0.73046875 0.22421875 0.16015625 0.04921875
2 0.88359375 0.22421875 0.1484375 0.04921875
2 0.01875 0.225 0.0375 0.04921875
2 0.34375 0.44140625 0.3421875 0.05703125
2 0.1109375 0.690625 0.221875 0.16796875
2 0.98359375 0.834375 0.0234375 0.02578125
2 0.04765625 0.94609375 0.0953125 0.1078125