2 0.0984375 0.1625 0.1921875 0.06484375
2 0.25390625 0.1625 0.11796875 0.06484375
2 0.365625 0.1625 0.1078125 0.06484375
2 0.2546875 0.228125 0.11796875 0.06484375
2 0.365625 0.228125 0.1078125 0.06484375
2 0.46640625 0.228125 0.09609375 0.06484375
2 0.4640625 0.1625 0.06953125 0.06484375
6 0.74140625 0.1625 0.2453125 0.0453125
2 0.975 0.16328125 0.0484375 0.0671875
2 0.01953125 0.2234375 0.03828125 0.05078125
2 0.17578125 0.2234375 0.18046875 0.05078125
2 0.3453125 0.2234375 0.1609375 0.05078125
2 0.53828125 0.2234375 0.22578125 0.05078125
2 0.73046875 0.2234375 0.15859375 0.05078125
2 0.88359375 0.2234375 0.14921875 0.05078125
2 0.978125 0.225 0.04296875 0.05078125
2 0.34375 0.44140625 0.34140625 0.0578125
2 0.1109375 0.73671875 0.22109375 0.26171875
2 0.11171875 0.94609375 0.2234375 0.10546875
2 0.9828125 0.834375 0.02421875 0.0265625
2 0.51328125 0.96015625 0.2453125 0.02890625