6 0.6390625 0.01484375 0.1015625 0.025
2 0.71875 0.01484375 0.05078125 0.02578125
2 0.6921875 0.21796875 0.08984375 0.0578125
2 0.5625 0.36953125 0.09140625 0.13359375
2 0.38828125 0.49609375 0.234375 0.50390625
2 0.53359375 0.51015625 0.021875 0.03671875
2 0.71875 0.5125 0.0109375 0.02578125
2 0.62734375 0.646875 0.221875 0.334375
2 0.62734375 0.64765625 0.034375 0.04453125
2 0.60390625 0.92109375 0.04140625 0.028125
2 0.653125 0.92109375 0.04140625 0.028125
2 0.6953125 0.92109375 0.015625 0.028125
2 0.7171875 0.92109375 0.015625 0.028125
2 0.7390625 0.92109375 0.015625 0.028125
2 0.35234375 0.11328125 0.03046875 0.0203125
2 0.390625 0.11328125 0.03984375 0.02109375
2 0.57890625 0.11328125 0.05859375 0.02109375
2 0.6328125 0.1140625 0.04140625 0.02109375
2 0.43203125 0.1140625 0.0375 0.02265625
2 0.48046875 0.1140625 0.053125 0.02265625
2 0.3125 0.11484375 0.04375 0.02578125
2 0.528125 0.11484375 0.03515625 0.0234375
2 0.2734375 0.11484375 0.02578125 0.021875