2 0.26953125 0.18515625 0.06328125 0.0453125
2 0.59453125 0.18515625 0.07265625 0.0453125
2 0.20625 0.18671875 0.05546875 0.0453125
2 0.3421875 0.18671875 0.0765625 0.0453125
2 0.4171875 0.18671875 0.065625 0.0453125
2 0.50390625 0.18671875 0.10234375 0.0453125
2 0.7015625 0.18671875 0.13671875 0.0453125
2 0.90078125 0.375 0.00625 0.02265625
6 0.25625 0.50078125 0.13984375 0.03359375
2 0.346875 0.50078125 0.03671875 0.0390625
2 0.23515625 0.07265625 0.11328125 0.1140625
2 0.890625 0.10546875 0.015625 0.0296875
6 0.8484375 0.10703125 0.11640625 0.03359375