2 0.434375 0.02578125 0.21875 0.0515625
2 0.434375 0.42265625 0.21875 0.05234375
2 0.434375 0.47578125 0.21875 0.05234375
6 0.18828125 0.49609375 0.190625 0.04609375
2 0.26875 0.49609375 0.0234375 0.04609375
2 0.434375 0.528125 0.21875 0.05234375
2 0.434375 0.58046875 0.21875 0.05234375
2 0.434375 0.63203125 0.21875 0.05234375
2 0.434375 0.684375 0.21875 0.05234375
2 0.896875 0.69765625 0.20546875 0.28984375
2 0.67265625 0.70078125 0.23203125 0.296875
2 0.434375 0.7359375 0.21875 0.05234375
2 0.434375 0.78828125 0.21875 0.05234375
2 0.434375 0.83984375 0.21875 0.05234375
2 0.89453125 0.92421875 0.2109375 0.1515625
2 0.671875 0.9265625 0.23046875 0.146875
2 0.89453125 0.1234375 0.2109375 0.246875
2 0.67109375 0.12421875 0.2328125 0.2484375