2 0.0203125 0.0375 0.021875 0.03125
2 0.08203125 0.0359375 0.071875 0.02890625
2 0.18515625 0.0359375 0.115625 0.05546875
2 0.4953125 0.0359375 0.115625 0.03828125
2 0.60703125 0.0359375 0.08671875 0.03828125
2 0.6984375 0.0359375 0.07421875 0.03828125
2 0.790625 0.0359375 0.08671875 0.03828125
2 0.9203125 0.0375 0.15390625 0.07421875
2 0.04453125 0.10234375 0.06953125 0.03828125
2 0.11796875 0.10234375 0.0671875 0.03828125
2 0.18359375 0.10234375 0.05546875 0.03828125
2 0.23671875 0.10234375 0.040625 0.03828125
2 0.2828125 0.10234375 0.040625 0.03828125
2 0.35546875 0.10234375 0.09609375 0.03828125
2 0.43515625 0.10234375 0.05546875 0.03828125
2 0.5 0.10234375 0.06484375 0.03828125
2 0.56953125 0.10234375 0.06484375 0.03828125
2 0.62890625 0.10234375 0.04296875 0.03828125
2 0.0484375 0.1390625 0.0765625 0.03828125
2 0.125 0.1390625 0.06953125 0.03828125
2 0.19140625 0.1390625 0.05546875 0.03828125
2 0.25 0.1390625 0.05546875 0.03828125
2 0.30546875 0.1390625 0.04296875 0.03828125
2 0.3796875 0.1390625 0.09609375 0.03828125
2 0.4796875 0.1390625 0.09609375 0.03828125
2 0.5875 0.1390625 0.11328125 0.03828125
2 0.77421875 0.1046875 0.10078125 0.0265625
2 0.7609375 0.13671875 0.12734375 0.0265625
2 0.93984375 0.1046875 0.084375 0.0265625
2 0.9125 0.13671875 0.14453125 0.0265625
2 0.5 0.21640625 0.3125 0.02890625
6 0.24765625 0.2859375 0.08203125 0.03125
2 0.0328125 0.38203125 0.06484375 0.10546875
2 0.28125 0.38125 0.4375 0.103125
2 0.71875 0.38125 0.4375 0.103125
2 0.9671875 0.38125 0.0625 0.10546875
2 0.5 0.63828125 0.98046875 0.18515625
2 0.5 0.83984375 0.98046875 0.1703125