2 0.83046875 0.14765625 0.03203125 0.015625
2 0.7890625 0.1484375 0.02890625 0.015625
2 0.09453125 0.0171875 0.03125 0.028125
2 0.1375 0.0171875 0.0546875 0.028125
2 0.18125 0.0171875 0.03359375 0.028125
2 0.2171875 0.0171875 0.03828125 0.028125
2 0.253125 0.0171875 0.0328125 0.028125
2 0.2859375 0.0171875 0.0328125 0.028125
2 0.31875 0.0171875 0.03203125 0.028125
2 0.3515625 0.0171875 0.03359375 0.028125
2 0.3828125 0.0171875 0.02890625 0.028125
2 0.41875 0.0171875 0.04140625 0.028125
2 0.0390625 0.0171875 0.078125 0.03125
2 0.53828125 0.1859375 0.0078125 0.0140625
2 0.5109375 0.1921875 0.0328125 0.059375
6 0.87421875 0.1984375 0.19765625 0.021875
2 0.0328125 0.20859375 0.046875 0.084375
2 0.065625 0.22734375 0.00859375 0.015625
6 0.875 0.2453125 0.19921875 0.02265625
2 0.53828125 0.25390625 0.0078125 0.0140625
2 0.5109375 0.26015625 0.0328125 0.059375
6 0.8015625 0.2796875 0.0515625 0.0140625
2 0.0328125 0.30234375 0.046875 0.084375
2 0.87578125 0.30859375 0.2015625 0.02734375
2 0.06484375 0.3203125 0.0078125 0.0140625
2 0.5390625 0.3234375 0.00859375 0.015625
2 0.5109375 0.32890625 0.0328125 0.059375
2 0.5390625 0.39140625 0.00859375 0.015625
2 0.0328125 0.396875 0.046875 0.084375
2 0.5109375 0.39765625 0.0328125 0.059375
2 0.06484375 0.41328125 0.0078125 0.0140625
2 0.53828125 0.459375 0.0078125 0.0140625
2 0.5109375 0.465625 0.0328125 0.059375
2 0.0328125 0.48984375 0.046875 0.084375
2 0.06484375 0.50703125 0.0078125 0.0140625
2 0.53828125 0.52734375 0.0078125 0.0140625
2 0.5109375 0.534375 0.0328125 0.059375
2 0.0328125 0.58359375 0.046875 0.084375
2 0.065625 0.58359375 0.00859375 0.015625
2 0.53828125 0.59609375 0.0078125 0.0140625
2 0.5109375 0.60234375 0.0328125 0.059375
2 0.5390625 0.665625 0.00859375 0.015625
2 0.5109375 0.67109375 0.0328125 0.059375
2 0.878125 0.6953125 0.2140625 0.16796875
2 0.53828125 0.7328125 0.0078125 0.0140625
2 0.5109375 0.73984375 0.0328125 0.059375
2 0.25 0.7953125 0.48203125 0.340625
6 0.5 0.08515625 0.18671875 0.03125
2 0.878125 0.87890625 0.21484375 0.16796875