2 0.05234375 0.13125 0.07890625 0.05234375
2 0.45234375 0.13203125 0.0671875 0.03515625
2 0.15078125 0.13203125 0.1 0.0375
2 0.6515625 0.13359375 0.07421875 0.0421875
2 0.23515625 0.13359375 0.05078125 0.03984375
2 0.30546875 0.13359375 0.07890625 0.03984375
2 0.38203125 0.13359375 0.06328125 0.0359375
2 0.7359375 0.134375 0.0875 0.0375
2 0.82734375 0.134375 0.08515625 0.03359375
2 0.54921875 0.13515625 0.11328125 0.0359375
2 0.9328125 0.1359375 0.11328125 0.03515625
2 0.321875 0.3703125 0.61015625 0.2796875
2 0.05859375 0.05234375 0.0875 0.046875
6 0.32109375 0.05859375 0.4078125 0.06015625
2 0.56953125 0.05859375 0.0875 0.06015625
2 0.92109375 0.05859375 0.065625 0.046875
2 0.771875 0.059375 0.08125 0.03515625
2 0.2 0.590625 0.1140625 0.13671875
2 0.32265625 0.590625 0.1140625 0.13671875
2 0.44609375 0.590625 0.1140625 0.13671875
2 0.56875 0.590625 0.1140625 0.13671875
2 0.0765625 0.590625 0.1140625 0.13671875
2 0.853125 0.0609375 0.03046875 0.046875
2 0.815625 0.61875 0.29375 0.32890625
2 0.60859375 0.71796875 0.025 0.0484375
2 0.32734375 0.76484375 0.61875 0.14921875
2 0.60859375 0.771875 0.03515625 0.02578125
2 0.77421875 0.834375 0.01875 0.025
2 0.60859375 0.9 0.01953125 0.0484375
2 0.8140625 0.9171875 0.29296875 0.1
2 0.32578125 0.9359375 0.6125 0.12734375
2 0.60859375 0.9546875 0.03515625 0.02578125