2 0.84140625 0.0375 0.0359375 0.01953125
2 0.93125 0.0375 0.08671875 0.01953125
2 0.89921875 0.08984375 0.14921875 0.03828125
2 0.078125 0.0375 0.0984375 0.05546875
2 0.1921875 0.0375 0.1296875 0.05546875
2 0.75625 0.0375 0.0625 0.01953125
2 0.1734375 0.24765625 0.2640625 0.021875
2 0.62890625 0.1578125 0.11796875 0.12265625
2 0.65390625 0.25625 0.1703125 0.0484375
2 0.21171875 0.3296875 0.04296875 0.02421875
2 0.27890625 0.3296875 0.06484375 0.02421875
2 0.35234375 0.3296875 0.0578125 0.02421875
2 0.41484375 0.3296875 0.04296875 0.02421875
2 0.475 0.3296875 0.05078125 0.02421875
2 0.55390625 0.3296875 0.08203125 0.02421875
2 0.6359375 0.3296875 0.05546875 0.02421875
2 0.69375 0.3296875 0.03828125 0.02421875
2 0.74140625 0.3296875 0.02890625 0.02421875
2 0.11796875 0.37265625 0.13671875 0.13203125
6 0.44140625 0.37890625 0.50234375 0.0484375
2 0.7359375 0.37890625 0.08671875 0.0484375
2 0.11640625 0.52890625 0.1078125 0.0484375
2 0.615625 0.5171875 0.09140625 0.021875
2 0.59765625 0.5484375 0.05546875 0.021875
2 0.6390625 0.5796875 0.13671875 0.021875
2 0.84765625 0.775 0.1875 0.0453125
2 0.02734375 0.9734375 0.040625 0.021875
2 0.08046875 0.9734375 0.0484375 0.021875
2 0.13828125 0.9734375 0.05078125 0.021875
2 0.1859375 0.9734375 0.03359375 0.021875
2 0.2390625 0.9734375 0.05546875 0.021875
2 0.2859375 0.9734375 0.0265625 0.021875
2 0.33671875 0.9734375 0.0578125 0.021875
2 0.38828125 0.9734375 0.03359375 0.021875
2 0.475 0.9734375 0.125 0.021875
2 0.634375 0.9734375 0.18046875 0.021875
2 0.91328125 0.8953125 0.134375 0.053125
2 0.9125 0.8890625 0.0890625 0.0265625
2 0.71640625 0.946875 0.17578125 0.053125
2 0.89296875 0.946875 0.17578125 0.053125