2 0.61328125 0.15625 0.0875 0.1203125
2 0.8984375 0.178125 0.1765625 0.08046875
2 0.44453125 0.27890625 0.0234375 0.02265625
2 0.9 0.28984375 0.17578125 0.10078125
2 0.1171875 0.3734375 0.13671875 0.13125
2 0.1921875 0.0375 0.1296875 0.0546875
2 0.07890625 0.0375 0.0984375 0.0546875
6 0.44140625 0.378125 0.5015625 0.0484375
2 0.73515625 0.378125 0.0859375 0.0484375
2 0.615625 0.51640625 0.08984375 0.021875
2 0.11640625 0.52890625 0.10859375 0.046875
2 0.596875 0.54765625 0.05390625 0.021875
2 0.63984375 0.57890625 0.1390625 0.021875
2 0.9 0.06875 0.18046875 0.11484375
2 0.19921875 0.88671875 0.29140625 0.1171875
2 0.4921875 0.88828125 0.27265625 0.12109375
2 0.8984375 0.08984375 0.1484375 0.0390625
2 0.7171875 0.946875 0.17578125 0.053125
2 0.8921875 0.946875 0.17578125 0.053125