2 0.1734375 0.16328125 0.1515625 0.0765625
2 0.97578125 0.28515625 0.04765625 0.046875
2 0.1359375 0.03671875 0.2484375 0.07265625
2 0.33984375 0.03671875 0.1625 0.07265625
2 0.528125 0.03671875 0.1765625 0.07265625
2 0.73671875 0.03671875 0.20390625 0.07265625
2 0.9390625 0.03671875 0.1 0.07265625
6 0.2703125 0.396875 0.32109375 0.078125
6 0.54375 0.396875 0.225 0.078125
2 0.7046875 0.396875 0.09765625 0.078125
2 0.240625 0.4828125 0.090625 0.02578125
2 0.35078125 0.4828125 0.0921875 0.02578125
2 0.46015625 0.4828125 0.090625 0.02578125
2 0.559375 0.4828125 0.06953125 0.02578125
2 0.6609375 0.4828125 0.09765625 0.02578125
2 0.7671875 0.4828125 0.07734375 0.02578125
2 0.6328125 0.7734375 0.18671875 0.215625
2 0.8515625 0.77421875 0.084375 0.16640625
2 0.76640625 0.7765625 0.0984375 0.27265625
2 0.215625 0.85703125 0.2140625 0.0546875