6 0.2703125 0.396875 0.321875 0.0796875
6 0.54453125 0.396875 0.22578125 0.0796875
2 0.70546875 0.396875 0.0984375 0.0796875
2 0.13671875 0.0375 0.25 0.07421875
2 0.33984375 0.0375 0.165625 0.07421875
2 0.52734375 0.0375 0.18046875 0.07421875
2 0.73828125 0.0375 0.20703125 0.07421875
2 0.93984375 0.0375 0.10078125 0.07421875
2 0.1734375 0.16328125 0.1515625 0.0765625
2 0.240625 0.4828125 0.09140625 0.0265625
2 0.35078125 0.4828125 0.09140625 0.0265625
2 0.46015625 0.4828125 0.09140625 0.0265625
2 0.55859375 0.4828125 0.06953125 0.0265625
2 0.6609375 0.4828125 0.0984375 0.0265625
2 0.7671875 0.4828125 0.0765625 0.0265625
2 0.97578125 0.2859375 0.0484375 0.0484375
2 0.21484375 0.85703125 0.2140625 0.05546875