2 0.96171875 0.03828125 0.0140625 0.0359375
2 0.09140625 0.1453125 0.1203125 0.0453125
2 0.19140625 0.1453125 0.06953125 0.0453125
2 0.25625 0.1453125 0.05078125 0.0453125
2 0.81875 0.1453125 0.06484375 0.0453125
2 0.9171875 0.1453125 0.103125 0.0484375
6 0.28984375 0.4703125 0.39921875 0.03125
6 0.28984375 0.4703125 0.39921875 0.03125
6 0.7296875 0.4703125 0.334375 0.03125
2 0.9375 0.4703125 0.0625 0.06015625
2 0.13828125 0.98828125 0.2140625 0.021875
2 0.3796875 0.98828125 0.2140625 0.021875
2 0.62109375 0.98828125 0.2140625 0.021875
2 0.86328125 0.98828125 0.2140625 0.021875