2 0.9171875 0.1453125 0.10234375 0.0484375
2 0.190625 0.14609375 0.06953125 0.046875
2 0.25625 0.14609375 0.05078125 0.046875
2 0.81875 0.14609375 0.065625 0.046875
2 0.09140625 0.14609375 0.1203125 0.046875
2 0.96171875 0.03828125 0.01484375 0.03515625
6 0.28984375 0.46953125 0.3984375 0.0296875
6 0.290625 0.46953125 0.3984375 0.0296875
6 0.72890625 0.46953125 0.33515625 0.0296875
2 0.9375 0.46953125 0.0625 0.05859375
2 0.1375 0.98828125 0.2125 0.0234375
2 0.37890625 0.98828125 0.2125 0.0234375
2 0.62109375 0.98828125 0.2125 0.0234375
2 0.8625 0.98828125 0.2125 0.0234375