2 0.5 0.0265625 1 0.053125
2 0.03359375 0.084375 0.02890625 0.03828125
2 0.109375 0.084375 0.06484375 0.03828125
2 0.18046875 0.084375 0.0765625 0.03828125
2 0.25 0.084375 0.06484375 0.03828125
6 0.796875 0.084375 0.06953125 0.06484375
2 0.85546875 0.084375 0.05078125 0.06484375
2 0.93984375 0.08515625 0.11796875 0.0671875
2 0.3078125 0.4125 0.5765625 0.53828125
2 0.0875 0.45078125 0.0984375 0.03359375
2 0.7984375 0.2859375 0.365625 0.09140625
2 0.7984375 0.390625 0.365625 0.09140625
2 0.7984375 0.51796875 0.365625 0.13671875
2 0.7984375 0.6453125 0.365625 0.09140625
2 0.7984375 0.7609375 0.365625 0.11328125