2 0.03515625 0.22265625 0.0703125 0.09609375
2 0.2359375 0.27890625 0.284375 0.21328125
2 0.53515625 0.27890625 0.28515625 0.21328125
2 0.834375 0.27890625 0.284375 0.21328125
2 0.03515625 0.31875 0.0703125 0.09609375
2 0.109375 0.03671875 0.078125 0.03125
2 0.665625 0.03671875 0.0640625 0.04140625
2 0.76015625 0.03671875 0.02421875 0.03125
2 0.80703125 0.03671875 0.02421875 0.03125
2 0.85390625 0.03671875 0.02421875 0.03125
2 0.9328125 0.03671875 0.103125 0.05234375
6 0.43828125 0.03671875 0.396875 0.0390625
2 0.0359375 0.03984375 0.04765625 0.0515625
2 0.03515625 0.415625 0.0703125 0.09609375
2 0.1109375 0.4265625 0.03515625 0.0484375
2 0.4109375 0.4265625 0.0359375 0.0484375
2 0.71015625 0.4265625 0.0359375 0.0484375
2 0.03515625 0.51171875 0.0703125 0.09609375
2 0.2359375 0.66796875 0.284375 0.21328125
2 0.53515625 0.66796875 0.28515625 0.21328125
2 0.834375 0.66796875 0.284375 0.21328125
2 0.1109375 0.815625 0.03515625 0.0484375
2 0.4109375 0.815625 0.0359375 0.0484375
2 0.71015625 0.815625 0.0359375 0.0484375
2 0.03515625 0.1265625 0.0703125 0.09609375