2 0.0515625 0.07421875 0.040625 0.0578125
6 0.24375 0.07578125 0.3125 0.0578125
2 0.41953125 0.0734375 0.040625 0.05546875
2 0.5 0.07421875 0.0984375 0.040625
2 0.93359375 0.07421875 0.10078125 0.0578125
2 0.03125 0.765625 0.01953125 0.03125
2 0.03125 0.803125 0.01953125 0.03125
2 0.03125 0.84140625 0.01953125 0.03125
2 0.03125 0.87890625 0.01953125 0.03125
2 0.225 0.765625 0.01953125 0.03125
2 0.225 0.803125 0.01953125 0.03125
2 0.225 0.84140625 0.01953125 0.03125
2 0.225 0.87890625 0.01953125 0.03125
2 0.41796875 0.765625 0.01953125 0.03125
2 0.41796875 0.803125 0.01953125 0.03125
2 0.41796875 0.84140625 0.01953125 0.03125
2 0.41796875 0.87890625 0.01953125 0.03125
2 0.61171875 0.765625 0.01953125 0.03125
2 0.61171875 0.803125 0.01953125 0.03125
2 0.61171875 0.84140625 0.01953125 0.03125
2 0.61171875 0.87890625 0.01953125 0.03125
2 0.80546875 0.765625 0.01953125 0.03125
2 0.80546875 0.803125 0.01953125 0.03125
2 0.80546875 0.84140625 0.01953125 0.03125
2 0.80546875 0.87890625 0.01953125 0.03125