2 0.7984375 0.38828125 0.37109375 0.4546875
2 0.4203125 0.0734375 0.040625 0.05625
2 0.5 0.075 0.09765625 0.040625
2 0.0515625 0.075 0.040625 0.05625
2 0.93359375 0.075 0.1015625 0.05625
6 0.24375 0.0765625 0.31171875 0.05625
2 0.225 0.765625 0.01953125 0.03125
2 0.03125 0.765625 0.01953125 0.03125
2 0.41796875 0.765625 0.01953125 0.03125
2 0.6109375 0.765625 0.01953125 0.03125
2 0.8046875 0.765625 0.01953125 0.03125
2 0.225 0.803125 0.01953125 0.03125
2 0.03125 0.803125 0.01953125 0.03125
2 0.41796875 0.803125 0.01953125 0.03125
2 0.6109375 0.803125 0.01953125 0.03125
2 0.8046875 0.803125 0.01953125 0.03125
2 0.225 0.84140625 0.01953125 0.03125
2 0.03125 0.84140625 0.01953125 0.03125
2 0.41796875 0.84140625 0.01953125 0.03125
2 0.6109375 0.84140625 0.01953125 0.03125
2 0.8046875 0.84140625 0.01953125 0.03125
2 0.225 0.87890625 0.01953125 0.03125
2 0.03125 0.87890625 0.01953125 0.03125
2 0.41796875 0.87890625 0.01953125 0.03125
2 0.6109375 0.87890625 0.01953125 0.03125
2 0.8046875 0.87890625 0.01953125 0.03125