2 0.12890625 0.0296875 0.1828125 0.059375
2 0.27890625 0.0328125 0.115625 0.0625
2 0.4421875 0.03359375 0.2140625 0.0625
2 0.63671875 0.03359375 0.17578125 0.0625
2 0.834375 0.0296875 0.11328125 0.0484375
6 0.2484375 0.36875 0.2953125 0.0625
6 0.5484375 0.36875 0.29296875 0.0625
2 0.803125 0.36875 0.18046875 0.0625
2 0.19609375 0.55390625 0.16328125 0.0484375
2 0.3546875 0.55390625 0.14921875 0.0484375
2 0.51328125 0.55390625 0.15859375 0.0484375
2 0.67578125 0.55390625 0.15859375 0.0484375
2 0.82109375 0.55390625 0.1296875 0.0484375
2 0.2125 0.62109375 0.1703125 0.0484375
2 0.38125 0.62109375 0.15859375 0.0484375
2 0.53515625 0.62109375 0.1390625 0.0484375
2 0.6828125 0.62109375 0.14921875 0.0484375
2 0.8171875 0.62109375 0.11328125 0.0484375
2 0.5 0.6828125 0.89921875 0.0265625