2 0.13046875 0.0296875 0.1828125 0.059375
2 0.834375 0.03046875 0.1109375 0.0484375
2 0.2796875 0.03203125 0.115625 0.0640625
2 0.44296875 0.0328125 0.2140625 0.0640625
2 0.63671875 0.0328125 0.17578125 0.0640625
2 0.9328125 0.034375 0.07578125 0.04609375
2 0.803125 0.36875 0.1796875 0.0625
6 0.2484375 0.36875 0.29375 0.0640625
6 0.5484375 0.36875 0.29375 0.0640625
2 0.19609375 0.5546875 0.16328125 0.046875
2 0.3546875 0.5546875 0.14921875 0.046875
2 0.5125 0.5546875 0.16015625 0.046875
2 0.675 0.5546875 0.15703125 0.046875
2 0.82109375 0.5546875 0.12890625 0.046875
2 0.2125 0.62109375 0.17109375 0.046875
2 0.38125 0.62109375 0.159375 0.046875
2 0.534375 0.62109375 0.13984375 0.046875
2 0.6828125 0.62109375 0.1484375 0.046875
2 0.8171875 0.62109375 0.1125 0.046875
2 0.290625 0.90546875 0.09140625 0.07578125
2 0.40390625 0.90859375 0.09375 0.07109375
2 0.7546875 0.9109375 0.1046875 0.0734375
2 0.88203125 0.9109375 0.11015625 0.07109375
2 0.5765625 0.91171875 0.21328125 0.059375
2 0.1421875 0.91328125 0.16796875 0.07109375