2 0.00703125 0.00859375 0.0140625 0.0171875
2 0.1984375 0.09375 0.09609375 0.084375
2 0.30390625 0.09375 0.115625 0.084375
2 0.415625 0.09375 0.1109375 0.084375
2 0.571875 0.09375 0.1109375 0.084375
2 0.796875 0.09375 0.06015625 0.084375
2 0.915625 0.0921875 0.14921875 0.04296875
2 0.9703125 0.17578125 0.021875 0.0265625
2 0.553125 0.81875 0.02421875 0.03828125
2 0.2234375 0.64921875 0.18984375 0.0765625
2 0.2140625 0.65 0.209375 0.01953125
2 0.90234375 0.94375 0.11796875 0.06015625
2 0.10234375 0.8859375 0.08671875 0.0265625
2 0.740625 0.9515625 0.06484375 0.04296875
2 0.8125 0.9515625 0.07421875 0.04296875
2 0.89453125 0.9515625 0.08203125 0.04296875
2 0.94921875 0.9328125 0.05546875 0.07421875